1 0.633359375 0.056953125 0.2365234375 0.11390625
1 0.47953125 0.58796875 0.263046875 0.2575
1 0.092890625 0.6209765625 0.1858203125 0.29921875
1 0.09265625 0.964609375 0.179375 0.0707421875
1 0.3055078125 0.9390234375 0.2396484375 0.121953125
1 0.9483203125 0.855625 0.1033984375 0.2120703125
0 0.11609375 0.836953125 0.2296875 0.2146875
0 0.805859375 0.3075 0.2386328125 0.2451953125
0 0.3059375 0.7440234375 0.245703125 0.2371875
0 0.5565625 0.9136328125 0.26171875 0.172734375
0 0.6223046875 0.750546875 0.2100390625 0.1720703125
0 0.8230078125 0.6871484375 0.2251953125 0.271015625
0 0.787421875 0.897734375 0.2581640625 0.19734375
0 0.91921875 0.4698828125 0.1615234375 0.2748046875
0 0.8584765625 0.126015625 0.283046875 0.246796875
0 0.296171875 0.1859375 0.265234375 0.2833203125
0 0.2770703125 0.537578125 0.19234375 0.2192578125