1 0.1102734375 0.3283203125 0.2205078125 0.2833984375
1 0.38796875 0.6344140625 0.27953125 0.300078125
1 0.5151171875 0.190703125 0.264765625 0.280703125
1 0.94203125 0.307265625 0.1159765625 0.283828125
0 0.0729296875 0.094296875 0.1458984375 0.18859375
0 0.2508203125 0.137734375 0.2552734375 0.2268359375
0 0.4241796875 0.0387109375 0.23484375 0.077421875
0 0.22328125 0.0267578125 0.1715234375 0.0526953125
0 0.668515625 0.065859375 0.2460546875 0.130859375
0 0.75359375 0.239765625 0.259921875 0.283359375
0 0.6125390625 0.463359375 0.2920703125 0.3225390625
0 0.3395703125 0.361328125 0.247890625 0.248671875
0 0.1297265625 0.5792578125 0.254453125 0.2679296875
0 0.0469140625 0.778125 0.093828125 0.2489453125
0 0.194609375 0.775078125 0.23921875 0.1820703125
0 0.493828125 0.8666796875 0.265625 0.2524609375
0 0.068359375 0.928828125 0.13078125 0.14234375
0 0.68609375 0.665234375 0.2594921875 0.1794140625
0 0.8735546875 0.528046875 0.2490625 0.2557421875
0 0.893828125 0.0908203125 0.2123046875 0.1816796875