1 0.7397265625 0.47015625 0.2451953125 0.284609375
1 0.2319921875 0.8258984375 0.256484375 0.2511328125
1 0.3358984375 0.93734375 0.2494921875 0.1252734375
0 0.138515625 0.2016015625 0.2453515625 0.2190234375
0 0.0569140625 0.379453125 0.1128515625 0.3180859375
0 0.1357421875 0.6040625 0.22859375 0.265078125
0 0.2501171875 0.4073828125 0.2676171875 0.245546875
0 0.5012109375 0.4464453125 0.2619921875 0.265078125
0 0.3603125 0.6291796875 0.2564453125 0.2566796875
0 0.6169921875 0.6801171875 0.25359375 0.2887890625
0 0.4628515625 0.8251953125 0.229921875 0.2218359375
0 0.8380859375 0.771484375 0.2409765625 0.2706640625
0 0.940390625 0.890625 0.1191796875 0.21875
0 0.9180859375 0.5615234375 0.163828125 0.283203125
0 0.07828125 0.8773828125 0.1565625 0.2452734375
0 0.6351171875 0.8976171875 0.2758984375 0.2048046875
0 0.814375 0.930390625 0.2130859375 0.13921875