1 0.1705859375 0.0390625 0.211875 0.078125
1 0.550703125 0.145078125 0.2494140625 0.2287890625
1 0.676953125 0.379453125 0.261953125 0.2706640625
1 0.4307421875 0.430390625 0.252265625 0.263671875
1 0.5283984375 0.67453125 0.266171875 0.2692578125
1 0.2501171875 0.8815625 0.2787890625 0.236875
0 0.0855078125 0.733828125 0.1700390625 0.2594921875
0 0.0496875 0.921328125 0.0994140625 0.1573828125
0 0.5012109375 0.891328125 0.21734375 0.21734375
0 0.727890625 0.8426171875 0.2577734375 0.2483203125
0 0.8762109375 0.939453125 0.2475390625 0.12109375
0 0.7711328125 0.6103515625 0.2242578125 0.23578125
0 0.9159765625 0.762421875 0.1680078125 0.244140625
0 0.9257421875 0.535703125 0.1484765625 0.265078125
0 0.8978515625 0.284609375 0.204296875 0.2734375
0 0.7704296875 0.15625 0.181015625 0.1785546875
0 0.7753125 0.0732421875 0.2661328125 0.146484375
0 0.30171875 0.18484375 0.3066796875 0.27484375
0 0.1448046875 0.3864453125 0.28859375 0.3152734375