1 0.1266796875 0.84890625 0.2467578125 0.2776171875
1 0.631640625 0.419921875 0.255 0.2594921875
1 0.323359375 0.0460546875 0.2494921875 0.0920703125
1 0.630234375 0.8384375 0.2661328125 0.2566796875
1 0.872734375 0.8761328125 0.25453125 0.245546875
1 0.930625 0.1046484375 0.1387109375 0.206484375
0 0.1224609375 0.40875 0.238359375 0.2790234375
0 0.059453125 0.6222265625 0.11890625 0.245546875
0 0.2501171875 0.6222265625 0.248125 0.245546875
0 0.37984375 0.841953125 0.2759765625 0.2469140625
0 0.285 0.9659765625 0.2201953125 0.0680859375
0 0.493515625 0.6187109375 0.2522265625 0.2580859375
0 0.736953125 0.6375390625 0.2480078125 0.2371484375
0 0.243125 0.1987890625 0.2704296875 0.2497265625
0 0.37078125 0.412265625 0.2578515625 0.2301953125
0 0.506796875 0.1911328125 0.2396875 0.226015625
0 0.5841796875 0.048828125 0.282890625 0.09765625
0 0.872734375 0.4555078125 0.25453125 0.263671875
0 0.790625 0.1918359375 0.3246875 0.2915625
0 0.102265625 0.056484375 0.1895703125 0.1130078125
0 0.0573828125 0.1883203125 0.1147265625 0.203671875
0 0.6727734375 0.97640625 0.1894140625 0.0471484375