1 0.34390625 0.224609375 0.2553125 0.245546875
1 0.810546875 0.284609375 0.2594921875 0.265078125
1 0.956875 0.2316015625 0.0862109375 0.234375
1 0.9366796875 0.6501171875 0.1266796875 0.167421875
1 0.39203125 0.8976171875 0.265078125 0.2048046875
0 0.0732421875 0.6305859375 0.1408984375 0.2706640625
0 0.107421875 0.1730078125 0.21484375 0.2957421875
0 0.038359375 0.4025 0.07671875 0.1911328125
0 0.193203125 0.4366796875 0.2273828125 0.2566796875
0 0.4248046875 0.456875 0.23578125 0.23296875
0 0.2804296875 0.655 0.2594921875 0.2553125
0 0.1353125 0.881015625 0.245546875 0.23578125
0 0.53921875 0.6480078125 0.2525 0.2664453125
0 0.5789453125 0.28390625 0.2371484375 0.294375
0 0.49734375 0.07671875 0.2497265625 0.1423046875
0 0.251796875 0.057890625 0.2413671875 0.1130078125
0 0.7484765625 0.0837109375 0.2580859375 0.167421875
0 0.9443359375 0.057890625 0.111328125 0.11578125
0 0.7303125 0.49875 0.2664453125 0.2273828125
0 0.9262109375 0.4555078125 0.1476171875 0.2301953125
0 0.7763671875 0.7268359375 0.2469140625 0.245546875
0 0.627109375 0.8969140625 0.23578125 0.2062109375
0 0.83984375 0.930390625 0.245546875 0.13921875
0 0.94015625 0.861328125 0.1196875 0.27734375