0 0.1297265625 0.116484375 0.2176171875 0.2218359375
0 0.1604296875 0.350859375 0.2204296875 0.2190234375
0 0.0627734375 0.4833984375 0.108828125 0.21625
0 0.1994921875 0.5796484375 0.226015625 0.2413671875
0 0.3578515625 0.2211328125 0.2273828125 0.205078125
0 0.3815625 0.4478125 0.224609375 0.2399609375
0 0.40875 0.7561328125 0.29296875 0.2901953125
0 0.1318359375 0.7847265625 0.2190234375 0.2273828125
0 0.0509375 0.9178125 0.1018359375 0.1643359375
0 0.254609375 0.93109375 0.2525 0.1378515625
0 0.5022265625 0.9533984375 0.223203125 0.093203125
0 0.9066796875 0.91015625 0.1866796875 0.1796875
0 0.5538671875 0.096953125 0.2176171875 0.1799609375
0 0.7673046875 0.1213671875 0.226015625 0.2316015625
0 0.6103515625 0.34390625 0.2776171875 0.3055078125
0 0.8384375 0.3550390625 0.226015625 0.2469140625
0 0.9359765625 0.1394921875 0.1280859375 0.25390625
0 0.879453125 0.5831640625 0.2410546875 0.2566796875
1 0.664765625 0.622890625 0.23296875 0.23578125
1 0.830078125 0.791015625 0.2092578125 0.203671875
1 0.3348046875 0.0732421875 0.2399609375 0.146484375
0 0.663359375 0.829375 0.2497265625 0.2553125