1 0.197421875 0.1004296875 0.224609375 0.2008984375
1 0.4248046875 0.1101953125 0.244140625 0.2204296875
1 0.6821875 0.42828125 0.2399609375 0.226015625
1 0.9478125 0.4736328125 0.1043359375 0.2078515625
1 0.7254296875 0.87875 0.2985546875 0.2424609375
1 0.8564453125 0.2385546875 0.287109375 0.3348046875
0 0.294375 0.4562109375 0.234375 0.223203125
0 0.5022265625 0.5538671875 0.226015625 0.226015625
0 0.4778125 0.33203125 0.2413671875 0.2371484375
0 0.0620703125 0.174375 0.11859375 0.2511328125
0 0.066953125 0.420625 0.1339453125 0.2580859375
0 0.2190234375 0.2692578125 0.2371484375 0.2287890625
0 0.2566796875 0.8133203125 0.2287890625 0.245546875
0 0.498046875 0.8077734375 0.21484375 0.223203125
0 0.70453125 0.6598828125 0.234375 0.1953125
0 0.9059765625 0.7470703125 0.188046875 0.2413671875
0 0.0753515625 0.7589453125 0.1506640625 0.223203125
0 0.6187109375 0.2190234375 0.2190234375 0.1925390625