1 0.6134765625 0.7561328125 0.31078125 0.301328125
1 0.93203125 0.4757421875 0.1359375 0.265078125
1 0.9655078125 0.9164453125 0.068984375 0.1671484375
1 0.6239453125 0.0230078125 0.206171875 0.0460546875
0 0.06390625 0.128359375 0.115625 0.2566796875
0 0.2298828125 0.0558203125 0.216015625 0.1116015625
0 0.2319921875 0.226015625 0.253671875 0.223203125
0 0.0615625 0.38015625 0.123125 0.31109375
0 0.125703125 0.684296875 0.25140625 0.31109375
0 0.3603125 0.7303125 0.2369140625 0.2692578125
0 0.252890625 0.4436328125 0.2425390625 0.2594921875
0 0.4537890625 0.2880859375 0.2452734375 0.2525
0 0.42796875 0.0941796875 0.249453125 0.1827734375
0 0.4921484375 0.5245703125 0.2438671875 0.2371484375
0 0.6546484375 0.155546875 0.273125 0.2469140625
0 0.849921875 0.078828125 0.2284375 0.15484375
0 0.9683203125 0.0746484375 0.0633984375 0.1492578125
0 0.8797265625 0.2399609375 0.2405859375 0.206484375
0 0.866953125 0.83078125 0.26609375 0.2497265625
0 0.8073828125 0.5901171875 0.2466015625 0.21484375
0 0.66578125 0.3955078125 0.261953125 0.2580859375
0 0.62953125 0.9478125 0.2703515625 0.1043359375
0 0.851328125 0.96875 0.178203125 0.0625
0 0.953671875 0.711484375 0.0926953125 0.2176171875