1 0.213828125 0.4129296875 0.2537109375 0.2399609375
1 0.1048046875 0.606875 0.2095703125 0.2371484375
1 0.76203125 0.818203125 0.239609375 0.2385546875
1 0.934140625 0.8070703125 0.1317578125 0.23578125
1 0.0643359375 0.0620703125 0.128671875 0.1241796875
1 0.25359375 0.0641796875 0.2578515625 0.128359375
0 0.11734375 0.20296875 0.2346875 0.2218359375
0 0.048984375 0.3878515625 0.0980078125 0.2316015625
0 0.054140625 0.8063671875 0.107265625 0.2511328125
0 0.2103515625 0.8878515625 0.2327734375 0.2243359375
0 0.3756640625 0.9652734375 0.2006640625 0.0694921875
0 0.311484375 0.681484375 0.234140625 0.23578125
0 0.5374609375 0.7477734375 0.264765625 0.2566796875
0 0.6037109375 0.9345703125 0.2605859375 0.130859375
0 0.8380859375 0.9596875 0.2130859375 0.080625
0 0.3826171875 0.223203125 0.270390625 0.284609375
0 0.5598046875 0.597109375 0.01140625 0.0027734375
0 0.4384375 0.4855078125 0.2341015625 0.25390625
0 0.648359375 0.5441015625 0.221484375 0.223203125
0 0.8631640625 0.6124609375 0.2326171875 0.2566796875
0 0.6044140625 0.331328125 0.21734375 0.2218359375
0 0.814375 0.39203125 0.2075 0.203671875
0 0.953671875 0.4150390625 0.0926953125 0.2301953125
0 0.8978515625 0.236484375 0.204296875 0.2301953125
0 0.7480859375 0.1806640625 0.203359375 0.2023046875
0 0.465625 0.0551171875 0.2048046875 0.1101953125
0 0.5967578125 0.12625 0.2215234375 0.1994921875
0 0.6748828125 0.0516015625 0.2075390625 0.1032421875
0 0.918984375 0.095546875 0.157265625 0.15484375
0 0.9766796875 0.960390625 0.046640625 0.0792578125