1 0.069765625 0.2204296875 0.1394921875 0.265078125
1 0.193203125 0.08859375 0.2413671875 0.1771875
1 0.235078125 0.2866796875 0.2497265625 0.2553125
1 0.5922265625 0.2566796875 0.2664453125 0.2594921875
1 0.927578125 0.212734375 0.1448046875 0.283203125
1 0.733828125 0.027890625 0.2008984375 0.0558203125
0 0.164609375 0.4541015625 0.2204296875 0.2106640625
0 0.175078125 0.682890625 0.2273828125 0.2385546875
0 0.4025 0.703125 0.2301953125 0.21484375
0 0.4841015625 0.4422265625 0.234375 0.2120703125
0 0.6082421875 0.6459375 0.245546875 0.2511328125
0 0.244140625 0.89828125 0.2594921875 0.2033984375
0 0.0634765625 0.8447265625 0.126953125 0.244140625
0 0.5343359375 0.8914453125 0.304140625 0.2120703125
0 0.7687109375 0.7937890625 0.2371484375 0.21484375
0 0.8035546875 0.949375 0.2204296875 0.0990625
0 0.9045703125 0.421328125 0.190859375 0.21484375