1 0.8469140625 0.3955078125 0.3061328125 0.3194921875
1 0.6916015625 0.89078125 0.280078125 0.21625
1 0.9069140625 0.9331640625 0.186171875 0.1336328125
1 0.607890625 0.0641796875 0.2494140625 0.128359375
1 0.8471484375 0.10671875 0.259140625 0.2134375
0 0.08109375 0.089296875 0.1621484375 0.1785546875
0 0.2305859375 0.1590234375 0.2453125 0.2008984375
0 0.3240234375 0.039765625 0.250859375 0.07953125
0 0.4419140625 0.1534765625 0.2550390625 0.223203125
0 0.656015625 0.2406640625 0.242421875 0.23578125
0 0.04203125 0.293671875 0.0840625 0.263671875
0 0.1524609375 0.3278515625 0.1588671875 0.1785546875
0 0.3561328125 0.3648046875 0.2815625 0.27484375
0 0.598125 0.4722265625 0.2773046875 0.2525
0 0.0273828125 0.53640625 0.054765625 0.2134375
0 0.1636328125 0.5405859375 0.248125 0.2664453125
0 0.398671875 0.5984765625 0.2662109375 0.2483203125
0 0.059453125 0.7680078125 0.11890625 0.27203125
0 0.225703125 0.789609375 0.24671875 0.262265625
0 0.448203125 0.8962109375 0.2843359375 0.207578125
0 0.589765625 0.715 0.255 0.2413671875
0 0.8555078125 0.685 0.28703125 0.2901953125