1 0.84625 0.108125 0.3075390625 0.21625
1 0.4440234375 0.3076171875 0.25921875 0.263671875
1 0.1929296875 0.5517578125 0.2537109375 0.2385546875
1 0.2856640625 0.9129296875 0.3052734375 0.1741015625
1 0.7885546875 0.9150390625 0.2647265625 0.169921875
1 0.884609375 0.8363671875 0.2308203125 0.2664453125
0 0.12640625 0.06625 0.23609375 0.1325390625
0 0.0538671875 0.1694921875 0.1077734375 0.244140625
0 0.350546875 0.10953125 0.26203125 0.2190234375
0 0.19640625 0.2915625 0.2634765625 0.2734375
0 0.0525 0.430390625 0.1049609375 0.3362109375
0 0.063203125 0.6640625 0.11703125 0.2706640625
0 0.07296875 0.8850390625 0.1393359375 0.229921875
0 0.20546875 0.7540625 0.2062890625 0.205078125
0 0.4035546875 0.7366015625 0.211796875 0.2092578125
0 0.630234375 0.449921875 0.2382421875 0.2469140625
0 0.4335546875 0.5196875 0.2633984375 0.2134375
0 0.64140625 0.6870703125 0.2410546875 0.263671875
0 0.8269140625 0.565703125 0.2354296875 0.2580859375
0 0.9487890625 0.642421875 0.1024609375 0.1994921875
0 0.8345703125 0.322265625 0.256328125 0.2511328125
0 0.9550390625 0.43875 0.0898828125 0.2497265625
0 0.961328125 0.244140625 0.07734375 0.2371484375
0 0.6246484375 0.216953125 0.2577734375 0.2218359375
0 0.579296875 0.0551171875 0.2424609375 0.107421875
0 0.5367578125 0.8843359375 0.2633984375 0.2312890625