1 0.41890625 0.060703125 0.248046875 0.11859375
1 0.4112109375 0.23578125 0.2271484375 0.25390625
1 0.2968359375 0.66265625 0.28296875 0.2706640625
1 0.9166796875 0.430390625 0.166640625 0.244140625
1 0.8978515625 0.6891796875 0.204296875 0.2511328125
1 0.410546875 0.96875 0.2341015625 0.0625
0 0.115234375 0.52734375 0.2305078125 0.2734375
0 0.030859375 0.7073046875 0.0617578125 0.1534765625
0 0.0834375 0.8871484375 0.163046875 0.2257421875
0 0.2515234375 0.8948046875 0.2230078125 0.2048046875
0 0.4719140625 0.8244921875 0.1978515625 0.234375
0 0.6434765625 0.9226953125 0.2117578125 0.1545703125
0 0.6846484375 0.75125 0.2270703125 0.2190234375
0 0.8776171875 0.9040234375 0.244765625 0.1813671875
0 0.5346875 0.597109375 0.236875 0.2008984375
0 0.407734375 0.456875 0.2257421875 0.2023046875