1 0.4750390625 0.0690625 0.2804296875 0.138125
1 0.51546875 0.2985546875 0.35296875 0.3180859375
1 0.136015625 0.5894140625 0.2385546875 0.224609375
1 0.2992578125 0.7861328125 0.2664453125 0.2525
1 0.0913671875 0.7966015625 0.1827734375 0.2399609375
1 0.948515625 0.2985546875 0.10296875 0.2594921875
0 0.0830078125 0.1137109375 0.166015625 0.224609375
0 0.2734375 0.1199609375 0.2204296875 0.21484375
0 0.1918359375 0.3557421875 0.263671875 0.2594921875
0 0.7882421875 0.3473828125 0.2287890625 0.2511328125
0 0.6382421875 0.5378125 0.2525 0.2413671875
0 0.3836328125 0.5398828125 0.2566796875 0.2762109375
0 0.555234375 0.74984375 0.2594921875 0.2301953125
0 0.7944921875 0.705234375 0.2273828125 0.23578125
0 0.9136328125 0.5510546875 0.1726953125 0.2762109375
0 0.2001953125 0.9415625 0.2553125 0.1169140625
0 0.451328125 0.928984375 0.2525 0.14203125
0 0.8021875 0.9115625 0.284609375 0.1769140625
0 0.750546875 0.115078125 0.3097265625 0.224609375
0 0.9478125 0.0934765625 0.1043359375 0.186953125