1 0.5003515625 0.2410546875 0.235234375 0.2425390625
1 0.0657421875 0.4616015625 0.1255859375 0.2565625
1 0.0865625 0.9068359375 0.1672265625 0.1721875
1 0.8603515625 0.03828125 0.247734375 0.0713671875
0 0.09046875 0.0821484375 0.1663671875 0.150390625
0 0.110234375 0.2499609375 0.1928125 0.1691796875
0 0.2946484375 0.15703125 0.1571875 0.2194921875
0 0.3074609375 0.419296875 0.24265625 0.20921875
0 0.075078125 0.706484375 0.1485546875 0.218515625
0 0.17921875 0.5519140625 0.0964453125 0.1003125
0 0.2491015625 0.6851953125 0.140703125 0.1498828125
0 0.3975 0.612265625 0.142421875 0.142890625
0 0.5159765625 0.4429296875 0.16234375 0.151484375
0 0.470859375 0.0556640625 0.1866796875 0.10609375
0 0.6984765625 0.0682421875 0.1583984375 0.1226171875
0 0.690859375 0.2221484375 0.1249609375 0.1656640625