1 0.3533203125 0.353671875 0.2592578125 0.2692578125
1 0.0252734375 0.2573828125 0.0505859375 0.2413671875
1 0.12875 0.3515625 0.2341796875 0.223203125
1 0.4014453125 0.6403515625 0.2550390625 0.2316015625
1 0.41609375 0.8662109375 0.2536328125 0.267578125
1 0.65953125 0.9025 0.263359375 0.1950390625
0 0.0657421875 0.5559375 0.123125 0.2580859375
0 0.2215234375 0.55734375 0.2327734375 0.23296875
0 0.1929296875 0.7861328125 0.256484375 0.2664453125
0 0.0455078125 0.79171875 0.091015625 0.2497265625
0 0.5500390625 0.4659765625 0.2508203125 0.2566796875
0 0.628125 0.6982421875 0.25359375 0.2469140625
0 0.782265625 0.528046875 0.260546875 0.244140625
0 0.8296875 0.7980078125 0.2326171875 0.226015625
0 0.8631640625 0.94921875 0.235390625 0.1015625
0 0.962734375 0.8475 0.0745703125 0.1883203125
0 0.753671875 0.29296875 0.2284375 0.223203125
0 0.9250390625 0.3648046875 0.1498828125 0.263671875
0 0.93015625 0.6312890625 0.129375 0.263671875
0 0.5346875 0.2225 0.2424609375 0.2469140625
0 0.1238671875 0.12765625 0.2327734375 0.2497265625
0 0.2884765625 0.0223046875 0.2104296875 0.0446484375
0 0.3456640625 0.1408984375 0.2104296875 0.2204296875
0 0.5046875 0.0516015625 0.2633984375 0.1032421875
0 0.7194921875 0.096953125 0.2270703125 0.19390625
0 0.910390625 0.1241796875 0.1791796875 0.2483203125