1 0.0927734375 0.535 0.185546875 0.2413671875
1 0.4143359375 0.089296875 0.323671875 0.17578125
1 0.4233984375 0.292265625 0.2915625 0.23578125
1 0.478515625 0.508515625 0.2511328125 0.185546875
1 0.655 0.62640625 0.23578125 0.223203125
1 0.4025 0.71359375 0.2971484375 0.23578125
1 0.440859375 0.9136328125 0.2873828125 0.1726953125
1 0.6780078125 0.03140625 0.2287890625 0.0627734375
0 0.8237890625 0.93109375 0.23296875 0.1378515625
0 0.684296875 0.4157421875 0.2525 0.203671875
0 0.67171875 0.8523828125 0.2469140625 0.223203125
0 0.0460546875 0.1430078125 0.0920703125 0.2078515625
0 0.047421875 0.323671875 0.0948828125 0.1953125
1 0.9659765625 0.938046875 0.0680859375 0.1238671875