1 0.1103515625 0.4931640625 0.2207421875 0.2469140625
1 0.3547265625 0.138125 0.2815625 0.262265625
1 0.4712109375 0.3215625 0.2578125 0.263671875
1 0.6608984375 0.744296875 0.3051953125 0.283203125
1 0.8866796875 0.3634375 0.226640625 0.31390625
1 0.9257421875 0.898984375 0.1484765625 0.2019921875
0 0.07828125 0.24625 0.1565625 0.23296875
0 0.0559765625 0.07046875 0.111953125 0.1408984375
0 0.04203125 0.6891796875 0.0840625 0.1925390625
0 0.0845703125 0.88796875 0.169140625 0.2134375
0 0.2898828125 0.9066796875 0.2606640625 0.1866796875
0 0.5409375 0.9296875 0.2633984375 0.140625