1 0.157109375 0.1520703125 0.3141796875 0.304140625
1 0.5388671875 0.4066796875 0.2787109375 0.2692578125
1 0.4314453125 0.8836328125 0.2759765625 0.2326953125
0 0.3142578125 0.6208203125 0.3066796875 0.284609375
1 0.5862890625 0.04671875 0.2982421875 0.0934765625
0 0.0852734375 0.398984375 0.170546875 0.25390625
0 0.2898828125 0.368984375 0.2773828125 0.23578125
0 0.41609375 0.1499609375 0.267578125 0.2385546875
0 0.579296875 0.6759375 0.3121875 0.2804296875
0 0.6839453125 0.900390625 0.2842578125 0.19921875
0 0.7983203125 0.4715234375 0.275859375 0.2594921875
0 0.8566796875 0.71078125 0.2866015625 0.2525
0 0.67625 0.1980859375 0.260546875 0.2566796875
0 0.8825 0.2692578125 0.2266015625 0.1953125
0 0.852734375 0.0844140625 0.181015625 0.1687890625
0 0.95921875 0.158359375 0.0815234375 0.185546875
0 0.95921875 0.4548046875 0.0815234375 0.2566796875