1 0.086484375 0.039765625 0.1730078125 0.07953125
1 0.1220703125 0.2078515625 0.244140625 0.2371484375
1 0.3069140625 0.0927734375 0.2678515625 0.185546875
1 0.828671875 0.197421875 0.2790234375 0.263671875
1 0.18484375 0.66546875 0.2664453125 0.2734375
1 0.421328125 0.8070703125 0.2957421875 0.2664453125
1 0.5978125 0.92828125 0.2859765625 0.1433984375
0 0.51546875 0.03 0.174375 0.0544140625
0 0.5908203125 0.14859375 0.2190234375 0.2134375
0 0.204375 0.4178125 0.2580859375 0.224609375
0 0.0523046875 0.5426953125 0.1046484375 0.2901953125
0 0.0641796875 0.7980078125 0.128359375 0.2316015625
0 0.4136328125 0.2901953125 0.2887890625 0.2399609375
0 0.4429296875 0.5510546875 0.2859765625 0.242734375
0 0.685703125 0.4157421875 0.3166796875 0.3097265625
0 0.654296875 0.6905859375 0.245546875 0.245546875
0 0.7477734375 0.039765625 0.2316015625 0.07953125
0 0.9533984375 0.11578125 0.093203125 0.2316015625
0 0.92203125 0.38921875 0.1559765625 0.2204296875
0 0.88921875 0.6194140625 0.2215234375 0.245546875
0 0.8426171875 0.8725 0.2734375 0.2550390625
1 0.9743359375 0.821015625 0.051328125 0.21625
0 0.19671875 0.908046875 0.265078125 0.1838671875