1 0.125 0.0753515625 0.25 0.1506640625
1 0.73484375 0.117890625 0.277265625 0.23578125
1 0.5667578125 0.0265234375 0.1922265625 0.0530078125
1 0.042265625 0.498046875 0.08078125 0.2873828125
1 0.271015625 0.869140625 0.3066796875 0.25390625
1 0.9655078125 0.4855078125 0.068984375 0.2399609375
0 0.0759375 0.2601953125 0.1519140625 0.2580859375
0 0.1838671875 0.457578125 0.24953125 0.2901953125
0 0.2703515625 0.2106640625 0.24390625 0.226015625
0 0.4133203125 0.3857421875 0.27875 0.294375
0 0.369375 0.0446484375 0.2466796875 0.089296875
0 0.4976953125 0.154140625 0.229921875 0.21625
0 0.6734765625 0.3452734375 0.27171875 0.2692578125
0 0.1012890625 0.693359375 0.2026171875 0.2316015625
0 0.3373046875 0.6508203125 0.2299609375 0.19671875
0 0.0678125 0.888671875 0.1356640625 0.21484375
0 0.57234375 0.595703125 0.264765625 0.234375
0 0.513046875 0.829375 0.266171875 0.2273828125
0 0.44609375 0.96875 0.1992578125 0.0625
0 0.649765625 0.9555078125 0.23546875 0.0890234375
0 0.73625 0.792421875 0.22984375 0.242734375
0 0.881328125 0.9262109375 0.2326171875 0.1476171875
0 0.9194921875 0.059296875 0.1610546875 0.11859375
0 0.8276171875 0.54828125 0.278671875 0.281796875
0 0.901328125 0.2525 0.1973046875 0.2706640625
0 0.931328125 0.74984375 0.13734375 0.23296875