1 0.949921875 0.1771875 0.10015625 0.234375
1 0.7784765625 0.9715234375 0.223203125 0.0569140625
1 0.2915625 0.97640625 0.21484375 0.0471484375
0 0.1904296875 0.1318359375 0.2804296875 0.2469140625
0 0.4596875 0.205078125 0.2887890625 0.284609375
0 0.256015625 0.398984375 0.3083203125 0.2790234375
0 0.050234375 0.2776171875 0.1004296875 0.245546875
0 0.0620703125 0.5224609375 0.1241796875 0.2301953125
0 0.066953125 0.7756640625 0.1311328125 0.284609375
0 0.2483203125 0.666171875 0.245546875 0.2692578125
0 0.4938671875 0.616640625 0.265078125 0.2762109375
0 0.4115625 0.8745703125 0.2371484375 0.2508203125
0 0.086484375 0.96109375 0.1701953125 0.0778515625
0 0.206484375 0.8858984375 0.186953125 0.1701953125
0 0.5817578125 0.9722265625 0.1730078125 0.0555078125
0 0.6508203125 0.8370703125 0.23578125 0.206484375
0 0.6215234375 0.39203125 0.244140625 0.25390625
0 0.624296875 0.066953125 0.2553125 0.128359375
0 0.779140625 0.196015625 0.2553125 0.2497265625
0 0.761015625 0.6110546875 0.2525 0.2706640625
0 0.8878515625 0.8544921875 0.2243359375 0.23578125
0 0.947109375 0.613125 0.1057421875 0.2413671875
0 0.882265625 0.4045703125 0.2355078125 0.2566796875
0 0.8754296875 0.048828125 0.21625 0.09765625