1 0.6319921875 0.408046875 0.2706640625 0.2804296875
1 0.24203125 0.7240625 0.2413671875 0.245546875
0 0.116484375 0.90109375 0.23296875 0.1978125
0 0.3334375 0.9012109375 0.206484375 0.1897265625
0 0.2476171875 0.4729296875 0.244140625 0.25390625
0 0.066953125 0.6940625 0.1339453125 0.2692578125
0 0.4778125 0.6005859375 0.2525 0.2915625
0 0.5601171875 0.8663671875 0.27484375 0.242734375
0 0.7261328125 0.672421875 0.23578125 0.245546875
0 0.8056640625 0.8969140625 0.2134375 0.2062109375
0 0.927578125 0.6808203125 0.1448046875 0.2287890625
0 0.0711328125 0.4359765625 0.128359375 0.2664453125
0 0.586640625 0.177890625 0.1883203125 0.19671875