1 0.232265625 0.7784765625 0.2859765625 0.2594921875
1 0.568515625 0.0718359375 0.2692578125 0.1437109375
1 0.8363671875 0.8370703125 0.27484375 0.265078125
0 0.4778125 0.2399609375 0.2608984375 0.2399609375
0 0.176484375 0.5238671875 0.2692578125 0.23296875
0 0.4464453125 0.556640625 0.245546875 0.284609375
0 0.5398828125 0.8363671875 0.3152734375 0.3194921875
0 0.0927734375 0.896328125 0.185546875 0.1994921875
0 0.624296875 0.4136328125 0.2413671875 0.224609375
0 0.7261328125 0.622890625 0.2859765625 0.2413671875
0 0.859921875 0.3969140625 0.2801171875 0.2580859375
0 0.9345703125 0.6417578125 0.130859375 0.2734375
0 0.741484375 0.1890234375 0.2887890625 0.2497265625
0 0.9338671875 0.19390625 0.132265625 0.223203125
0 0.290859375 0.9533984375 0.2301953125 0.093203125
0 0.8230859375 0.04953125 0.242734375 0.0990625
0 0.721953125 0.9645703125 0.2218359375 0.070859375