1 0.3836328125 0.09 0.25390625 0.1799609375
1 0.4436328125 0.3173828125 0.284609375 0.27203125
1 0.6598828125 0.235078125 0.2594921875 0.2525
1 0.751953125 0.0711328125 0.25390625 0.1423046875
1 0.93109375 0.078125 0.1378515625 0.1534765625
1 0.7875390625 0.8266015625 0.2525 0.2497265625
1 0.84125 0.9736328125 0.2176171875 0.052734375
1 0.048125 0.763828125 0.09625 0.2804296875
1 0.175078125 0.7282421875 0.174375 0.1897265625
0 0.0718359375 0.099765625 0.1437109375 0.1994921875
0 0.059296875 0.302734375 0.11859375 0.206484375
0 0.2001953125 0.4129296875 0.2273828125 0.2176171875
0 0.0641796875 0.5196875 0.128359375 0.2218359375
0 0.574765625 0.7094140625 0.2678515625 0.2553125
0 0.3543359375 0.762421875 0.242734375 0.263671875
0 0.1604296875 0.91015625 0.226015625 0.1796875
0 0.3843359375 0.949921875 0.2134375 0.10015625
0 0.6082421875 0.93734375 0.25390625 0.1252734375
0 0.8941015625 0.2071875 0.2117578125 0.1883203125
0 0.9150390625 0.439453125 0.169921875 0.2790234375
0 0.79171875 0.595 0.2497265625 0.21625
0 0.3955078125 0.55875 0.244140625 0.2134375
0 0.9526953125 0.88296875 0.0945703125 0.2341015625
0 0.940859375 0.673828125 0.1183203125 0.17578125