1 0.1199609375 0.2016015625 0.2399609375 0.3696875
1 0.4031640625 0.1339453125 0.304140625 0.2678515625
1 0.8251953125 0.3662109375 0.31109375 0.31390625
1 0.606171875 0.0551171875 0.2580859375 0.1101953125
0 0.146484375 0.4736328125 0.234375 0.263671875
0 0.0460546875 0.663359375 0.0808984375 0.2608984375
0 0.1953125 0.7303125 0.226015625 0.2497265625
0 0.3348046875 0.8864453125 0.234375 0.227109375
0 0.0690625 0.8955078125 0.138125 0.208984375
0 0.3271484375 0.3390234375 0.2106640625 0.226015625
0 0.509921875 0.42828125 0.2218359375 0.2316015625
0 0.35296875 0.5929296875 0.2092578125 0.2399609375
0 0.518984375 0.685 0.226015625 0.206484375
0 0.682890625 0.5817578125 0.19671875 0.2204296875
0 0.61453125 0.2225 0.23296875 0.23578125