1 0.8905859375 0.655703125 0.218828125 0.2575390625
1 0.695859375 0.8734375 0.2538671875 0.252890625
1 0.8992578125 0.895625 0.201484375 0.20875
1 0.521640625 0.4342578125 0.2517578125 0.20359375
0 0.1779296875 0.4325390625 0.25875 0.2174609375
0 0.0633984375 0.5996875 0.126796875 0.272265625
0 0.1282421875 0.8362890625 0.250546875 0.2611328125
0 0.11390625 0.9635546875 0.178515625 0.0729296875
0 0.2762109375 0.9223046875 0.138515625 0.155390625
0 0.432421875 0.85828125 0.2773828125 0.2834375
0 0.368203125 0.5983984375 0.27390625 0.2540234375
0 0.6194921875 0.6400390625 0.24 0.2505859375
0 0.959609375 0.4833203125 0.0808203125 0.1541015625
0 0.775078125 0.48765625 0.2377734375 0.2079296875
0 0.026953125 0.3908203125 0.05390625 0.1514453125