1 0.18453125 0.24203125 0.2620703125 0.283203125
1 0.6623046875 0.693359375 0.3135546875 0.3180859375
1 0.7320703125 0.11578125 0.2633203125 0.2316015625
1 0.8880859375 0.2566796875 0.223828125 0.3097265625
0 0.0841015625 0.0718359375 0.1672265625 0.1437109375
0 0.127109375 0.6570703125 0.25421875 0.2204296875
0 0.03390625 0.212734375 0.0640234375 0.2023046875
0 0.071328125 0.4478125 0.1426171875 0.3348046875
0 0.2773046875 0.4729296875 0.3359765625 0.2762109375
0 0.3958984375 0.6766015625 0.2578515625 0.2483203125
0 0.2891796875 0.0816015625 0.2704296875 0.1632421875
0 0.493515625 0.080234375 0.249453125 0.1604296875
0 0.4209765625 0.2511328125 0.28015625 0.2566796875
0 0.646953125 0.3369140625 0.2661328125 0.2469140625
0 0.52140625 0.5112890625 0.2438671875 0.2664453125
0 0.8157421875 0.46734375 0.277265625 0.2790234375
0 0.9166796875 0.047421875 0.166640625 0.0948828125