1 0.0755078125 0.427578125 0.151015625 0.2497265625
1 0.17828125 0.0753515625 0.257890625 0.1506640625
1 0.839453125 0.5622265625 0.2716796875 0.2594921875
1 0.8248046875 0.8042578125 0.24796875 0.2413671875
1 0.784375 0.9631640625 0.2061328125 0.073671875
1 0.4900390625 0.781953125 0.1755078125 0.1827734375
1 0.9543359375 0.0913671875 0.0912890625 0.1827734375
0 0.0434375 0.1911328125 0.0868359375 0.2008984375
0 0.2208203125 0.2699609375 0.26765625 0.2580859375
0 0.2424609375 0.498046875 0.2104296875 0.206484375
0 0.0841015625 0.682890625 0.1672265625 0.2859765625
0 0.0280859375 0.949921875 0.056171875 0.10015625
0 0.1678125 0.9143359375 0.2453515625 0.171328125
0 0.2821875 0.7351953125 0.2397265625 0.242734375
0 0.4084375 0.938046875 0.2215625 0.1238671875
0 0.61 0.89703125 0.1838671875 0.2008984375
0 0.9426953125 0.9284375 0.1126171875 0.1325390625
0 0.958046875 0.751953125 0.079140625 0.186953125
0 0.466328125 0.537109375 0.2396875 0.2873828125
0 0.648359375 0.685 0.185234375 0.206484375
0 0.4614453125 0.2971484375 0.21875 0.2120703125
0 0.4175 0.086484375 0.2090234375 0.1730078125
0 0.669296875 0.4066796875 0.2075390625 0.2413671875
0 0.651171875 0.1527734375 0.2494140625 0.2525
0 0.8901953125 0.2873828125 0.2196484375 0.2762109375