1 0.1733984375 0.1011328125 0.278828125 0.1994921875
1 0.1615234375 0.8871484375 0.2606640625 0.2257421875
1 0.02109375 0.9165625 0.0422265625 0.1618359375
1 0.705546875 0.5594140625 0.29125 0.2790234375
1 0.771796875 0.2964453125 0.2619140625 0.244140625
1 0.918984375 0.516171875 0.160078125 0.284609375
1 0.554921875 0.9415625 0.23546875 0.1169140625
1 0.0496875 0.7003515625 0.0994140625 0.2092578125
0 0.0469140625 0.2301953125 0.093828125 0.25390625
0 0.1055078125 0.4750390625 0.2109765625 0.244140625
0 0.1636328125 0.28109375 0.1951171875 0.2023046875
0 0.37984375 0.2099609375 0.2369140625 0.21625
0 0.3275390625 0.4478125 0.260625 0.234375
0 0.2312890625 0.675234375 0.24390625 0.2176171875
0 0.4809765625 0.6103515625 0.2550390625 0.2469140625
0 0.5458203125 0.3515625 0.2033984375 0.206484375
0 0.425859375 0.83984375 0.2564453125 0.206484375
0 0.6448828125 0.792421875 0.25359375 0.2204296875
0 0.8915625 0.7680078125 0.2168359375 0.23578125
0 0.7962109375 0.9241015625 0.2354296875 0.151796875
0 0.950859375 0.94015625 0.09828125 0.1196875
0 0.3875 0.0509375 0.1713671875 0.0906640625
0 0.476796875 0.0041796875 0.0039453125 0.008359375
0 0.6246484375 0.1290625 0.282890625 0.2525
0 0.8769140625 0.0941796875 0.2461328125 0.1883203125
0 0.941796875 0.28390625 0.11640625 0.2023046875
0 0.3644921875 0.9617578125 0.164375 0.0764453125