1 0.21453125 0.439453125 0.2801953125 0.2985546875
1 0.05109375 0.3571484375 0.1021875 0.2901953125
1 0.340078125 0.7240625 0.28015625 0.262265625
1 0.4147265625 0.0920703125 0.2285546875 0.184140625
1 0.9215625 0.2092578125 0.156875 0.2790234375
1 0.8596875 0.5078125 0.2646875 0.2734375
1 0.9655078125 0.870546875 0.068984375 0.2371484375
0 0.09015625 0.1297265625 0.1802734375 0.2594921875
0 0.2780078125 0.196015625 0.2453125 0.2413671875
0 0.243828125 0.038359375 0.2048828125 0.07671875
0 0.5562890625 0.2434375 0.3303515625 0.3278515625
0 0.5674609375 0.0432421875 0.2103515625 0.086484375
0 0.7892578125 0.0927734375 0.280078125 0.185546875
0 0.8094921875 0.2853125 0.217265625 0.224609375
0 0.9578515625 0.0390625 0.0843359375 0.0725390625
0 0.44609375 0.5022265625 0.2578125 0.242734375
0 0.64765625 0.4959375 0.2089453125 0.224609375
0 0.570234375 0.72125 0.2522265625 0.2594921875
0 0.782265625 0.74359375 0.2549609375 0.242734375
0 0.931328125 0.6668359375 0.13734375 0.2092578125
0 0.0476171875 0.6012890625 0.0951953125 0.245546875
0 0.141328125 0.6773046875 0.2062890625 0.2580859375
0 0.0483203125 0.8557421875 0.0966015625 0.288515625
0 0.1978125 0.8941015625 0.24953125 0.2117578125
0 0.416796875 0.8844921875 0.2187890625 0.15625
0 0.3756640625 0.9596875 0.1978515625 0.080625
0 0.628125 0.9164453125 0.284296875 0.1671484375
0 0.871328125 0.9052734375 0.2377734375 0.189453125