1 0.5196875 0.0634765625 0.2664453125 0.126953125
1 0.780546875 0.37109375 0.2553125 0.2483203125
0 0.117890625 0.468046875 0.23578125 0.2497265625
0 0.155546875 0.7254296875 0.2273828125 0.245546875
0 0.3878515625 0.6508203125 0.262265625 0.2413671875
0 0.17578125 0.9226953125 0.1730078125 0.1545703125
0 0.39203125 0.88296875 0.2511328125 0.2341015625
0 0.1116015625 0.0808984375 0.223203125 0.147890625
0 0.3062109375 0.1618359375 0.263671875 0.245546875
0 0.3480859375 0.4045703125 0.2469140625 0.2371484375
0 0.5524609375 0.2580859375 0.245546875 0.2566796875
0 0.77078125 0.1213671875 0.224609375 0.234375
0 0.5733984375 0.50015625 0.1980859375 0.2190234375
0 0.7756640625 0.624296875 0.2734375 0.2804296875
0 0.6089453125 0.7980078125 0.23296875 0.2204296875
0 0.6019921875 0.9624609375 0.23296875 0.0750390625
0 0.800078125 0.8933984375 0.2525 0.2131640625
0 0.938046875 0.7540625 0.1238671875 0.244140625
0 0.9352734375 0.2434375 0.129453125 0.2469140625
0 0.93109375 0.0620703125 0.1378515625 0.1130078125
0 0.969453125 0.9326171875 0.06109375 0.107421875