1 0.0941796875 0.1311328125 0.1883203125 0.262265625
1 0.3355078125 0.2887890625 0.2497265625 0.2316015625
1 0.740078125 0.78890625 0.2664453125 0.2553125
0 0.156953125 0.4778125 0.2859765625 0.2776171875
0 0.4059765625 0.5050390625 0.262265625 0.2371484375
0 0.294375 0.6968359375 0.203671875 0.205078125
0 0.3159765625 0.0913671875 0.31109375 0.1799609375
0 0.544765625 0.039765625 0.1716015625 0.07953125
0 0.7351953125 0.1130078125 0.2678515625 0.223203125
0 0.931796875 0.099765625 0.1364453125 0.1883203125
0 0.5622265625 0.2971484375 0.2483203125 0.2483203125
0 0.7937890625 0.3487890625 0.2594921875 0.284609375
0 0.9541015625 0.40875 0.091796875 0.242734375
0 0.65359375 0.5343359375 0.2385546875 0.2287890625
0 0.5105859375 0.7358984375 0.226015625 0.2273828125
0 0.3780859375 0.9059765625 0.2204296875 0.188046875
0 0.5901171875 0.9233984375 0.2120703125 0.1531640625
0 0.841953125 0.9478125 0.2608984375 0.1043359375
0 0.16671875 0.950625 0.2190234375 0.0987890625
0 0.8865625 0.588046875 0.2190234375 0.224609375