1 0.7725 0.868984375 0.3023828125 0.2619921875
1 0.639296875 0.068359375 0.2787109375 0.1339453125
1 0.2159375 0.352265625 0.2523046875 0.2580859375
0 0.437734375 0.4422265625 0.24109375 0.262265625
0 0.5360546875 0.232265625 0.2341015625 0.23578125
0 0.0694921875 0.04671875 0.1323828125 0.087890625
0 0.050390625 0.2504296875 0.10078125 0.2497265625
0 0.1733984375 0.144375 0.2620703125 0.1994921875
0 0.4112109375 0.086484375 0.2466796875 0.1730078125
0 0.784375 0.2001953125 0.2368359375 0.2692578125
0 0.9271484375 0.09625 0.145703125 0.1925390625
0 0.69578125 0.43875 0.260546875 0.2553125
0 0.621171875 0.6766015625 0.2591796875 0.242734375
0 0.8790234375 0.625703125 0.241953125 0.2804296875
0 0.9334375 0.2566796875 0.1331640625 0.1785546875
0 0.9055078125 0.401796875 0.1889453125 0.1785546875
1 0.224296875 0.021640625 0.1658203125 0.0432421875