1 0.466328125 0.329921875 0.2536328125 0.2804296875
1 0.6971875 0.4031640625 0.2466015625 0.2790234375
1 0.8971484375 0.498046875 0.205703125 0.2678515625
1 0.7153125 0.8733203125 0.2940234375 0.245546875
1 0.6371875 0.0341796875 0.27453125 0.068359375
0 0.0726953125 0.156953125 0.1454296875 0.2106640625
0 0.0831640625 0.430390625 0.166328125 0.2692578125
0 0.1322265625 0.6996484375 0.257890625 0.27484375
0 0.28359375 0.4910546875 0.2592578125 0.234375
0 0.35890625 0.7240625 0.2648046875 0.2399609375
0 0.2180078125 0.256015625 0.2704296875 0.263671875
0 0.216640625 0.076015625 0.2816015625 0.1520703125
0 0.436328125 0.10671875 0.2717578125 0.2134375
0 0.66859375 0.1820703125 0.2703125 0.21625
0 0.8776171875 0.066953125 0.244765625 0.1339453125
0 0.88390625 0.2399609375 0.2321875 0.2176171875
0 0.5081640625 0.5601171875 0.2536328125 0.2190234375
0 0.70765625 0.6312890625 0.23125 0.1883203125
0 0.9043359375 0.721953125 0.1865625 0.2134375
0 0.9173828125 0.9026171875 0.165234375 0.17578125
0 0.0545703125 0.9033203125 0.1091796875 0.1771875
0 0.2117578125 0.9115625 0.2271875 0.1769140625
0 0.46421875 0.9075 0.260625 0.1799609375