1 0.1605859375 0.1090625 0.321171875 0.218125
1 0.1293359375 0.5115625 0.2587109375 0.2887109375
1 0.37796875 0.55453125 0.2508984375 0.2791796875
1 0.50796875 0.3587109375 0.254765625 0.260859375
1 0.8953515625 0.2145703125 0.209296875 0.2573046875
1 0.3094140625 0.92578125 0.2700390625 0.1484375
0 0.4280859375 0.1030078125 0.233984375 0.2059765625
0 0.669609375 0.1526953125 0.2404296875 0.2524609375
0 0.8942578125 0.042421875 0.2114453125 0.0839453125
0 0.76921875 0.3960546875 0.2391015625 0.2834375
0 0.9332421875 0.43578125 0.1331640625 0.2109765625
0 0.8483984375 0.63484375 0.2369140625 0.2575390625
0 0.9745703125 0.6695703125 0.050859375 0.136015625
0 0.610390625 0.59640625 0.2478125 0.2544921875
0 0.7110546875 0.8321875 0.226953125 0.231171875
0 0.9151171875 0.87015625 0.1698046875 0.2420703125
0 0.7880859375 0.965703125 0.1596875 0.06859375
0 0.4654296875 0.798515625 0.2565234375 0.2359375
0 0.5639453125 0.9408984375 0.22265625 0.114453125
0 0.237578125 0.7451171875 0.2262109375 0.21765625
0 0.058203125 0.728828125 0.1163671875 0.1807421875
0 0.085078125 0.900625 0.1701953125 0.1987890625
0 0.0805078125 0.2823046875 0.155078125 0.1948046875
0 0.2714453125 0.3068359375 0.224453125 0.2048046875