1 0.0516015625 0.2511328125 0.1032421875 0.2316015625
1 0.1918359375 0.352265625 0.2497265625 0.2385546875
1 0.3515625 0.263671875 0.2678515625 0.2483203125
1 0.5517578125 0.2601953125 0.2497265625 0.2692578125
1 0.859375 0.1332421875 0.2399609375 0.2273828125
1 0.55875 0.70453125 0.2553125 0.2483203125
1 0.8955078125 0.8761328125 0.208984375 0.2371484375
0 0.078828125 0.8857421875 0.15484375 0.228515625
0 0.0516015625 0.4736328125 0.1032421875 0.2218359375
0 0.193203125 0.5705859375 0.1827734375 0.1813671875
0 0.38921875 0.0906640625 0.2566796875 0.1785546875
0 0.654296875 0.4917578125 0.226015625 0.224609375
0 0.7770703125 0.6898828125 0.223203125 0.23296875
0 0.691953125 0.8871484375 0.234375 0.2257421875
0 0.168125 0.763125 0.2385546875 0.242734375
0 0.330625 0.7080078125 0.2316015625 0.2301953125
0 0.5105859375 0.92828125 0.245546875 0.1433984375
0 0.9443359375 0.655703125 0.111328125 0.2483203125
0 0.28390625 0.90875 0.23578125 0.1824609375
0 0.73453125 0.3292578125 0.2497265625 0.2287890625
0 0.8621484375 0.46109375 0.21484375 0.23296875
0 0.960390625 0.4262109375 0.0792578125 0.2273828125
0 0.6194140625 0.077421875 0.2483203125 0.15484375