1 0.425859375 0.888515625 0.25921875 0.2229296875
1 0.5862890625 0.978515625 0.0945703125 0.04296875
1 0.1908203125 0.4959375 0.257890625 0.2525
1 0.4209765625 0.4848046875 0.24109375 0.2413671875
1 0.648359375 0.4715234375 0.255 0.2511328125
1 0.7725 0.66546875 0.22984375 0.2399609375
0 0.042734375 0.0920703125 0.08546875 0.184140625
0 0.086640625 0.2790234375 0.1733203125 0.25390625
0 0.0353125 0.4778125 0.066796875 0.2023046875
0 0.1922265625 0.1025390625 0.218828125 0.205078125
0 0.3058984375 0.28109375 0.2592578125 0.2385546875
0 0.434921875 0.1123046875 0.2466796875 0.224609375
0 0.531171875 0.2825 0.2159375 0.205078125
0 0.675546875 0.08578125 0.2368359375 0.1716015625
0 0.7571484375 0.2608984375 0.23265625 0.265078125
0 0.892265625 0.4729296875 0.21546875 0.281796875
0 0.9655078125 0.6473046875 0.068984375 0.1925390625
0 0.895078125 0.0913671875 0.2098828125 0.1827734375
0 0.9362109375 0.2573828125 0.127578125 0.2469140625
0 0.3442578125 0.69125 0.235546875 0.2106640625
0 0.5562890625 0.68359375 0.2131640625 0.2176171875
0 0.91390625 0.8356640625 0.1722265625 0.2594921875
0 0.6937109375 0.858671875 0.2647265625 0.205078125