1 0.425859375 0.42828125 0.248046875 0.242734375
1 0.93203125 0.3355078125 0.1359375 0.2497265625
0 0.118046875 0.1890234375 0.23609375 0.2134375
0 0.0371484375 0.3878515625 0.074296875 0.1980859375
0 0.1838671875 0.4066796875 0.2523046875 0.23578125
0 0.099453125 0.6187109375 0.1951171875 0.2664453125
0 0.294765625 0.63265625 0.236953125 0.244140625
0 0.5388671875 0.633359375 0.2396484375 0.234375
0 0.118046875 0.8759765625 0.23609375 0.248046875
0 0.3547265625 0.8773828125 0.2257421875 0.2452734375
0 0.475390625 0.970859375 0.20203125 0.0583203125
0 0.5939453125 0.870546875 0.2689453125 0.2511328125
0 0.776015625 0.714296875 0.2423828125 0.2176171875
0 0.8664453125 0.8976171875 0.2670703125 0.2048046875
0 0.949453125 0.733828125 0.1010546875 0.2316015625
0 0.8964453125 0.535 0.2070703125 0.205078125
0 0.6901953125 0.4136328125 0.282890625 0.2525
0 0.3477734375 0.1904296875 0.22578125 0.23578125
0 0.5890625 0.18484375 0.25640625 0.2413671875
0 0.8352734375 0.16671875 0.2326171875 0.224609375
0 0.20546875 0.039765625 0.2508984375 0.07953125
0 0.429375 0.0432421875 0.2076171875 0.086484375
0 0.6797265625 0.036953125 0.2870703125 0.0739453125
0 0.91109375 0.057890625 0.1777734375 0.11578125