1 0.57375 0.3836328125 0.273125 0.2566796875
1 0.03921875 0.2483203125 0.0784765625 0.2678515625
0 0.1803515625 0.1513671875 0.30390625 0.294375
0 0.4307421875 0.2190234375 0.2717578125 0.2734375
0 0.1043359375 0.3648046875 0.1658203125 0.21625
0 0.2787109375 0.392734375 0.2383203125 0.244140625
0 0.3721875 0.0362890625 0.20484375 0.0725390625
0 0.6037109375 0.0906640625 0.3051953125 0.1813671875
0 0.8450390625 0.0837109375 0.26609375 0.167421875
0 0.7390234375 0.22671875 0.26890625 0.2413671875
0 0.9180859375 0.234375 0.163828125 0.2511328125
0 0.82203125 0.4450390625 0.2647265625 0.284609375
0 0.090859375 0.555234375 0.1816796875 0.2734375
0 0.2577734375 0.5887109375 0.2020703125 0.245546875
0 0.4175 0.5329296875 0.2145703125 0.245546875
0 0.6155859375 0.613828125 0.273125 0.2762109375
0 0.7704296875 0.771484375 0.23125 0.25390625
0 0.911796875 0.6591796875 0.17640625 0.2497265625
0 0.911796875 0.8823828125 0.17640625 0.23296875
0 0.1510546875 0.7958984375 0.2425390625 0.263671875
0 0.1238671875 0.9248046875 0.2439453125 0.150390625
0 0.3533203125 0.9233984375 0.2369140625 0.1531640625
0 0.3763671875 0.7470703125 0.24109375 0.23578125
0 0.563984375 0.8752734375 0.2508203125 0.249453125
0 0.7494921875 0.9331640625 0.23125 0.1336328125