1 0.495625 0.107421875 0.192265625 0.1980859375
1 0.0448046875 0.3578515625 0.0896484375 0.2553125
1 0.1336328125 0.5998828125 0.23 0.2566796875
1 0.1117578125 0.8466796875 0.223515625 0.306640625
1 0.5207421875 0.879453125 0.25640625 0.2410546875
1 0.7592578125 0.90875 0.2730859375 0.1824609375
1 0.7271875 0.565703125 0.1894140625 0.19390625
0 0.0952734375 0.11859375 0.1895703125 0.2371484375
0 0.188046875 0.32015625 0.2244140625 0.2301953125
0 0.4175 0.31390625 0.2564453125 0.2594921875
0 0.3087109375 0.490390625 0.2397265625 0.2525
0 0.52421875 0.6026953125 0.23546875 0.2957421875
0 0.32125 0.753359375 0.2480859375 0.2762109375
0 0.303125 0.9255078125 0.2425 0.148984375
0 0.7404296875 0.7380078125 0.241015625 0.21484375
0 0.9278515625 0.7491796875 0.144296875 0.3655078125
0 0.895078125 0.457578125 0.2098828125 0.3152734375
0 0.6790625 0.341796875 0.2968359375 0.2706640625
0 0.6811328125 0.1130078125 0.242421875 0.226015625
0 0.8894921875 0.215546875 0.2210546875 0.2497265625
0 0.922265625 0.020234375 0.15546875 0.04046875
0 0.9655078125 0.1018359375 0.068984375 0.17578125
0 0.2898828125 0.11578125 0.24671875 0.2316015625