1 0.1653125 0.18625 0.3055078125 0.302734375
1 0.5859375 0.18765625 0.2985546875 0.2553125
1 0.4652734375 0.39828125 0.2608984375 0.2525
1 0.1108984375 0.6821875 0.2218359375 0.2566796875
1 0.3097265625 0.800078125 0.245546875 0.2525
1 0.769375 0.78265625 0.2497265625 0.262265625
1 0.8628515625 0.5503515625 0.2692578125 0.2469140625
1 0.548984375 0.6494140625 0.302734375 0.27203125
0 0.106015625 0.9054296875 0.2092578125 0.1813671875
0 0.3187890625 0.9555078125 0.2023046875 0.0890234375
0 0.5378125 0.889921875 0.2385546875 0.22015625
0 0.733828125 0.957578125 0.1897265625 0.0848046875
0 0.920625 0.9059765625 0.15875 0.188046875
0 0.930390625 0.741484375 0.13921875 0.15484375
0 0.099765625 0.430390625 0.1994921875 0.2497265625
0 0.83078125 0.31390625 0.244140625 0.2204296875
0 0.81265625 0.095546875 0.2301953125 0.1827734375
0 0.956875 0.1471875 0.0862109375 0.2497265625
0 0.9715234375 0.3864453125 0.0569140625 0.206484375
0 0.3773828125 0.0739453125 0.2301953125 0.147890625
0 0.3843359375 0.2113671875 0.146484375 0.1325390625
0 0.2706640625 0.3996875 0.167421875 0.1353125
0 0.2992578125 0.5629296875 0.2273828125 0.224609375