1 0.76203125 0.3871484375 0.298203125 0.263671875
1 0.7690234375 0.6312890625 0.259140625 0.2608984375
1 0.02390625 0.881015625 0.0477734375 0.23296875
1 0.15875 0.90609375 0.2718359375 0.185546875
1 0.3658984375 0.9757421875 0.1587890625 0.0485546875
1 0.9166796875 0.926328125 0.166640625 0.145078125
0 0.5828125 0.9338671875 0.243828125 0.132265625
0 0.774609375 0.9584375 0.1754296875 0.0753515625
0 0.7794921875 0.8370703125 0.249375 0.1980859375
0 0.5828125 0.7477734375 0.2326953125 0.223203125
0 0.3770703125 0.8468359375 0.2285546875 0.2092578125
0 0.4021484375 0.643828125 0.22015625 0.2023046875
0 0.2117578125 0.73171875 0.238359375 0.2106640625
0 0.0552734375 0.66265625 0.110546875 0.281796875
0 0.0762109375 0.428984375 0.1523828125 0.2497265625
0 0.043671875 0.256015625 0.086328125 0.1771875
0 0.17546875 0.3083203125 0.2132421875 0.223203125
0 0.216640625 0.5238671875 0.2537109375 0.2134375
0 0.1064453125 0.116484375 0.203515625 0.224609375
0 0.2758984375 0.036953125 0.252265625 0.0739453125
0 0.3470703125 0.1618359375 0.260625 0.25390625
0 0.3875 0.3933984375 0.2466796875 0.2790234375
0 0.5667578125 0.2692578125 0.206171875 0.234375
0 0.559765625 0.5119921875 0.248046875 0.223203125
0 0.54234375 0.078125 0.2410546875 0.1534765625
0 0.7425390625 0.1471875 0.239609375 0.2218359375
0 0.7906640625 0.0265234375 0.2326171875 0.0530078125
0 0.9362109375 0.0620703125 0.127578125 0.1241796875
0 0.9187890625 0.2601953125 0.1624609375 0.244140625
0 0.9285546875 0.490390625 0.1429296875 0.2469140625
0 0.9187890625 0.7394140625 0.1624609375 0.2399609375