1 0.27484375 0.1046484375 0.262265625 0.2092578125
1 0.938046875 0.0746484375 0.1238671875 0.1492578125
1 0.54828125 0.4959375 0.2678515625 0.27484375
1 0.28390625 0.5196875 0.27203125 0.2553125
1 0.5622265625 0.896328125 0.25390625 0.205078125
0 0.07953125 0.11859375 0.1590234375 0.2316015625
0 0.15625 0.302734375 0.2734375 0.2287890625
0 0.078125 0.5231640625 0.15625 0.2483203125
0 0.1401953125 0.751953125 0.2497265625 0.265078125
0 0.2971484375 0.9248046875 0.2734375 0.150390625
0 0.4045703125 0.73171875 0.262265625 0.2106640625
0 0.4045703125 0.2734375 0.2287890625 0.2316015625
0 0.5224609375 0.086484375 0.2469140625 0.1730078125
0 0.6480078125 0.263671875 0.2497265625 0.242734375
0 0.763125 0.0739453125 0.2316015625 0.147890625
0 0.890625 0.23578125 0.21875 0.2204296875
0 0.8035546875 0.468046875 0.2399609375 0.2804296875
0 0.958984375 0.4638671875 0.08203125 0.2273828125
0 0.900390625 0.6863671875 0.19921875 0.2371484375
0 0.6766015625 0.7170703125 0.262265625 0.245546875
0 0.8251953125 0.90109375 0.2580859375 0.1978125
0 0.97640625 0.8996875 0.0471484375 0.200625