1 0.4136328125 0.145078125 0.3585546875 0.2901953125
1 0.0230078125 0.1492578125 0.0460546875 0.2092578125
1 0.2301953125 0.505703125 0.2316015625 0.263671875
1 0.430390625 0.59359375 0.2134375 0.2469140625
1 0.6375390625 0.6082421875 0.2316015625 0.2873828125
1 0.8440234375 0.232265625 0.1925390625 0.2106640625
1 0.9596875 0.636171875 0.080625 0.2734375
0 0.0753515625 0.380859375 0.1423046875 0.2678515625
0 0.0920703125 0.6375390625 0.1785546875 0.242734375
0 0.096953125 0.8761328125 0.1911328125 0.2316015625
0 0.2587890625 0.7240625 0.244140625 0.223203125
0 0.48828125 0.8258984375 0.234375 0.25390625
0 0.4855078125 0.96875 0.2120703125 0.0625
0 0.7198828125 0.81265625 0.2287890625 0.2023046875
0 0.3055078125 0.9171484375 0.226015625 0.1657421875
0 0.890625 0.8962109375 0.21875 0.207578125
0 0.6989453125 0.9519921875 0.1980859375 0.0959765625
0 0.8440234375 0.642421875 0.203671875 0.2915625
0 0.487578125 0.398984375 0.2553125 0.2316015625
0 0.7254296875 0.410859375 0.2204296875 0.2273828125
0 0.91921875 0.4052734375 0.1615625 0.2134375
0 0.14859375 0.145078125 0.1911328125 0.226015625
0 0.672421875 0.0655859375 0.1590234375 0.125546875
0 0.67453125 0.2078515625 0.1883203125 0.203671875