1 0.043671875 0.5740625 0.086328125 0.138125
1 0.3303125 0.568515625 0.1127734375 0.1046484375
1 0.3477734375 0.460390625 0.10859375 0.09765625
1 0.3875390625 0.2601953125 0.118359375 0.1018359375
1 0.0499609375 0.869140625 0.0849609375 0.1116015625
1 0.1350390625 0.8851953125 0.1183984375 0.1101953125
1 0.3303125 0.9338671875 0.157421875 0.132265625
1 0.2515234375 0.979921875 0.07234375 0.0401953125
1 0.3170703125 0.759609375 0.119765625 0.1213671875
1 0.6058203125 0.95828125 0.0973828125 0.0834375
1 0.561875 0.7463671875 0.1071484375 0.1116015625
1 0.574453125 0.64453125 0.1071484375 0.1032421875
1 0.81296875 0.7491796875 0.1182421875 0.128359375