1 0.3261328125 0.2134375 0.28015625 0.2678515625
1 0.1894140625 0.4171484375 0.255078125 0.265078125
1 0.496328125 0.3976171875 0.246640625 0.2511328125
1 0.771796875 0.6996484375 0.2451953125 0.2413671875
1 0.8825 0.8871484375 0.235 0.2257421875
1 0.9376171875 0.6668359375 0.124765625 0.2399609375
1 0.785078125 0.078828125 0.2466015625 0.15765625
1 0.960625 0.334140625 0.07875 0.2525
0 0.1252734375 0.0446484375 0.2467578125 0.086484375
0 0.0980859375 0.1827734375 0.1951171875 0.25390625
0 0.0385546875 0.4038671875 0.0770703125 0.2469140625
0 0.02390625 0.684296875 0.0477734375 0.1911328125
0 0.1510546875 0.64453125 0.2230078125 0.234375
0 0.3568359375 0.5594140625 0.2383203125 0.234375
0 0.5562890625 0.6612890625 0.2298828125 0.2316015625
0 0.36171875 0.82171875 0.2871484375 0.2678515625
0 0.109921875 0.8752734375 0.21328125 0.249453125
0 0.627421875 0.8850390625 0.2968359375 0.229921875
0 0.6971875 0.4750390625 0.2270703125 0.23578125
0 0.9034375 0.4638671875 0.193125 0.205078125
0 0.5688671875 0.177890625 0.23828125 0.2413671875
0 0.4056640625 0.04953125 0.232734375 0.0990625
0 0.81015625 0.2553125 0.2521484375 0.245546875
0 0.952265625 0.1144140625 0.09546875 0.223203125
0 0.2159375 0.949921875 0.1909375 0.10015625
0 0.419609375 0.969453125 0.20203125 0.06109375