1 0.078828125 0.1785546875 0.15765625 0.2566796875
1 0.40875 0.0327734375 0.2316015625 0.0655859375
1 0.5503515625 0.193203125 0.2469140625 0.2469140625
1 0.528046875 0.634765625 0.2692578125 0.2678515625
1 0.2901953125 0.9624609375 0.2371484375 0.0750390625
0 0.184140625 0.04671875 0.2399609375 0.0906640625
0 0.293671875 0.1820703125 0.23578125 0.2301953125
0 0.1792578125 0.3850390625 0.2497265625 0.2511328125
0 0.0816015625 0.616640625 0.1604296875 0.2901953125
0 0.2804296875 0.613828125 0.242734375 0.2566796875
0 0.1499609375 0.8230859375 0.2273828125 0.2316015625
0 0.4031640625 0.8370703125 0.262265625 0.223203125
0 0.40875 0.3955078125 0.2399609375 0.23296875
0 0.6682421875 0.4045703125 0.242734375 0.242734375
0 0.8363671875 0.586640625 0.2385546875 0.2469140625
0 0.6961328125 0.8161328125 0.242734375 0.2371484375
0 0.55875 0.949921875 0.2497265625 0.10015625
0 0.8035546875 0.947109375 0.206484375 0.1057421875
0 0.9519921875 0.9638671875 0.0959765625 0.072265625
0 0.9052734375 0.81890625 0.189453125 0.223203125
0 0.6501171875 0.0537109375 0.226015625 0.0990625
0 0.792421875 0.2016015625 0.2483203125 0.2413671875
0 0.9241015625 0.3857421875 0.151796875 0.2301953125
0 0.8948046875 0.0509375 0.210390625 0.0934765625
0 0.960390625 0.1834375 0.0792578125 0.174375