1 0.0571875 0.301328125 0.1144140625 0.2678515625
1 0.234375 0.30203125 0.223203125 0.2385546875
1 0.478515625 0.3097265625 0.245546875 0.2511328125
1 0.138828125 0.5308203125 0.2608984375 0.2190234375
1 0.0362890625 0.771484375 0.066953125 0.223203125
0 0.1890234375 0.761015625 0.21625 0.2218359375
0 0.3473828125 0.5141015625 0.2120703125 0.2190234375
0 0.46109375 0.77359375 0.302734375 0.31390625
0 0.086484375 0.93875 0.1730078125 0.1225
0 0.292265625 0.9429296875 0.2553125 0.1141015625
0 0.4910546875 0.9778125 0.167421875 0.044375
0 0.6612890625 0.8956640625 0.2399609375 0.203671875
0 0.8780859375 0.901796875 0.2410546875 0.1964453125
0 0.585234375 0.5322265625 0.2385546875 0.2273828125
0 0.7547265625 0.6759375 0.223203125 0.2469140625
0 0.930390625 0.6940625 0.13921875 0.2971484375
0 0.1171875 0.1018359375 0.2120703125 0.203671875
0 0.3459765625 0.1025390625 0.2371484375 0.205078125
1 0.920625 0.029296875 0.15875 0.0558203125