1 0.1321484375 0.0935546875 0.25375 0.1870703125
1 0.386484375 0.0718359375 0.24859375 0.143671875
1 0.631875 0.0675 0.23953125 0.135
1 0.9573828125 0.1403515625 0.0851953125 0.2806640625
1 0.1132421875 0.6671875 0.226484375 0.26234375
1 0.2484765625 0.87671875 0.2815625 0.2465234375
1 0.4878125 0.824140625 0.232578125 0.236796875
0 0.7570703125 0.1989453125 0.2191796875 0.2190625
0 0.8644921875 0.0598828125 0.225703125 0.1198046875
0 0.3018359375 0.2440234375 0.235546875 0.2289453125
0 0.5337890625 0.2331640625 0.2273828125 0.2419921875
0 0.6830859375 0.418125 0.2239453125 0.2401171875
0 0.8966796875 0.362109375 0.2066796875 0.2497265625
0 0.0937109375 0.26921875 0.187421875 0.2133203125
0 0.6666015625 0.908203125 0.20484375 0.18359375
0 0.3369921875 0.653515625 0.226015625 0.2098046875
0 0.2085546875 0.4498828125 0.2225 0.23484375
0 0.0468359375 0.4626171875 0.093671875 0.2040625
0 0.5943359375 0.6371484375 0.2408203125 0.236953125
0 0.836953125 0.6008984375 0.2643359375 0.268671875
0 0.9051171875 0.92015625 0.189765625 0.1597265625
0 0.801328125 0.804140625 0.165390625 0.162109375
0 0.4899609375 0.970703125 0.1970703125 0.05859375
0 0.945234375 0.7902734375 0.10953125 0.2558984375
0 0.448515625 0.456640625 0.2487109375 0.25265625
0 0.050390625 0.889765625 0.1007421875 0.22046875
0 0.9745703125 0.5653515625 0.050859375 0.188046875