1 0.2134375 0.1416015625 0.2399609375 0.2218359375
1 0.418515625 0.0655859375 0.2706640625 0.1311328125
1 0.8962109375 0.7547265625 0.207578125 0.25390625
1 0.8830859375 0.9436328125 0.226015625 0.112734375
0 0.0537109375 0.048828125 0.1046484375 0.089296875
0 0.0739453125 0.2301953125 0.147890625 0.2566796875
0 0.060703125 0.480625 0.1213671875 0.2413671875
0 0.0544140625 0.72125 0.108828125 0.2287890625
0 0.66546875 0.1144140625 0.262265625 0.2287890625
0 0.439453125 0.2294921875 0.245546875 0.2218359375
0 0.21625 0.3766796875 0.25390625 0.2371484375
0 0.223203125 0.6298828125 0.2511328125 0.244140625
0 0.440859375 0.479921875 0.25390625 0.262265625
0 0.440859375 0.742890625 0.2566796875 0.2413671875
0 0.6689453125 0.6012890625 0.244140625 0.245546875
0 0.6773046875 0.3578515625 0.2553125 0.2525
0 0.67453125 0.861484375 0.2692578125 0.2608984375
0 0.0523046875 0.918515625 0.1018359375 0.1629296875
0 0.2113671875 0.8733203125 0.2385546875 0.2316015625
0 0.4359765625 0.9284375 0.2106640625 0.138125
0 0.890625 0.4855078125 0.21875 0.2901953125
0 0.8878515625 0.2225 0.2243359375 0.23296875
0 0.8962109375 0.050234375 0.207578125 0.1004296875