1 0.0915234375 0.314609375 0.1830859375 0.27484375
1 0.2808203125 0.3097265625 0.2313671875 0.242734375
1 0.068515625 0.6598828125 0.1370703125 0.2790234375
1 0.0297265625 0.898984375 0.0584375 0.2019921875
1 0.15734375 0.891328125 0.2244140625 0.21734375
1 0.5012109375 0.7003515625 0.2619921875 0.242734375
1 0.3903125 0.8773828125 0.2550390625 0.2452734375
1 0.8157421875 0.88921875 0.26609375 0.2215234375
1 0.3951953125 0.117890625 0.2731640625 0.2301953125
1 0.6134765625 0.021640625 0.168515625 0.0432421875
0 0.1719921875 0.5043359375 0.239765625 0.1771875
0 0.243828125 0.6989453125 0.2634375 0.2287890625
0 0.3868359375 0.5029296875 0.195078125 0.1911328125
0 0.5019140625 0.3097265625 0.23828125 0.223203125
0 0.6051171875 0.490390625 0.224296875 0.1883203125
0 0.73484375 0.6884765625 0.204765625 0.2273828125
0 0.1315234375 0.106015625 0.256484375 0.2120703125
0 0.6427734375 0.147890625 0.2577734375 0.206484375
0 0.734140625 0.3515625 0.242421875 0.223203125
0 0.8957421875 0.4422265625 0.2084765625 0.186953125
0 0.91390625 0.6759375 0.1722265625 0.2776171875
0 0.961328125 0.90875 0.07734375 0.1824609375
0 0.96203125 0.2413671875 0.0759375 0.245546875
0 0.8790234375 0.1339453125 0.241953125 0.2566796875
0 0.612109375 0.9025 0.2159375 0.1950390625