1 0.601484375 0.075625 0.196171875 0.1460546875
1 0.4313671875 0.1312109375 0.2101171875 0.2051171875
1 0.9412890625 0.0838671875 0.11015625 0.1677734375
1 0.5276953125 0.604453125 0.20140625 0.217578125
1 0.930078125 0.8480078125 0.13984375 0.2237890625
1 0.8241015625 0.9634765625 0.2230078125 0.0727734375
0 0.748359375 0.3413671875 0.2148046875 0.2434765625
0 0.3543359375 0.3380859375 0.20796875 0.197890625
0 0.1433984375 0.04 0.2028125 0.07484375
0 0.0579296875 0.12859375 0.106484375 0.199921875
0 0.218515625 0.150546875 0.1880078125 0.18734375
0 0.1221484375 0.3319921875 0.203671875 0.2030859375
0 0.558515625 0.25234375 0.1640625 0.1609375
0 0.1056640625 0.55625 0.2019140625 0.213203125
0 0.32828125 0.5560546875 0.2044921875 0.217109375
0 0.9257421875 0.264921875 0.148515625 0.177421875
0 0.913359375 0.5071875 0.1732421875 0.2453125
0 0.725390625 0.5840625 0.2121875 0.2340625
0 0.53421875 0.413828125 0.202265625 0.1540625
0 0.03734375 0.761171875 0.0747265625 0.1890234375
0 0.1846484375 0.7737890625 0.2175390625 0.2055078125
0 0.4209375 0.7703125 0.223984375 0.19859375
0 0.721484375 0.81328125 0.2304296875 0.2237890625
0 0.5552734375 0.9075 0.184453125 0.1778125
0 0.10109375 0.92484375 0.18328125 0.1430859375
0 0.330234375 0.9309765625 0.2248828125 0.1380078125
1 0.800234375 0.1164453125 0.218671875 0.19296875