1 0.1131640625 0.49875 0.226328125 0.2887890625
1 0.2508203125 0.7170703125 0.2690234375 0.281796875
1 0.4495703125 0.262265625 0.29828125 0.2985546875
1 0.961328125 0.84125 0.07734375 0.2204296875
0 0.0643359375 0.2197265625 0.128671875 0.2859765625
0 0.07296875 0.0390625 0.1421484375 0.078125
0 0.2459375 0.0934765625 0.276015625 0.186953125
0 0.224296875 0.295078125 0.235546875 0.2525
0 0.361015625 0.4924609375 0.2773828125 0.234375
0 0.49421875 0.6940625 0.267578125 0.244140625
0 0.0580859375 0.7658984375 0.1161328125 0.3152734375
0 0.1559375 0.9103125 0.218828125 0.1771875
0 0.030859375 0.9305078125 0.0617578125 0.1116015625
0 0.3742578125 0.8976171875 0.234140625 0.2048046875
0 0.646953125 0.892734375 0.2382421875 0.2145703125
0 0.7201953125 0.6570703125 0.239609375 0.2287890625
0 0.6065234375 0.4562109375 0.2382421875 0.2120703125
0 0.51234375 0.0732421875 0.25640625 0.138125
0 0.7223046875 0.0558203125 0.1768359375 0.1116015625
0 0.901328125 0.068359375 0.1973046875 0.13671875
0 0.7187890625 0.22671875 0.2758984375 0.283203125
0 0.929921875 0.232265625 0.1401171875 0.23578125
0 0.8415625 0.466640625 0.220078125 0.2385546875
0 0.9250390625 0.643125 0.1498828125 0.223203125
0 0.850625 0.8878515625 0.218671875 0.2243359375