1 0.1510546875 0.0613671875 0.2871875 0.1227734375
0 0.0366796875 0.119296875 0.069609375 0.224609375
1 0.3721484375 0.11859375 0.271796875 0.2371484375
1 0.5555859375 0.9045703125 0.2759375 0.190859375
1 0.7969140625 0.901796875 0.259140625 0.1964453125
1 0.9187890625 0.0613671875 0.1624609375 0.1199609375
0 0.561875 0.0544140625 0.2243359375 0.108828125
0 0.771796875 0.1025390625 0.2340234375 0.205078125
0 0.9215625 0.2280859375 0.156875 0.224609375
0 0.5772265625 0.2308984375 0.2578125 0.263671875
0 0.1636328125 0.23296875 0.26765625 0.2734375
0 0.05109375 0.3585546875 0.1021875 0.265078125
0 0.176875 0.4750390625 0.2327734375 0.2385546875
0 0.3721484375 0.34390625 0.24109375 0.23578125
0 0.563984375 0.4750390625 0.2396484375 0.2525
0 0.36796875 0.546171875 0.2076171875 0.1883203125
0 0.060390625 0.6180078125 0.1198046875 0.2483203125
0 0.2201171875 0.693359375 0.2634375 0.2511328125
0 0.4419140625 0.7380078125 0.232734375 0.2511328125
0 0.6623046875 0.724765625 0.2466015625 0.2469140625
0 0.8869140625 0.7421875 0.2242578125 0.226015625
0 0.9543359375 0.9115625 0.0912890625 0.1769140625
0 0.078984375 0.861328125 0.15796875 0.27734375
0 0.299609375 0.8948046875 0.3025 0.210390625
0 0.7766796875 0.310390625 0.213125 0.19671875
0 0.7794921875 0.51828125 0.2270703125 0.2553125
0 0.9376171875 0.5112890625 0.124765625 0.2580859375