0 0.4429296875 0.7058984375 0.2664453125 0.245546875
0 0.1806640625 0.7903125 0.27484375 0.2608984375
0 0.362734375 0.9157421875 0.2483203125 0.1629296875
0 0.1339453125 0.954921875 0.203671875 0.087890625
0 0.8356640625 0.882265625 0.2399609375 0.2355078125
0 0.96875 0.9026171875 0.0625 0.1897265625
0 0.917265625 0.6989453125 0.1632421875 0.2678515625
0 0.87875 0.460390625 0.2424609375 0.25390625
0 0.9457421875 0.2434375 0.1085546875 0.23296875
1 0.9157421875 0.0690625 0.168515625 0.138125
1 0.5998828125 0.882265625 0.242734375 0.2355078125