1 0.168125 0.09 0.23296875 0.1799609375
1 0.5315234375 0.594296875 0.2566796875 0.262265625
1 0.1144140625 0.822421875 0.2287890625 0.23578125
1 0.1834375 0.9562109375 0.174375 0.0876171875
1 0.3962109375 0.9233984375 0.2678515625 0.1531640625
1 0.8655078125 0.8941015625 0.268984375 0.2117578125
1 0.78890625 0.0655859375 0.2301953125 0.1311328125
1 0.8035546875 0.2685546875 0.2566796875 0.2608984375
1 0.9296875 0.42203125 0.140625 0.3166796875
0 0.041171875 0.1708984375 0.07953125 0.244140625
0 0.1339453125 0.3152734375 0.2120703125 0.223203125
0 0.0265234375 0.418515625 0.047421875 0.2008984375
0 0.1290625 0.5691796875 0.2553125 0.262265625
0 0.330625 0.715 0.223203125 0.23578125
0 0.340390625 0.4638671875 0.223203125 0.2413671875
0 0.5301171875 0.781953125 0.17578125 0.1492578125
0 0.6284765625 0.920078125 0.2190234375 0.15484375
0 0.3452734375 0.0341796875 0.205078125 0.068359375
0 0.35296875 0.204375 0.2371484375 0.2553125
0 0.57828125 0.0990625 0.2469140625 0.1925390625
0 0.5636328125 0.334140625 0.2511328125 0.2413671875
0 0.9464453125 0.1332421875 0.1071484375 0.2580859375
0 0.761015625 0.4848046875 0.2190234375 0.1994921875
0 0.892734375 0.685703125 0.2145703125 0.2301953125
0 0.7080078125 0.7170703125 0.23296875 0.25390625