1 0.3847265625 0.3780859375 0.2466796875 0.2483203125
1 0.18734375 0.39203125 0.1560546875 0.1618359375
1 0.0643359375 0.9066796875 0.128671875 0.1866796875
1 0.2577734375 0.9345703125 0.2523046875 0.130859375
1 0.6253515625 0.7721875 0.2591796875 0.2469140625
1 0.861796875 0.8962109375 0.2437890625 0.207578125
1 0.930625 0.7575390625 0.1387109375 0.2371484375
1 0.904140625 0.2301953125 0.1917578125 0.265078125
1 0.7585546875 0.0613671875 0.2633203125 0.1227734375
1 0.5186328125 0.0125390625 0.151796875 0.0251171875
0 0.2508203125 0.5859375 0.255078125 0.2566796875
0 0.0680859375 0.4945703125 0.13515625 0.2553125
0 0.0283203125 0.7163671875 0.0528515625 0.1994921875
0 0.1517578125 0.7868359375 0.2132421875 0.223203125
0 0.3742578125 0.789609375 0.234140625 0.2483203125
0 0.4781640625 0.94015625 0.227109375 0.1196875
0 0.6825390625 0.9450390625 0.2284765625 0.109921875
0 0.6155859375 0.3871484375 0.236875 0.2413671875
0 0.476796875 0.585234375 0.2076171875 0.21625
0 0.699296875 0.5698828125 0.239609375 0.23296875
0 0.8269140625 0.682890625 0.18796875 0.2106640625
0 0.0831640625 0.262265625 0.166328125 0.206484375
0 0.4976953125 0.15625 0.288515625 0.2511328125
0 0.723671875 0.212734375 0.224296875 0.2218359375
0 0.852734375 0.4226953125 0.2423828125 0.2316015625
0 0.9480859375 0.548984375 0.1038671875 0.19390625
0 0.2612890625 0.196015625 0.234140625 0.2273828125
0 0.1238671875 0.0941796875 0.179765625 0.138125
0 0.0273828125 0.087890625 0.054765625 0.1701953125
0 0.1196875 0.0132421875 0.17140625 0.0265234375
0 0.321953125 0.041171875 0.224375 0.0823046875
0 0.941796875 0.0544140625 0.11640625 0.108828125