1 0.8080859375 0.1994921875 0.3009765625 0.2957421875
1 0.732734375 0.4848046875 0.3037890625 0.2887890625
1 0.924375 0.4352734375 0.1512890625 0.3097265625
1 0.59046875 0.91796875 0.284296875 0.1590234375
1 0.2801171875 0.0209375 0.1630078125 0.0418359375
0 0.060390625 0.048828125 0.11421875 0.0920703125
0 0.195 0.1401953125 0.274609375 0.23296875
0 0.0357421875 0.1590234375 0.071484375 0.21484375
0 0.0769140625 0.3362109375 0.1537890625 0.2371484375
0 0.3066015625 0.3445703125 0.3080859375 0.3180859375
0 0.41890625 0.1004296875 0.2173828125 0.2008984375
0 0.6518359375 0.0634765625 0.2396484375 0.126953125
0 0.8859765625 0.048125 0.2280078125 0.09625
0 0.952265625 0.1730078125 0.09546875 0.21484375
0 0.582109375 0.2678515625 0.2619921875 0.2790234375
0 0.4900390625 0.54546875 0.2843359375 0.2371484375
0 0.2612890625 0.6040625 0.2508984375 0.2176171875
0 0.0741015625 0.595 0.148203125 0.2887890625
0 0.0318359375 0.841953125 0.05984375 0.2385546875
0 0.17546875 0.8349609375 0.2411328125 0.244140625
0 0.41609375 0.78890625 0.26203125 0.2580859375
0 0.340078125 0.938046875 0.224375 0.1238671875
0 0.6644140625 0.732421875 0.222890625 0.223203125
0 0.8887890625 0.6884765625 0.222421875 0.224609375
0 0.8608984375 0.8871484375 0.2782421875 0.2257421875