1 0.6720703125 0.2225 0.2689453125 0.2859765625
1 0.7494921875 0.733125 0.25078125 0.263671875
1 0.1015625 0.8976171875 0.202109375 0.2048046875
1 0.2996484375 0.9555078125 0.2216015625 0.0890234375
1 0.9641015625 0.0753515625 0.0717578125 0.1506640625
0 0.1698828125 0.0823046875 0.2718359375 0.164609375
0 0.051796875 0.1953125 0.10359375 0.2566796875
0 0.2026953125 0.2866796875 0.276015625 0.2804296875
0 0.070625 0.4478125 0.14125 0.284609375
0 0.08875 0.6605859375 0.1775 0.263671875
0 0.26265625 0.5503515625 0.2676171875 0.2608984375
0 0.284296875 0.8021875 0.271796875 0.2371484375
0 0.5005078125 0.908046875 0.266171875 0.1838671875
0 0.50328125 0.6766015625 0.2745703125 0.284609375
0 0.4405078125 0.3941015625 0.2355078125 0.244140625
0 0.6713671875 0.458984375 0.25078125 0.2566796875
0 0.890859375 0.5608203125 0.2182421875 0.2873828125
0 0.89875 0.271328125 0.197734375 0.2664453125
0 0.8164453125 0.0655859375 0.256328125 0.1311328125
0 0.920859375 0.8696875 0.15828125 0.2605859375
0 0.73484375 0.915859375 0.2661328125 0.15765625
0 0.4119140625 0.1527734375 0.2731640625 0.2664453125
0 0.583515625 0.050234375 0.2201171875 0.1004296875