1 0.19375 0.04828125 0.199296875 0.0965234375
1 0.2720703125 0.2000390625 0.2474609375 0.251640625
1 0.4051171875 0.05109375 0.2313671875 0.101328125
1 0.305703125 0.947265625 0.249609375 0.10546875
1 0.5296484375 0.2022265625 0.270390625 0.2785546875
1 0.8777734375 0.0387109375 0.244453125 0.077421875
1 0.98109375 0.2742578125 0.0378515625 0.165703125
1 0.96546875 0.581015625 0.0691015625 0.2331640625
0 0.07703125 0.1453515625 0.148125 0.2811328125
0 0.04578125 0.3778125 0.0856640625 0.1775
0 0.1573046875 0.3793359375 0.1611328125 0.1848828125
0 0.11953125 0.5816796875 0.2331640625 0.2596875
0 0.3894921875 0.4273046875 0.2521875 0.2556640625
0 0.656171875 0.4105859375 0.2430078125 0.2300390625
0 0.63859375 0.0537109375 0.2295703125 0.1065234375
0 0.959375 0.1092578125 0.08125 0.141328125
0 0.890078125 0.402578125 0.2056640625 0.2704296875
0 0.532890625 0.60359375 0.243046875 0.2818359375
0 0.3222265625 0.6415625 0.19234375 0.2093359375
0 0.0304296875 0.8198046875 0.0608203125 0.228125
0 0.1709765625 0.8176171875 0.21015625 0.2394140625
0 0.0919921875 0.958125 0.17375 0.08375
0 0.4176953125 0.8428125 0.244375 0.255078125
0 0.8043359375 0.6096484375 0.2659765625 0.2523046875
0 0.6771875 0.8362890625 0.287734375 0.3132421875
0 0.9073046875 0.8387109375 0.1854296875 0.32234375
0 0.791328125 0.1852734375 0.2573046875 0.2741796875