1 0.1033203125 0.0969140625 0.206640625 0.193828125
1 0.30484375 0.065859375 0.2374609375 0.130859375
1 0.45890625 0.19765625 0.2799609375 0.249453125
1 0.69390625 0.1253515625 0.24734375 0.23421875
1 0.5123046875 0.4134375 0.2808203125 0.245234375
1 0.269921875 0.6452734375 0.296953125 0.2853125
1 0.1033203125 0.7980859375 0.206640625 0.2472265625
1 0.0382421875 0.93859375 0.0764453125 0.1228125
1 0.31265625 0.8795703125 0.263515625 0.240859375
1 0.8182421875 0.806796875 0.27640625 0.2645703125
0 0.5316015625 0.7969921875 0.2699609375 0.2737109375
0 0.0781640625 0.5683984375 0.1562890625 0.22015625
0 0.3003125 0.4108203125 0.2014453125 0.21921875
0 0.488671875 0.6053125 0.2134765625 0.215859375
0 0.720625 0.58078125 0.24 0.2579296875
0 0.6733203125 0.3422265625 0.1696875 0.21046875
0 0.525546875 0.0490625 0.20046875 0.0980859375
0 0.85515625 0.2998828125 0.213984375 0.277734375
0 0.904453125 0.10125 0.19109375 0.2025
0 0.2046484375 0.236484375 0.221640625 0.2377734375
0 0.06078125 0.3194140625 0.1215625 0.2560546875
0 0.137578125 0.4262109375 0.1778125 0.1918359375
0 0.92875 0.890859375 0.1425 0.2183203125
0 0.6019140625 0.9674609375 0.299453125 0.065078125