1 0.701015625 0.1123046875 0.2134375 0.21625
1 0.9052734375 0.154140625 0.189453125 0.2497265625
1 0.174375 0.8447265625 0.2316015625 0.23578125
1 0.2615625 0.96734375 0.2023046875 0.0652734375
0 0.0390625 0.7651953125 0.078125 0.23296875
0 0.0453515625 0.94015625 0.0906640625 0.1196875
0 0.09 0.3578515625 0.1771875 0.2413671875
0 0.029296875 0.56640625 0.05859375 0.167421875
0 0.1890234375 0.6026953125 0.2525 0.2706640625
0 0.4296875 0.565 0.2176171875 0.242734375
0 0.4038671875 0.8070703125 0.2385546875 0.2385546875
0 0.4617578125 0.9631640625 0.1980859375 0.073671875
0 0.6605859375 0.7687109375 0.2553125 0.2511328125
0 0.882265625 0.781953125 0.2355078125 0.2469140625
0 0.8955078125 0.950625 0.208984375 0.0987890625
0 0.6710546875 0.9436328125 0.2287890625 0.112734375
0 0.652890625 0.544765625 0.2204296875 0.2190234375
0 0.8761328125 0.5496484375 0.223203125 0.206484375
0 0.9750390625 0.6521875 0.0499609375 0.1911328125
0 0.7756640625 0.3355078125 0.25390625 0.2497265625
0 0.940859375 0.388515625 0.1183203125 0.2580859375
0 0.047421875 0.1290625 0.0948828125 0.2469140625
0 0.2176171875 0.13671875 0.262265625 0.2706640625
0 0.290859375 0.3641015625 0.21625 0.2371484375
0 0.4848046875 0.1053125 0.2887890625 0.2078515625
0 0.5308203125 0.3257421875 0.263671875 0.2664453125