1 0.319140625 0.1597265625 0.2578515625 0.244140625
1 0.329609375 0.3962109375 0.26203125 0.25390625
1 0.33171875 0.6508203125 0.2996875 0.2971484375
1 0.1433984375 0.9143359375 0.28578125 0.171328125
1 0.5772265625 0.263671875 0.341484375 0.3655078125
1 0.9264453125 0.3515625 0.147109375 0.262265625
0 0.0615625 0.09625 0.123125 0.186953125
0 0.1126953125 0.2692578125 0.221640625 0.242734375
0 0.10828125 0.507109375 0.2165625 0.2692578125
0 0.1033984375 0.7373046875 0.206796875 0.2273828125
0 0.1922265625 0.047421875 0.2439453125 0.0948828125
0 0.427265625 0.050234375 0.2396875 0.0948828125
0 0.6992578125 0.0641796875 0.2926171875 0.1227734375
0 0.843671875 0.1827734375 0.238203125 0.2678515625
0 0.9378125 0.030703125 0.119609375 0.0613671875
0 0.9641015625 0.1401953125 0.0717578125 0.174375
0 0.5374609375 0.5398828125 0.245234375 0.262265625
0 0.7090234375 0.661953125 0.301015625 0.27484375
0 0.92015625 0.63546875 0.1596484375 0.2999609375
0 0.7780859375 0.4366796875 0.2521484375 0.245546875
0 0.3644921875 0.889921875 0.2648046875 0.22015625
0 0.621171875 0.889375 0.2563671875 0.2190234375
0 0.8580859375 0.8558984375 0.283828125 0.263671875