1 0.050390625 0.1116796875 0.1007421875 0.223359375
0 0.4018359375 0.0595703125 0.27953125 0.119140625
1 0.454375 0.2254296875 0.247421875 0.259921875
1 0.8676953125 0.4991796875 0.2642578125 0.2509375
1 0.2875 0.7119140625 0.25484375 0.259765625
1 0.779609375 0.73859375 0.259921875 0.26890625
1 0.9463671875 0.746640625 0.1073046875 0.2250390625
0 0.211328125 0.175703125 0.2474609375 0.2516015625
0 0.0813671875 0.36046875 0.139453125 0.2643359375
0 0.284453125 0.4373046875 0.285234375 0.27390625
0 0.571328125 0.4540234375 0.2946875 0.26828125
0 0.7525 0.2742578125 0.230859375 0.2351953125
0 0.66546875 0.096484375 0.2833984375 0.187734375
0 0.8922265625 0.1166796875 0.21171875 0.2237890625
0 0.9366015625 0.3005078125 0.1268359375 0.144453125
0 0.5326953125 0.7244921875 0.2434765625 0.27625
0 0.096328125 0.6196484375 0.182421875 0.253203125
0 0.0961328125 0.840625 0.186328125 0.196875
0 0.1776953125 0.95921875 0.2105859375 0.0816015625
0 0.0347265625 0.97 0.0591796875 0.059765625
0 0.3734375 0.9125390625 0.21140625 0.174921875
0 0.6505078125 0.91796875 0.3133203125 0.1640625
0 0.8942578125 0.92015625 0.2114453125 0.1597265625