1 0.603046875 0.215546875 0.108515625 0.0851171875
1 0.68953125 0.242734375 0.116875 0.108828125
1 0.8359765625 0.2469140625 0.122421875 0.1171875
1 0.941796875 0.2204296875 0.11640625 0.1144140625
1 0.2403515625 0.390625 0.11140625 0.1171875
1 0.3275390625 0.4596875 0.11 0.11578125
1 0.41125 0.4136328125 0.1099609375 0.1241796875
1 0.505390625 0.3676171875 0.1169140625 0.1213671875
1 0.0434375 0.6773046875 0.0868359375 0.1353125
1 0.03921875 0.791015625 0.0784765625 0.1199609375
1 0.2131640625 0.82171875 0.121171875 0.1339453125
1 0.2982421875 0.759609375 0.118359375 0.1101953125
1 0.3177734375 0.655 0.1155859375 0.107421875
1 0.6365234375 0.7666015625 0.1029296875 0.107421875
1 0.6825390625 0.8537890625 0.10015625 0.1171875
1 0.852734375 0.616640625 0.1084765625 0.1116015625
1 0.9836328125 0.5789453125 0.0326953125 0.125546875
0 0.052734375 0.3836328125 0.09609375 0.106015625
0 0.15109375 0.3264453125 0.103046875 0.086484375
0 0.3296484375 0.3487890625 0.097421875 0.1032421875
0 0.41890625 0.304140625 0.1197265625 0.089296875
0 0.0311328125 0.47640625 0.0584375 0.1353125
0 0.0771484375 0.47921875 0.0946875 0.0934765625
0 0.1448046875 0.431796875 0.1212109375 0.1018359375
0 0.1364453125 0.538515625 0.1072265625 0.108828125
0 0.2333984375 0.507109375 0.100234375 0.107421875
0 0.0569140625 0.5705859375 0.09890625 0.0808984375
0 0.129453125 0.633359375 0.104453125 0.108828125
0 0.2159375 0.595703125 0.11 0.0948828125
0 0.199921875 0.7003515625 0.1169921875 0.09765625
0 0.11203125 0.740078125 0.1086328125 0.0934765625
0 0.110625 0.86078125 0.1309765625 0.1199609375
0 0.02484375 0.9054296875 0.048671875 0.1311328125
0 0.043671875 0.9638671875 0.0835546875 0.072265625
0 0.130859375 0.9722265625 0.0988671875 0.0555078125
0 0.1796875 0.9326171875 0.09328125 0.087890625
0 0.2612890625 0.91796875 0.11140625 0.1004296875
0 0.23828125 0.979921875 0.1128125 0.0401953125
0 0.3603125 0.947109375 0.1308984375 0.1057421875
0 0.4412109375 0.977265625 0.1113671875 0.0432421875
0 0.43984375 0.837734375 0.1476171875 0.138125
0 0.3296484375 0.8558984375 0.116953125 0.1101953125
0 0.5088671875 0.9359765625 0.12390625 0.1280859375
0 0.5946484375 0.889375 0.108515625 0.1018359375
0 0.609296875 0.9659765625 0.1238671875 0.0680859375
0 0.690234375 0.9326171875 0.1043359375 0.0934765625
0 0.765546875 0.87125 0.084765625 0.1018359375
0 0.794140625 0.960390625 0.1168359375 0.0792578125
0 0.8583203125 0.8837890625 0.102890625 0.1018359375
0 0.9543359375 0.9103125 0.0912890625 0.1297265625
0 0.803203125 0.7094140625 0.1015234375 0.1101953125
0 0.8896875 0.75265625 0.0958984375 0.107421875
0 0.95296875 0.8056640625 0.0941015625 0.0990625
0 0.51515625 0.5894140625 0.1197265625 0.11859375
0 0.397265625 0.7303125 0.12390625 0.1130078125
0 0.4223828125 0.6298828125 0.1183203125 0.1101953125
0 0.3303125 0.55875 0.098828125 0.107421875
0 0.506796875 0.703125 0.10578125 0.1144140625
0 0.5828125 0.6787109375 0.0876171875 0.0934765625
0 0.6337109375 0.5859375 0.1029296875 0.1004296875
0 0.68046875 0.6710546875 0.1238671875 0.1032421875
0 0.727890625 0.7644921875 0.09875 0.1116015625
0 0.5019140625 0.479921875 0.1015625 0.1032421875
0 0.409140625 0.5231640625 0.10859375 0.1004296875
0 0.74390625 0.606171875 0.116875 0.1130078125
0 0.8959765625 0.96109375 0.11125 0.0778515625