1 0.1312890625 0.1053125 0.262578125 0.2078515625
1 0.3184765625 0.4296875 0.2759765625 0.2399609375
1 0.532578125 0.3159765625 0.2801171875 0.2413671875
1 0.746015625 0.1730078125 0.2856640625 0.2371484375
1 0.902734375 0.3034375 0.19453125 0.23578125
1 0.3066015625 0.6940625 0.3025 0.27484375
1 0.7453125 0.6863671875 0.2675 0.2566796875
1 0.7711328125 0.89703125 0.26890625 0.203671875
1 0.9187890625 0.7770703125 0.1624609375 0.2483203125
1 0.0385546875 0.4533984375 0.0770703125 0.2204296875
0 0.0441015625 0.6905859375 0.0882421875 0.25390625
0 0.1496875 0.860078125 0.2174609375 0.2134375
0 0.0569140625 0.9262109375 0.107265625 0.1476171875
0 0.541640625 0.8244921875 0.2424609375 0.2287890625
0 0.359609375 0.9054296875 0.2578515625 0.186953125
0 0.5465234375 0.5496484375 0.2605859375 0.2483203125
0 0.329609375 0.1953125 0.2453125 0.2287890625
0 0.755078125 0.41921875 0.2173046875 0.2469140625
0 0.107578125 0.295078125 0.21515625 0.2273828125
0 0.9125 0.546171875 0.175 0.23296875
0 0.5186328125 0.0927734375 0.246640625 0.185546875
0 0.3282421875 0.038359375 0.2118359375 0.07671875
0 0.73625 0.0320703125 0.201953125 0.0558203125
0 0.92015625 0.096953125 0.1596484375 0.1827734375
0 0.9369140625 0.9422265625 0.126171875 0.1155078125
0 0.5751171875 0.9541015625 0.2312890625 0.091796875
0 0.12875 0.5719921875 0.19234375 0.21484375