1 0.4771484375 0.025703125 0.1844921875 0.0513671875
1 0.491015625 0.1841796875 0.2469921875 0.241640625
1 0.291171875 0.30421875 0.2509375 0.262109375
1 0.9011328125 0.892734375 0.1939453125 0.2142578125
1 0.0139453125 0.568828125 0.0278515625 0.1081640625
1 0.0440625 0.95703125 0.0821875 0.0859375
1 0.4053125 0.9709375 0.192734375 0.0581640625
0 0.68828125 0.08171875 0.22046875 0.158203125
0 0.0646484375 0.06390625 0.127734375 0.1278125
0 0.2614453125 0.0830078125 0.2131640625 0.1521484375
0 0.081796875 0.2321484375 0.148984375 0.1769921875
0 0.097421875 0.44859375 0.180234375 0.220078125
0 0.32046875 0.55734375 0.247890625 0.2283984375
0 0.118671875 0.69734375 0.2141015625 0.2541015625
0 0.0266796875 0.835625 0.0474609375 0.1339453125
0 0.1950390625 0.9087890625 0.2591796875 0.1717578125
0 0.339140625 0.792890625 0.2209765625 0.24375
0 0.5305078125 0.63765625 0.237421875 0.2241015625
0 0.510546875 0.4140625 0.2079296875 0.2196484375
0 0.717578125 0.291640625 0.2243359375 0.2525390625
0 0.898515625 0.117109375 0.1887109375 0.2159765625
0 0.909453125 0.37 0.1810546875 0.2660546875
0 0.737109375 0.531953125 0.226953125 0.2340234375
0 0.9170703125 0.643515625 0.1658984375 0.2401953125
0 0.73296875 0.7637890625 0.2455859375 0.25328125
0 0.5715234375 0.876875 0.2560546875 0.2425
0 0.7316796875 0.96703125 0.1336328125 0.0659765625