1 0.1328125 0.1353515625 0.265625 0.26984375
1 0.413359375 0.4194921875 0.27390625 0.2782421875
1 0.4712890625 0.6773828125 0.255234375 0.259296875
1 0.067734375 0.4972265625 0.128515625 0.28609375
1 0.6937109375 0.7021484375 0.22 0.2549609375
1 0.968046875 0.0843359375 0.0638671875 0.1634375
1 0.987578125 0.8015625 0.0248046875 0.13953125
0 0.3016015625 0.05 0.150234375 0.1
0 0.3415234375 0.2154296875 0.23703125 0.2208203125
0 0.0434375 0.2814453125 0.086875 0.15484375
0 0.1785546875 0.39171875 0.2192578125 0.28515625
0 0.23953125 0.6324609375 0.22578125 0.23453125
0 0.091328125 0.7116796875 0.1680859375 0.2219921875
0 0.1787890625 0.8826171875 0.232734375 0.2348046875
0 0.035625 0.8909765625 0.07125 0.214296875
0 0.3208984375 0.9559375 0.1671484375 0.088125
0 0.3591015625 0.8471484375 0.243515625 0.225546875
0 0.5461328125 0.9194921875 0.2582421875 0.161015625
0 0.4836328125 0.086484375 0.2235546875 0.17296875
0 0.7049609375 0.0882421875 0.24953125 0.1764453125
0 0.5669921875 0.2449609375 0.206171875 0.2138671875
0 0.7568359375 0.3075 0.2187109375 0.248671875
0 0.887265625 0.114296875 0.1800390625 0.2285546875
0 0.93484375 0.339609375 0.1302734375 0.292109375
0 0.63640625 0.470078125 0.23390625 0.2153125
0 0.8408203125 0.5265234375 0.21390625 0.2275
0 0.8803125 0.7312109375 0.22171875 0.2593359375
0 0.767890625 0.9105859375 0.2625390625 0.178828125
0 0.94203125 0.9225390625 0.1159765625 0.1549609375