1 0.4907421875 0.2273828125 0.2215625 0.2287890625
1 0.1643359375 0.5678125 0.2355859375 0.265078125
1 0.3861328125 0.6521875 0.24390625 0.2859765625
1 0.783671875 0.5315234375 0.299609375 0.3152734375
1 0.9585546875 0.8049609375 0.0829296875 0.1980859375
1 0.8873828125 0.9359765625 0.225234375 0.1280859375
0 0.0566796875 0.0327734375 0.113359375 0.0655859375
0 0.225703125 0.138125 0.2606640625 0.242734375
0 0.0943359375 0.3055078125 0.188671875 0.3152734375
0 0.3177734375 0.3857421875 0.274609375 0.2413671875
0 0.0476171875 0.7177734375 0.0951953125 0.341796875
0 0.531171875 0.45828125 0.2159375 0.23296875
0 0.610703125 0.711484375 0.2605859375 0.2678515625
0 0.47328125 0.892734375 0.2843359375 0.2145703125
0 0.2012890625 0.8425 0.26484375 0.3122265625
0 0.0915234375 0.9631640625 0.1830859375 0.073671875
0 0.7034765625 0.9171484375 0.21171875 0.1657421875
0 0.8269140625 0.78890625 0.218671875 0.2273828125
0 0.6623046875 0.080234375 0.27453125 0.1604296875
0 0.7097265625 0.256015625 0.260546875 0.244140625
0 0.890859375 0.0990625 0.2182421875 0.1980859375
0 0.910390625 0.3152734375 0.1791796875 0.2901953125
0 0.95015625 0.5789453125 0.0996484375 0.2790234375