1 0.5426953125 0.392734375 0.2706640625 0.2692578125
1 0.6208203125 0.558046875 0.2566796875 0.2483203125
1 0.5050390625 0.7477734375 0.2511328125 0.242734375
1 0.0732421875 0.8063671875 0.146484375 0.2873828125
1 0.9324609375 0.8363671875 0.1350390625 0.2608984375
1 0.7742578125 0.928984375 0.2790234375 0.14203125
1 0.3864453125 0.96109375 0.21484375 0.0778515625
1 0.7582421875 0.1904296875 0.263671875 0.21625
1 0.7421875 0.0432421875 0.245546875 0.086484375
1 0.9429296875 0.24203125 0.1141015625 0.2580859375
1 0.901796875 0.41015625 0.1964453125 0.2399609375