1 0.1471875 0.0690625 0.2859765625 0.1353125
1 0.1590234375 0.275546875 0.2985546875 0.2776171875
1 0.214140625 0.7484765625 0.2664453125 0.263671875
1 0.6375390625 0.8843359375 0.29296875 0.2312890625
1 0.62359375 0.4750390625 0.2511328125 0.23296875
1 0.849609375 0.31109375 0.25390625 0.242734375
0 0.3969140625 0.37109375 0.2413671875 0.265078125
0 0.380859375 0.126953125 0.234375 0.25390625
0 0.6298828125 0.2316015625 0.2608984375 0.25390625
0 0.6005859375 0.0551171875 0.2301953125 0.1101953125
0 0.8321875 0.10671875 0.2469140625 0.2023046875
0 0.861484375 0.5517578125 0.2385546875 0.2608984375
0 0.663359375 0.67453125 0.23578125 0.19390625
0 0.87109375 0.780546875 0.2578125 0.21625
0 0.40875 0.8454296875 0.2371484375 0.21484375
0 0.2392578125 0.940859375 0.23578125 0.1183203125
0 0.08578125 0.8747265625 0.1716015625 0.2483203125
0 0.0544140625 0.6305859375 0.108828125 0.2371484375
0 0.03765625 0.4066796875 0.0753515625 0.23296875
0 0.1785546875 0.517578125 0.2483203125 0.234375
0 0.8941015625 0.9352734375 0.2117578125 0.129453125