1 0.1908203125 0.535703125 0.2690234375 0.2594921875
1 0.910390625 0.479921875 0.1791796875 0.2873828125
1 0.7669140625 0.8655078125 0.2661328125 0.268984375
1 0.08109375 0.910859375 0.1621484375 0.17828125
0 0.15875 0.0920703125 0.23 0.1785546875
0 0.3603125 0.137421875 0.234140625 0.2301953125
0 0.0373828125 0.16390625 0.0626171875 0.23578125
0 0.1538671875 0.2894921875 0.236953125 0.2078515625
0 0.032265625 0.460390625 0.06453125 0.2706640625
0 0.37984375 0.390625 0.2369140625 0.2511328125
0 0.386796875 0.6570703125 0.234140625 0.234375
0 0.147578125 0.7763671875 0.2439453125 0.2497265625
0 0.5569921875 0.516875 0.228515625 0.2273828125
0 0.5591015625 0.7903125 0.23546875 0.2385546875
0 0.340078125 0.887265625 0.2662109375 0.2176171875
0 0.5674609375 0.2594921875 0.2605859375 0.223203125
0 0.571640625 0.07046875 0.21875 0.1408984375
0 0.78296875 0.0334765625 0.189375 0.066953125
0 0.784375 0.1590234375 0.2228515625 0.1953125
0 0.7508984375 0.360625 0.21171875 0.205078125
0 0.75578125 0.6208203125 0.2521875 0.2316015625
0 0.9152734375 0.7296484375 0.1694140625 0.21484375
0 0.931328125 0.920625 0.13734375 0.15875
0 0.5939453125 0.9652734375 0.207578125 0.0694921875
0 0.9271484375 0.04671875 0.145703125 0.0934765625
0 0.9390234375 0.20578125 0.1219921875 0.2525