1 0.3097265625 0.2294921875 0.284609375 0.2776171875
1 0.43875 0.478515625 0.27484375 0.2901953125
1 0.2525 0.02859375 0.234375 0.0571875
0 0.1130078125 0.12765625 0.226015625 0.2301953125
0 0.4617578125 0.0920703125 0.2399609375 0.184140625
0 0.5538671875 0.2685546875 0.234375 0.23578125
0 0.6780078125 0.0355859375 0.1897265625 0.068359375
0 0.76171875 0.1806640625 0.2399609375 0.224609375
0 0.88296875 0.3669140625 0.2341015625 0.2371484375
0 0.8864453125 0.0613671875 0.227109375 0.1227734375
0 0.947109375 0.17578125 0.1057421875 0.2371484375
0 0.1883203125 0.4736328125 0.2483203125 0.2664453125