1 0.078828125 0.068359375 0.15484375 0.13671875
1 0.7366015625 0.2971484375 0.265078125 0.2762109375
1 0.87875 0.9157421875 0.2424609375 0.168515625
0 0.147890625 0.204375 0.2371484375 0.263671875
0 0.0851171875 0.4429296875 0.15625 0.2776171875
0 0.28109375 0.389921875 0.2218359375 0.2301953125
0 0.3933984375 0.1694921875 0.2399609375 0.2190234375
0 0.5050390625 0.3676171875 0.2204296875 0.2469140625
0 0.5978125 0.107421875 0.2106640625 0.21484375
0 0.3669140625 0.0327734375 0.1925390625 0.0655859375
0 0.93109375 0.2099609375 0.1378515625 0.322265625
0 0.8349609375 0.5196875 0.2273828125 0.2553125
0 0.603359375 0.54828125 0.2413671875 0.2483203125
0 0.373203125 0.5991796875 0.2385546875 0.2580859375
0 0.1653125 0.655 0.2218359375 0.2608984375
0 0.029296875 0.685703125 0.05859375 0.2134375
0 0.089296875 0.8878515625 0.17578125 0.2243359375
0 0.302734375 0.85171875 0.234375 0.2525
0 0.438046875 0.96109375 0.2120703125 0.0778515625
0 0.5308203125 0.809140625 0.2525 0.25390625
0 0.763828125 0.7651953125 0.2273828125 0.244140625
0 0.661953125 0.9324609375 0.21625 0.1350390625
0 0.938046875 0.72125 0.1238671875 0.2316015625
0 0.9715234375 0.4931640625 0.0569140625 0.2078515625