1 0.0687890625 0.096953125 0.1365625 0.19390625
1 0.3575 0.6277734375 0.270390625 0.284609375
1 0.570234375 0.762421875 0.27453125 0.2553125
1 0.0280859375 0.9038671875 0.056171875 0.1922265625
1 0.158046875 0.9436328125 0.278828125 0.112734375
0 0.2382421875 0.1401953125 0.255078125 0.2273828125
0 0.090859375 0.2978515625 0.1816796875 0.2273828125
0 0.1224609375 0.5343359375 0.2355859375 0.25390625
0 0.311484375 0.3752734375 0.2676171875 0.2706640625
0 0.1326953125 0.77078125 0.265390625 0.2525
0 0.367265625 0.8752734375 0.2815625 0.249453125
0 0.5981640625 0.939453125 0.2773046875 0.12109375
0 0.4216796875 0.0530078125 0.2564453125 0.106015625
0 0.4719140625 0.21625 0.2731640625 0.2316015625
0 0.55 0.448515625 0.267578125 0.2664453125
0 0.743203125 0.2601953125 0.2828515625 0.294375
0 0.734140625 0.585234375 0.2758984375 0.2301953125
0 0.790625 0.8440234375 0.2466015625 0.2399609375
0 0.9369140625 0.889921875 0.126171875 0.22015625
0 0.920859375 0.685703125 0.15828125 0.23296875
0 0.893671875 0.4526953125 0.21265625 0.2301953125
0 0.65671875 0.068359375 0.2577734375 0.13671875
0 0.8880859375 0.1025390625 0.223828125 0.2023046875
0 0.95015625 0.256015625 0.0996484375 0.15765625
0 0.814375 0.97015625 0.179609375 0.0597265625