1 0.438046875 0.4233984375 0.2511328125 0.2553125
1 0.3578515625 0.8634375 0.2497265625 0.2731640625
1 0.9345703125 0.3062109375 0.130859375 0.2776171875
0 0.2071875 0.4164453125 0.2023046875 0.2273828125
0 0.294375 0.64453125 0.2594921875 0.226015625
0 0.5740625 0.6312890625 0.244140625 0.2301953125
0 0.76171875 0.184140625 0.2287890625 0.245546875
0 0.604765625 0.8733203125 0.23296875 0.2511328125
0 0.7673046875 0.783359375 0.1897265625 0.1883203125
0 0.8447265625 0.93109375 0.2385546875 0.1350390625
0 0.9178125 0.759609375 0.1643359375 0.2134375
0 0.6668359375 0.3857421875 0.2287890625 0.2525
0 0.8752734375 0.525234375 0.249453125 0.2692578125
0 0.1820703125 0.955625 0.1687890625 0.086484375
0 0.939453125 0.125546875 0.12109375 0.0948828125