1 0.3051953125 0.2887890625 0.2857421875 0.2706640625
1 0.2305859375 0.537109375 0.256484375 0.2483203125
1 0.3275390625 0.909453125 0.28015625 0.18109375
1 0.920859375 0.427578125 0.1582421875 0.2859765625
1 0.960625 0.197421875 0.07875 0.2218359375
1 0.943203125 0.96109375 0.1136328125 0.0778515625
0 0.5848828125 0.9226953125 0.2591796875 0.1545703125
0 0.0950390625 0.919921875 0.1900390625 0.16015625
0 0.0478515625 0.53921875 0.0919140625 0.2525
0 0.1419921875 0.7547265625 0.277421875 0.2371484375
0 0.388203125 0.7240625 0.2369140625 0.245546875
0 0.4788671875 0.5043359375 0.25921875 0.2385546875
0 0.6490625 0.7268359375 0.284296875 0.2985546875
0 0.5653515625 0.2859765625 0.245234375 0.2316015625
0 0.8248046875 0.889375 0.217265625 0.21625
0 0.5688671875 0.0913671875 0.266171875 0.1827734375
0 0.840859375 0.1011328125 0.2326171875 0.1994921875
0 0.0922265625 0.2957421875 0.1844921875 0.2790234375
0 0.7223046875 0.4736328125 0.2716796875 0.27484375
0 0.8880859375 0.673828125 0.223828125 0.2706640625
0 0.8080859375 0.226015625 0.2284375 0.203671875
0 0.1259765625 0.0990625 0.2453515625 0.1897265625
0 0.3358984375 0.080234375 0.24109375 0.15765625