1 0.242421875 0.8738671875 0.2718359375 0.2522265625
1 0.4795703125 0.5050390625 0.2605859375 0.2483203125
1 0.301015625 0.1032421875 0.294140625 0.206484375
0 0.78296875 0.9338671875 0.2730859375 0.132265625
0 0.079921875 0.0913671875 0.15609375 0.1827734375
0 0.0378515625 0.2671484375 0.075703125 0.2134375
0 0.1831640625 0.27484375 0.248125 0.234375
0 0.081328125 0.4743359375 0.161640625 0.2371484375
0 0.2682421875 0.5022265625 0.2034765625 0.245546875
0 0.146875 0.6584765625 0.200703125 0.242734375
0 0.0462109375 0.6808203125 0.092421875 0.2594921875
0 0.0673828125 0.873203125 0.125390625 0.2536328125
0 0.4133203125 0.2706640625 0.250859375 0.2483203125
0 0.5779296875 0.1025390625 0.2675390625 0.205078125
0 0.80390625 0.115078125 0.239609375 0.2218359375
0 0.9515625 0.125546875 0.096875 0.2511328125
0 0.893671875 0.3257421875 0.21265625 0.2692578125
0 0.6532421875 0.281796875 0.2675390625 0.2371484375
0 0.7153125 0.5196875 0.260546875 0.2608984375
0 0.361015625 0.7101171875 0.2271484375 0.245546875
0 0.598828125 0.685703125 0.236875 0.21625
0 0.64765625 0.8752734375 0.2089453125 0.249453125
0 0.44890625 0.8976171875 0.210390625 0.2048046875
0 0.8678515625 0.7387109375 0.264296875 0.3278515625
0 0.9466796875 0.93734375 0.106640625 0.1252734375
0 0.9166796875 0.5441015625 0.166640625 0.226015625