1 0.5206614583333333 0.30535294117647055 0.0638125 0.11952941176470588
1 0.5392760416666668 0.5169313725490196 0.061984375 0.11622549019607843
1 0.5355052083333334 0.9696078431372549 0.050791666666666666 0.060784313725490195
1 0.7878124999999999 0.390421568627451 0.06686979166666666 0.1181078431372549
1 0.26053645833333333 0.32128431372549016 0.05919270833333334 0.10727450980392157
1 0.32953645833333334 0.4806470588235294 0.05657291666666667 0.10247058823529412
1 0.18177083333333333 0.540470588235294 0.060515624999999997 0.10447058823529412
1 0.3166510416666667 0.16192156862745097 0.059437500000000004 0.11207843137254901
1 0.32966666666666666 0.06458823529411764 0.05422916666666667 0.0987843137254902
1 0.5394062500000001 0.12343137254901962 0.059640625 0.1184313725490196
1 0.51271875 0.8003529411764706 0.060953125000000004 0.11443137254901961
1 0.36221875000000003 0.9084803921568627 0.062031249999999996 0.10615686274509804