1 0.1462395833333333 0.11730392156862746 0.06757291666666668 0.13068627450980394
0 0.54253125 0.7792745098039215 0.06848958333333334 0.14090196078431372
1 0.6225937500000001 0.39876470588235297 0.06871875 0.1289019607843137
1 0.155609375 0.695921568627451 0.096734375 0.1702745098039216
1 0.24544270833333334 0.7319509803921569 0.07327083333333334 0.12959803921568627
1 0.23177083333333334 0.4865294117647059 0.058953125 0.11424509803921569
0 0.5890052083333334 0.13888235294117646 0.085921875 0.15423529411764705
0 0.35023437500000004 0.10235294117647059 0.10056770833333334 0.18412745098039215
0 0.7162083333333332 0.25263725490196076 0.05386979166666667 0.10723529411764705
0 0.8134635416666666 0.3205588235294118 0.07389583333333333 0.14012745098039217
0 0.7488854166666666 0.5066372549019608 0.06974479166666667 0.14465686274509806
0 0.8236145833333333 0.5345882352941176 0.078578125 0.15154901960784314
0 0.7771354166666666 0.6498235294117648 0.0715625 0.1565098039215686
0 0.6481197916666667 0.6503137254901962 0.07133333333333333 0.12806862745098038
0 0.8381979166666667 0.8503627450980392 0.066078125 0.09681372549019608
0 0.363390625 0.682186274509804 0.06177083333333333 0.12318627450980393
0 0.21666145833333333 0.3379607843137255 0.08445833333333333 0.1602450980392157
0 0.10847395833333334 0.4482941176470588 0.0675625 0.15541176470588236
0 0.14974479166666665 0.3556078431372549 0.05375 0.09749019607843137
0 0.4909739583333333 0.17370588235294118 0.077359375 0.1513137254901961
0 0.28189583333333335 0.4492745098039216 0.06475520833333333 0.1377549019607843
0 0.273171875 0.5826470588235294 0.06397395833333333 0.1496078431372549
1 0.210671875 0.5912254901960784 0.06102604166666667 0.13245098039215686
0 0.8953541666666667 0.19109803921568627 0.05798958333333334 0.13612745098039214
0 0.8358541666666667 0.13053921568627452 0.06243229166666667 0.12775490196078432
0 0.5895416666666667 0.023529411764705882 0.06144791666666667 0.047058823529411764
0 0.20013541666666665 0.18938235294117645 0.061609375 0.1277941176470588
0 0.249609375 0.22958823529411765 0.056416666666666664 0.11016666666666668
0 0.404796875 0.7787843137254902 0.06895312499999999 0.1301078431372549
0 0.09207291666666667 0.7174901960784315 0.032942708333333334 0.13498039215686275
0 0.686921875 0.4505 0.06459895833333333 0.13530392156862744
0 0.30428645833333334 0.7130686274509804 0.06163541666666667 0.11634313725490196
0 0.5933125 0.7128235294117647 0.04608854166666666 0.10113725490196078
0 0.4967135416666667 0.29726470588235293 0.057 0.0925392156862745