1 0.14089375 0.061877777777777775 0.06787499999999999 0.1051
1 0.3258625 0.5069111111111111 0.05981875 0.11515555555555555
1 0.43946874999999996 0.37953333333333333 0.060531249999999995 0.11373333333333334
1 0.5060875 0.8103333333333332 0.06725625 0.11312222222222222
1 0.53795625 0.5091333333333333 0.0575 0.11071111111111111
0 0.16263750000000002 0.5038 0.06436875 0.11781111111111112
0 0.266875 0.34397777777777777 0.05783750000000001 0.09947777777777778
0 0.23850000000000002 0.6405000000000001 0.0526 0.09344444444444444
0 0.6529375000000001 0.697188888888889 0.047468750000000004 0.0868111111111111
0 0.16638750000000002 0.8974666666666667 0.05486875 0.09182222222222222
1 0.7430437499999999 0.43977777777777777 0.0551875 0.09643333333333334
1 0.7535437500000001 0.8754666666666666 0.05618125 0.10381111111111112
1 0.41035 0.7145222222222223 0.05479375 0.1126111111111111
1 0.43059375000000005 0.2637222222222222 0.05778125 0.0998888888888889
0 0.5260812500000001 0.3997666666666667 0.058762499999999995 0.10529999999999999
0 0.43946874999999996 0.6242777777777778 0.05803125 0.101
1 0.14063124999999999 0.2932888888888889 0.06785624999999999 0.11902222222222222
1 0.32935625 0.053655555555555554 0.06280625 0.10731111111111111
0 0.7680500000000001 0.654511111111111 0.057699999999999994 0.10812222222222223
1 0.5004625 0.028755555555555555 0.06501875 0.05751111111111111
1 0.25936875 0.21926666666666667 0.065325 0.12475555555555555
1 0.3726 0.21860000000000002 0.056799999999999996 0.11186666666666667
1 0.38060000000000005 0.3277111111111111 0.06279375 0.10992222222222223
1 0.49321875 0.30284444444444447 0.06446875 0.12481111111111111
1 0.79705625 0.3871 0.06429375 0.11996666666666667
1 0.866925 0.42777777777777776 0.0620625 0.11687777777777777
1 0.87205 0.7803222222222221 0.06431250000000001 0.11976666666666667
1 0.5720875 0.8445666666666667 0.0542375 0.11935555555555556
1 0.59308125 0.9468888888888889 0.06224375 0.10622222222222222
1 0.52995625 0.9252555555555556 0.06400625 0.1074
1 0.34673125 0.8899111111111111 0.06255625000000001 0.12116666666666666
1 0.2941125 0.6989666666666667 0.05981875 0.11882222222222222
0 0.3121125 0.9646666666666667 0.0558125 0.07066666666666667
0 0.0751375 0.25683333333333336 0.061875 0.11722222222222223
0 0.0922625 0.37353333333333333 0.055618749999999995 0.0972888888888889
0 0.1033875 0.4784555555555556 0.05336875 0.09378888888888888
0 0.07365000000000001 0.6727444444444445 0.0511125 0.1108
0 0.1131375 0.5873777777777778 0.0578625 0.1072
0 0.19537500000000002 0.7180888888888889 0.06734375 0.11972222222222222
0 0.272125 0.45666666666666667 0.0641625 0.11245555555555554
0 0.2796125 0.5713666666666667 0.054825 0.10363333333333333
0 0.3318625 0.6131666666666666 0.059675000000000006 0.10543333333333334
1 0.38598125000000005 0.5722666666666666 0.0639375 0.11252222222222222
1 0.38310625000000004 0.45311111111111113 0.0621875 0.12312222222222223
0 0.32411875 0.39376666666666665 0.060175 0.12442222222222223
1 0.32010625 0.27549999999999997 0.061812500000000006 0.11901111111111111
0 0.2674875 0.0918888888888889 0.06507500000000001 0.11623333333333333
0 0.205625 0.10612222222222223 0.0628375 0.10912222222222222
0 0.22675625 0.026977777777777778 0.0674 0.05394444444444444
0 0.192125 0.21059999999999998 0.06784375 0.11363333333333332
0 0.0773875 0.04387777777777778 0.055374999999999994 0.08774444444444444
1 0.0720125 0.1419111111111111 0.04413125 0.12293333333333334
0 0.12563125 0.17836666666666667 0.0628625 0.10694444444444444
0 0.1488875 0.40176666666666666 0.06563125 0.12264444444444444
0 0.20500625 0.3177333333333333 0.059893749999999996 0.10569999999999999
0 0.222625 0.5246888888888889 0.0568375 0.11516666666666667
1 0.45109375 0.081 0.06378125 0.11666666666666667
0 0.4721 0.18903333333333333 0.06421249999999999 0.1105111111111111
0 0.5812062499999999 0.13391111111111112 0.06848749999999999 0.1247
1 0.81255625 0.03431111111111111 0.06329375 0.06862222222222222
1 0.78605 0.27172222222222225 0.06369375 0.12034444444444445
0 0.7701749999999999 0.15257777777777776 0.05945 0.11315555555555556
0 0.72980625 0.3293 0.06220625 0.11192222222222223
0 0.92740625 0.664511111111111 0.048912500000000005 0.11035555555555555
0 0.6416937500000001 0.4713444444444444 0.06248125 0.10178888888888889
0 0.7071875 0.6055999999999999 0.0634625 0.1072111111111111
0 0.7651749999999999 0.7621 0.05945 0.11441111111111112
0 0.8044312499999999 0.9343666666666666 0.05704375 0.10785555555555555
0 0.92153125 0.8741333333333333 0.0586625 0.10736666666666667
0 0.8721625000000001 0.5444777777777777 0.06342500000000001 0.11917777777777779
0 0.8141750000000001 0.6069333333333333 0.0574375 0.09742222222222223
0 0.76155625 0.5458111111111111 0.0647 0.11294444444444444
0 0.60595625 0.25194444444444447 0.07399375 0.12077777777777778
0 0.6588249999999999 0.17414444444444444 0.06575625 0.11627777777777779
0 0.637575 0.06188888888888889 0.06325 0.12376666666666666
0 0.4789625 0.4669 0.062018750000000004 0.11067777777777778
0 0.48933750000000004 0.5827111111111112 0.055268750000000005 0.10674444444444443
0 0.4336 0.5113555555555556 0.061200000000000004 0.1284888888888889
0 0.58945 0.5529222222222222 0.06299375 0.1094
0 0.58070625 0.4368888888888889 0.059487500000000006 0.11733333333333333
0 0.5498375 0.7383111111111111 0.06373125 0.11573333333333333
1 0.593825 0.6622888888888888 0.06024375 0.1148
0 0.35160625 0.7118555555555555 0.05480625 0.09393333333333334
0 0.38034999999999997 0.8103333333333332 0.057300000000000004 0.09977777777777777
0 0.441975 0.8103333333333332 0.06195625 0.11755555555555555
0 0.25025 0.9646666666666667 0.05040625000000001 0.07066666666666667
0 0.37011249999999996 0.9724444444444444 0.058187499999999996 0.05511111111111111
0 0.46746250000000006 0.9148111111111111 0.059025 0.10428888888888889
1 0.49509375 0.9813333333333334 0.05821875000000001 0.037333333333333336
0 0.43185 0.9780000000000001 0.059699999999999996 0.044000000000000004
0 0.7091937500000001 0.7114111111111111 0.06251875 0.11972222222222222
1 0.71719375 0.8143333333333334 0.046525 0.08109999999999999
0 0.9251625 0.45599999999999996 0.050575 0.11112222222222223
0 0.8323 0.20459999999999998 0.0688 0.10873333333333333
0 0.87704375 0.14101111111111111 0.05431250000000001 0.09003333333333334
0 0.8248000000000001 0.10677777777777778 0.0538 0.08378888888888888
0 0.6905687500000001 0.029111111111111112 0.05726875 0.058222222222222224
0 0.76130625 0.05343333333333334 0.0592 0.08375555555555556
0 0.08226875 0.7734 0.0563625 0.08964444444444446
0 0.21763125 0.9016888888888889 0.05315 0.09137777777777777
0 0.3698625 0.016888888888888887 0.053687500000000006 0.033777777777777775
0 0.5387125 0.21837777777777778 0.063475 0.12031111111111112
0 0.81455625 0.8265555555555555 0.0593 0.11001111111111112
0 0.849675 0.9780000000000001 0.05155625 0.044000000000000004