1 0.50390625 0.39453125 0.10546875 0.1171875
1 0.23046875 0.357421875 0.1171875 0.11328125
1 0.208984375 0.255859375 0.12109375 0.109375
1 0.376953125 0.12890625 0.12109375 0.109375
1 0.36328125 0.037109375 0.1171875 0.07421875
1 0.029296875 0.453125 0.05859375 0.109375
1 0.123046875 0.55859375 0.13671875 0.15625
1 0.24609375 0.572265625 0.109375 0.12890625
1 0.421875 0.92578125 0.109375 0.1015625
1 0.24609375 0.865234375 0.1171875 0.125
1 0.162109375 0.90234375 0.09765625 0.09375
1 0.08203125 0.84765625 0.1171875 0.1171875
0 0.513671875 0.611328125 0.10546875 0.09765625
0 0.591796875 0.72265625 0.11328125 0.1015625
0 0.490234375 0.72265625 0.1015625 0.0859375
0 0.3828125 0.74609375 0.109375 0.1171875
0 0.46484375 0.828125 0.1171875 0.10546875
0 0.572265625 0.826171875 0.11328125 0.10546875
0 0.53515625 0.919921875 0.109375 0.10546875
0 0.5390625 0.501953125 0.109375 0.09375
0 0.435546875 0.544921875 0.12109375 0.10546875
0 0.419921875 0.65625 0.10546875 0.109375
0 0.599609375 0.431640625 0.09765625 0.08984375
0 0.55859375 0.318359375 0.09375 0.0859375
0 0.49609375 0.265625 0.1015625 0.109375
0 0.416015625 0.3359375 0.09765625 0.09375
0 0.32421875 0.390625 0.109375 0.09375
0 0.416015625 0.435546875 0.08203125 0.09765625
0 0.328125 0.48828125 0.1171875 0.1015625
0 0.34375 0.595703125 0.1015625 0.1171875
0 0.30078125 0.677734375 0.109375 0.09765625
0 0.26953125 0.771484375 0.1171875 0.10546875
0 0.15625 0.765625 0.109375 0.109375
0 0.046875 0.751953125 0.08984375 0.08984375
0 0.255859375 0.060546875 0.10546875 0.10546875
0 0.20703125 0.1484375 0.10546875 0.1015625
0 0.109375 0.15234375 0.10546875 0.09375
0 0.08984375 0.248046875 0.109375 0.10546875
0 0.04296875 0.333984375 0.0859375 0.12109375
0 0.09765625 0.4375 0.11328125 0.109375
0 0.138671875 0.328125 0.10546875 0.10546875
0 0.05859375 0.06640625 0.109375 0.125
0 0.158203125 0.05859375 0.10546875 0.1015625
0 0.390625 0.224609375 0.109375 0.10546875
0 0.314453125 0.29296875 0.12109375 0.109375
0 0.4765625 0.1640625 0.1171875 0.1015625
0 0.353515625 0.84765625 0.11328125 0.109375
0 0.3359375 0.951171875 0.109375 0.09765625
0 0.224609375 0.9609375 0.11328125 0.078125
0 0.087890625 0.951171875 0.09765625 0.08984375
0 0.201171875 0.66015625 0.09765625 0.08984375
0 0.1015625 0.673828125 0.0859375 0.1015625
0 0.033203125 0.564453125 0.06640625 0.08984375
0 0.03125 0.671875 0.0625 0.1015625