1 0.708984375 0.38671875 0.23046875 0.234375
1 0.80859375 0.185546875 0.234375 0.25390625
1 0.66015625 0.08203125 0.2734375 0.1640625
1 0.267578125 0.296875 0.24609375 0.25
1 0.095703125 0.451171875 0.19140625 0.24609375
1 0.08203125 0.2109375 0.1640625 0.21875
1 0.76953125 0.9296875 0.25 0.140625
0 0.90625 0.3984375 0.1875 0.2265625
0 0.556640625 0.591796875 0.23046875 0.23046875
0 0.314453125 0.548828125 0.27734375 0.2734375
0 0.265625 0.09375 0.2578125 0.1875
0 0.458984375 0.162109375 0.21484375 0.19140625
0 0.486328125 0.357421875 0.24609375 0.2421875
0 0.10546875 0.703125 0.2109375 0.25
0 0.3984375 0.7890625 0.2265625 0.25
0 0.66015625 0.783203125 0.2734375 0.26171875
0 0.7890625 0.572265625 0.203125 0.21875
0 0.8984375 0.79296875 0.203125 0.21875
0 0.291015625 0.927734375 0.21484375 0.14453125
0 0.626953125 0.21484375 0.14453125 0.140625