1 0.611328125 0.560546875 0.25390625 0.24609375
1 0.7734375 0.740234375 0.2578125 0.24609375
1 0.552734375 0.185546875 0.26171875 0.26171875
1 0.8046875 0.130859375 0.2421875 0.23828125
1 0.716796875 0.359375 0.25390625 0.2265625
1 0.85546875 0.521484375 0.2421875 0.23046875
1 0.953125 0.671875 0.09375 0.2265625
1 0.0390625 0.486328125 0.078125 0.27734375
0 0.20703125 0.45703125 0.2578125 0.2578125
0 0.083984375 0.234375 0.16796875 0.2421875
0 0.1328125 0.6953125 0.265625 0.28125
0 0.3203125 0.865234375 0.2421875 0.23828125
0 0.375 0.62109375 0.2421875 0.20703125
0 0.47265625 0.41796875 0.26953125 0.25390625
0 0.30859375 0.232421875 0.28125 0.22265625
0 0.71484375 0.927734375 0.203125 0.14453125
0 0.462890625 0.052734375 0.20703125 0.10546875
0 0.91796875 0.310546875 0.1640625 0.18359375