1 0.47265625 0.896484375 0.109375 0.11328125
1 0.369140625 0.869140625 0.11328125 0.10546875
1 0.373046875 0.658203125 0.11328125 0.11328125
1 0.208984375 0.65234375 0.10546875 0.109375
1 0.095703125 0.69140625 0.125 0.12890625
1 0.048828125 0.609375 0.09765625 0.1171875
1 0.017578125 0.24609375 0.03515625 0.09375
0 0.32421875 0.505859375 0.10546875 0.11328125
0 0.22265625 0.455078125 0.1015625 0.11328125
0 0.115234375 0.43359375 0.09765625 0.09375
0 0.052734375 0.32421875 0.10546875 0.1015625
0 0.572265625 0.8203125 0.09765625 0.10546875
0 0.466796875 0.775390625 0.08984375 0.1015625
0 0.37890625 0.767578125 0.1171875 0.10546875
0 0.572265625 0.931640625 0.08984375 0.109375
0 0.29296875 0.71484375 0.1015625 0.09375
0 0.19140625 0.7578125 0.125 0.125
0 0.287109375 0.806640625 0.1015625 0.1015625
0 0.27734375 0.923828125 0.1171875 0.11328125
0 0.095703125 0.814453125 0.109375 0.10546875
1 0.076171875 0.916015625 0.09765625 0.09375
0 0.1875 0.859375 0.10546875 0.09765625
0 0.384765625 0.9609375 0.09765625 0.078125
0 0.234375 0.556640625 0.1015625 0.09375
0 0.130859375 0.587890625 0.10546875 0.12109375
0 0.076171875 0.515625 0.1015625 0.09375