1 0.38671875 0.291015625 0.234375 0.23046875
1 0.185546875 0.19140625 0.25390625 0.234375
1 0.08203125 0.33984375 0.1640625 0.2734375
1 0.296875 0.732421875 0.25 0.24609375
1 0.451171875 0.904296875 0.24609375 0.19140625
1 0.2109375 0.91796875 0.21875 0.1640625
1 0.9296875 0.23046875 0.140625 0.25
0 0.3984375 0.09375 0.2265625 0.1875
0 0.591796875 0.443359375 0.23046875 0.23046875
0 0.548828125 0.685546875 0.2734375 0.27734375
0 0.09375 0.734375 0.1875 0.2578125
0 0.162109375 0.541015625 0.19140625 0.21484375
0 0.357421875 0.513671875 0.2421875 0.24609375
0 0.703125 0.89453125 0.25 0.2109375
0 0.7890625 0.6015625 0.25 0.2265625
0 0.783203125 0.33984375 0.26171875 0.2734375
0 0.572265625 0.2109375 0.21875 0.203125
0 0.79296875 0.1015625 0.21875 0.203125
0 0.927734375 0.708984375 0.14453125 0.21484375
0 0.21484375 0.373046875 0.140625 0.14453125