1 0.52734375 0.103515625 0.109375 0.11328125
1 0.630859375 0.130859375 0.11328125 0.10546875
1 0.626953125 0.341796875 0.11328125 0.11328125
1 0.791015625 0.34765625 0.10546875 0.109375
1 0.904296875 0.30859375 0.125 0.12890625
1 0.951171875 0.390625 0.09765625 0.1171875
1 0.982421875 0.75390625 0.03515625 0.09375
0 0.67578125 0.494140625 0.10546875 0.11328125
0 0.77734375 0.544921875 0.1015625 0.11328125
0 0.884765625 0.56640625 0.09765625 0.09375
0 0.947265625 0.67578125 0.10546875 0.1015625
0 0.427734375 0.1796875 0.09765625 0.10546875
0 0.533203125 0.224609375 0.08984375 0.1015625
0 0.62109375 0.232421875 0.1171875 0.10546875
0 0.427734375 0.068359375 0.08984375 0.109375
0 0.70703125 0.28515625 0.1015625 0.09375
0 0.80859375 0.2421875 0.125 0.125
0 0.712890625 0.193359375 0.1015625 0.1015625
0 0.72265625 0.076171875 0.1171875 0.11328125
0 0.904296875 0.185546875 0.109375 0.10546875
1 0.923828125 0.083984375 0.09765625 0.09375
0 0.8125 0.140625 0.10546875 0.09765625
0 0.615234375 0.0390625 0.09765625 0.078125
0 0.765625 0.443359375 0.1015625 0.09375
0 0.869140625 0.412109375 0.10546875 0.12109375
0 0.923828125 0.484375 0.1015625 0.09375