1 0.439453125 0.388671875 0.24609375 0.25390625
1 0.259765625 0.2265625 0.24609375 0.2578125
1 0.814453125 0.447265625 0.26171875 0.26171875
1 0.869140625 0.1953125 0.23828125 0.2421875
1 0.640625 0.283203125 0.2265625 0.25390625
1 0.478515625 0.14453125 0.23046875 0.2421875
1 0.328125 0.046875 0.2265625 0.09375
1 0.513671875 0.9609375 0.27734375 0.078125
0 0.54296875 0.79296875 0.2578125 0.2578125
0 0.765625 0.916015625 0.2421875 0.16796875
0 0.3046875 0.8671875 0.28125 0.265625
0 0.134765625 0.6796875 0.23828125 0.2421875
0 0.37890625 0.625 0.20703125 0.2421875
0 0.58203125 0.52734375 0.25390625 0.26953125
0 0.767578125 0.69140625 0.22265625 0.28125
0 0.072265625 0.28515625 0.14453125 0.203125
0 0.947265625 0.537109375 0.10546875 0.20703125
0 0.689453125 0.08203125 0.18359375 0.1640625