0 0.2890625 0.36328125 0.36328125 0.359375
0 0.57421875 0.263671875 0.2265625 0.2265625
0 0.783203125 0.435546875 0.23046875 0.25390625
0 0.79296875 0.626953125 0.2265625 0.19921875
0 0.189453125 0.810546875 0.21875 0.23828125
0 0.18359375 0.572265625 0.234375 0.19921875
0 0.412109375 0.09765625 0.22265625 0.1953125
0 0.21875 0.126953125 0.1875 0.19140625
0 0.650390625 0.07421875 0.23828125 0.1484375
0 0.794921875 0.2109375 0.23828125 0.203125
1 0.076171875 0.228515625 0.15234375 0.23828125
1 0.080078125 0.060546875 0.16015625 0.12109375
1 0.552734375 0.51953125 0.28515625 0.265625
1 0.38671875 0.6796875 0.24609375 0.2578125
1 0.6015625 0.76953125 0.2421875 0.265625
1 0.828125 0.841796875 0.2578125 0.23046875
1 0.94140625 0.44921875 0.1171875 0.26953125
1 0.8828125 0.056640625 0.234375 0.11328125
0 0.408203125 0.904296875 0.20703125 0.19140625
0 0.0625 0.4609375 0.125 0.23046875