1 0.634765625 0.46484375 0.1171875 0.11328125
1 0.623046875 0.35546875 0.12109375 0.125
1 0.43359375 0.671875 0.10546875 0.1015625
1 0.126953125 0.875 0.11328125 0.12109375
1 0.0703125 0.580078125 0.11328125 0.11328125
1 0.40625 0.390625 0.109375 0.1171875
1 0.306640625 0.373046875 0.10546875 0.1171875
1 0.203125 0.33203125 0.13671875 0.125
1 0.130859375 0.162109375 0.11328125 0.11328125
1 0.326171875 0.16796875 0.1171875 0.10546875
1 0.369140625 0.056640625 0.109375 0.11328125
1 0.07421875 0.0234375 0.125 0.046875
0 0.39453125 0.548828125 0.109375 0.10546875
0 0.29296875 0.572265625 0.09375 0.10546875
0 0.330078125 0.666015625 0.109375 0.09765625
0 0.228515625 0.677734375 0.109375 0.09765625
0 0.185546875 0.591796875 0.10546875 0.11328125
0 0.123046875 0.6796875 0.09765625 0.10546875
0 0.166015625 0.767578125 0.1015625 0.09375
0 0.265625 0.775390625 0.109375 0.109375
0 0.32421875 0.84765625 0.1015625 0.09375
0 0.439453125 0.8359375 0.08984375 0.09765625
0 0.376953125 0.763671875 0.11328125 0.11328125
0 0.388671875 0.935546875 0.1015625 0.09765625
0 0.515625 0.412109375 0.1171875 0.140625
0 0.412109375 0.20703125 0.12109375 0.10546875
0 0.37890625 0.298828125 0.0859375 0.08203125
0 0.296875 0.26171875 0.12109375 0.1171875
0 0.232421875 0.1328125 0.109375 0.1015625
0 0.044921875 0.357421875 0.08984375 0.12890625
0 0.12890625 0.40625 0.0859375 0.10546875
0 0.21875 0.4453125 0.1015625 0.11328125
0 0.326171875 0.470703125 0.12109375 0.12109375
0 0.255859375 0.04296875 0.09765625 0.0859375
0 0.158203125 0.060546875 0.109375 0.09765625
0 0.11328125 0.283203125 0.109375 0.11328125
0 0.228515625 0.865234375 0.109375 0.10546875
0 0.28125 0.953125 0.1171875 0.09375
0 0.181640625 0.958984375 0.09765625 0.08203125
0 0.076171875 0.95703125 0.10546875 0.0859375
0 0.0625 0.7734375 0.08984375 0.109375
0 0.037109375 0.875 0.07421875 0.125
0 0.13671875 0.498046875 0.09375 0.09765625
0 0.046875 0.482421875 0.08984375 0.12109375
0 0.2109375 0.22265625 0.09375 0.09765625
0 0.044921875 0.205078125 0.08984375 0.12890625