1 0.50390625 0.60546875 0.10546875 0.1171875
1 0.23046875 0.642578125 0.1171875 0.11328125
1 0.208984375 0.744140625 0.12109375 0.109375
1 0.376953125 0.87109375 0.12109375 0.109375
1 0.36328125 0.962890625 0.1171875 0.07421875
1 0.029296875 0.546875 0.05859375 0.109375
1 0.123046875 0.44140625 0.13671875 0.15625
1 0.24609375 0.427734375 0.109375 0.12890625
1 0.421875 0.07421875 0.109375 0.1015625
1 0.24609375 0.134765625 0.1171875 0.125
1 0.162109375 0.09765625 0.09765625 0.09375
1 0.08203125 0.15234375 0.1171875 0.1171875
0 0.513671875 0.388671875 0.10546875 0.09765625
0 0.591796875 0.27734375 0.11328125 0.1015625
0 0.490234375 0.27734375 0.1015625 0.0859375
0 0.3828125 0.25390625 0.109375 0.1171875
0 0.46484375 0.171875 0.1171875 0.10546875
0 0.572265625 0.173828125 0.11328125 0.10546875
0 0.53515625 0.080078125 0.109375 0.10546875
0 0.5390625 0.498046875 0.109375 0.09375
0 0.435546875 0.455078125 0.12109375 0.10546875
0 0.419921875 0.34375 0.10546875 0.109375
0 0.599609375 0.568359375 0.09765625 0.08984375
0 0.55859375 0.681640625 0.09375 0.0859375
0 0.49609375 0.734375 0.1015625 0.109375
0 0.416015625 0.6640625 0.09765625 0.09375
0 0.32421875 0.609375 0.109375 0.09375
0 0.416015625 0.564453125 0.08203125 0.09765625
0 0.328125 0.51171875 0.1171875 0.1015625
0 0.34375 0.404296875 0.1015625 0.1171875
0 0.30078125 0.322265625 0.109375 0.09765625
0 0.26953125 0.228515625 0.1171875 0.10546875
0 0.15625 0.234375 0.109375 0.109375
0 0.046875 0.248046875 0.08984375 0.08984375
0 0.255859375 0.939453125 0.10546875 0.10546875
0 0.20703125 0.8515625 0.10546875 0.1015625
0 0.109375 0.84765625 0.10546875 0.09375
0 0.08984375 0.751953125 0.109375 0.10546875
0 0.04296875 0.666015625 0.0859375 0.12109375
0 0.09765625 0.5625 0.11328125 0.109375
0 0.138671875 0.671875 0.10546875 0.10546875
0 0.05859375 0.93359375 0.109375 0.125
0 0.158203125 0.94140625 0.10546875 0.1015625
0 0.390625 0.775390625 0.109375 0.10546875
0 0.314453125 0.70703125 0.12109375 0.109375
0 0.4765625 0.8359375 0.1171875 0.1015625
0 0.353515625 0.15234375 0.11328125 0.109375
0 0.3359375 0.048828125 0.109375 0.09765625
0 0.224609375 0.0390625 0.11328125 0.078125
0 0.087890625 0.048828125 0.09765625 0.08984375
0 0.201171875 0.337890625 0.09765625 0.08984375
0 0.1015625 0.326171875 0.0859375 0.1015625
0 0.033203125 0.435546875 0.06640625 0.08984375
0 0.03125 0.328125 0.0625 0.1015625