1 0.890625 0.646484375 0.1171875 0.10546875
0 0.568359375 0.763671875 0.11328125 0.09765625
1 0.74609375 0.845703125 0.10546875 0.10546875
1 0.650390625 0.50390625 0.1015625 0.1015625
1 0.41796875 0.349609375 0.1171875 0.1171875
1 0.296875 0.515625 0.125 0.12109375
1 0.359375 0.83203125 0.125 0.1171875
1 0.927734375 0.37890625 0.11328125 0.1015625
1 0.859375 0.306640625 0.12109375 0.11328125
1 0.83203125 0.197265625 0.10546875 0.10546875
1 0.720703125 0.171875 0.12109375 0.109375
1 0.515625 0.134765625 0.1015625 0.10546875
1 0.890625 0.974609375 0.1015625 0.05078125
0 0.3359375 0.728515625 0.125 0.125
0 0.556640625 0.8671875 0.11328125 0.1015625
0 0.453125 0.7734375 0.10546875 0.11328125
0 0.927734375 0.91015625 0.10546875 0.0859375
0 0.8828125 0.830078125 0.0859375 0.08984375
0 0.818359375 0.7421875 0.12890625 0.12109375
0 0.724609375 0.69140625 0.08984375 0.09375
0 0.6875 0.59765625 0.10546875 0.10546875
0 0.5859375 0.5859375 0.09375 0.08984375
0 0.490234375 0.578125 0.0859375 0.1015625
0 0.44140625 0.490234375 0.1015625 0.08203125
0 0.3984375 0.560546875 0.10546875 0.11328125
0 0.361328125 0.427734375 0.09375 0.1171875
0 0.26171875 0.41015625 0.10546875 0.1015625
0 0.15625 0.40625 0.11328125 0.1015625
0 0.1796875 0.51171875 0.109375 0.1015625
0 0.62890625 0.96875 0.09765625 0.0625
0 0.72265625 0.9453125 0.11328125 0.109375
0 0.81640625 0.908203125 0.1015625 0.125
0 0.962890625 0.828125 0.07421875 0.109375
0 0.923828125 0.7421875 0.11328125 0.10546875
0 0.845703125 0.4453125 0.09765625 0.11328125
0 0.765625 0.517578125 0.1171875 0.11328125
0 0.78125 0.373046875 0.109375 0.11328125
0 0.70703125 0.431640625 0.1015625 0.09765625
0 0.681640625 0.341796875 0.10546875 0.109375
0 0.654296875 0.24609375 0.08984375 0.09375
0 0.611328125 0.158203125 0.10546875 0.10546875
0 0.55078125 0.2265625 0.09375 0.09375
0 0.49609375 0.3046875 0.0859375 0.09765625
0 0.50390625 0.40234375 0.09375 0.1015625
0 0.541015625 0.49609375 0.109375 0.109375
0 0.599609375 0.41015625 0.10546875 0.10546875
0 0.583984375 0.31640625 0.1015625 0.1015625
0 0.43359375 0.21875 0.125 0.125
0 0.314453125 0.326171875 0.09375 0.09765625
1 0.212890625 0.3203125 0.11328125 0.109375
0 0.6171875 0.681640625 0.1171875 0.11328125
0 0.515625 0.671875 0.08984375 0.1015625
0 0.419921875 0.666015625 0.1171875 0.10546875
0 0.302734375 0.615234375 0.12890625 0.1015625
0 0.90625 0.13671875 0.09765625 0.1015625
0 0.94140625 0.240234375 0.1015625 0.109375
0 0.79296875 0.09375 0.10546875 0.1171875
0 0.677734375 0.0703125 0.09765625 0.0859375
0 0.568359375 0.064453125 0.09765625 0.09375
0 0.794921875 0.623046875 0.1015625 0.10546875
0 0.646484375 0.83203125 0.10546875 0.11328125
0 0.9453125 0.478515625 0.09375 0.10546875
0 0.955078125 0.572265625 0.08984375 0.08984375
0 0.97265625 0.673828125 0.0546875 0.11328125
0 0.876953125 0.046875 0.09765625 0.09375
1 0.958984375 0.0625 0.08203125 0.109375
0 0.75 0.27734375 0.1171875 0.125
1 0.873046875 0.546875 0.109375 0.109375