0 0.63671875 0.2890625 0.359375 0.36328125
0 0.736328125 0.57421875 0.2265625 0.2265625
0 0.564453125 0.783203125 0.25390625 0.23046875
0 0.373046875 0.79296875 0.19921875 0.2265625
0 0.189453125 0.189453125 0.23828125 0.21875
0 0.427734375 0.18359375 0.19921875 0.234375
0 0.90234375 0.412109375 0.1953125 0.22265625
0 0.873046875 0.21875 0.19140625 0.1875
0 0.92578125 0.650390625 0.1484375 0.23828125
0 0.7890625 0.794921875 0.203125 0.23828125
1 0.771484375 0.076171875 0.23828125 0.15234375
1 0.939453125 0.080078125 0.12109375 0.16015625
1 0.48046875 0.552734375 0.265625 0.28515625
1 0.3203125 0.38671875 0.2578125 0.24609375
1 0.23046875 0.6015625 0.265625 0.2421875
1 0.158203125 0.828125 0.23046875 0.2578125
1 0.55078125 0.94140625 0.26953125 0.1171875
1 0.943359375 0.8828125 0.11328125 0.234375
0 0.095703125 0.408203125 0.19140625 0.20703125
0 0.5390625 0.0625 0.23046875 0.125