1 0.49609375 0.39453125 0.10546875 0.1171875
1 0.76953125 0.357421875 0.1171875 0.11328125
1 0.791015625 0.255859375 0.12109375 0.109375
1 0.623046875 0.12890625 0.12109375 0.109375
1 0.63671875 0.037109375 0.1171875 0.07421875
1 0.970703125 0.453125 0.05859375 0.109375
1 0.876953125 0.55859375 0.13671875 0.15625
1 0.75390625 0.572265625 0.109375 0.12890625
1 0.578125 0.92578125 0.109375 0.1015625
1 0.75390625 0.865234375 0.1171875 0.125
1 0.837890625 0.90234375 0.09765625 0.09375
1 0.91796875 0.84765625 0.1171875 0.1171875
0 0.486328125 0.611328125 0.10546875 0.09765625
0 0.408203125 0.72265625 0.11328125 0.1015625
0 0.509765625 0.72265625 0.1015625 0.0859375
0 0.6171875 0.74609375 0.109375 0.1171875
0 0.53515625 0.828125 0.1171875 0.10546875
0 0.427734375 0.826171875 0.11328125 0.10546875
0 0.46484375 0.919921875 0.109375 0.10546875
0 0.4609375 0.501953125 0.109375 0.09375
0 0.564453125 0.544921875 0.12109375 0.10546875
0 0.580078125 0.65625 0.10546875 0.109375
0 0.400390625 0.431640625 0.09765625 0.08984375
0 0.44140625 0.318359375 0.09375 0.0859375
0 0.50390625 0.265625 0.1015625 0.109375
0 0.583984375 0.3359375 0.09765625 0.09375
0 0.67578125 0.390625 0.109375 0.09375
0 0.583984375 0.435546875 0.08203125 0.09765625
0 0.671875 0.48828125 0.1171875 0.1015625
0 0.65625 0.595703125 0.1015625 0.1171875
0 0.69921875 0.677734375 0.109375 0.09765625
0 0.73046875 0.771484375 0.1171875 0.10546875
0 0.84375 0.765625 0.109375 0.109375
0 0.953125 0.751953125 0.08984375 0.08984375
0 0.744140625 0.060546875 0.10546875 0.10546875
0 0.79296875 0.1484375 0.10546875 0.1015625
0 0.890625 0.15234375 0.10546875 0.09375
0 0.91015625 0.248046875 0.109375 0.10546875
0 0.95703125 0.333984375 0.0859375 0.12109375
0 0.90234375 0.4375 0.11328125 0.109375
0 0.861328125 0.328125 0.10546875 0.10546875
0 0.94140625 0.06640625 0.109375 0.125
0 0.841796875 0.05859375 0.10546875 0.1015625
0 0.609375 0.224609375 0.109375 0.10546875
0 0.685546875 0.29296875 0.12109375 0.109375
0 0.5234375 0.1640625 0.1171875 0.1015625
0 0.646484375 0.84765625 0.11328125 0.109375
0 0.6640625 0.951171875 0.109375 0.09765625
0 0.775390625 0.9609375 0.11328125 0.078125
0 0.912109375 0.951171875 0.09765625 0.08984375
0 0.798828125 0.66015625 0.09765625 0.08984375
0 0.8984375 0.673828125 0.0859375 0.1015625
0 0.966796875 0.564453125 0.06640625 0.08984375
0 0.96875 0.671875 0.0625 0.1015625