1 0.646484375 0.109375 0.10546875 0.1171875
0 0.763671875 0.431640625 0.09765625 0.11328125
1 0.845703125 0.25390625 0.10546875 0.10546875
1 0.50390625 0.349609375 0.1015625 0.1015625
1 0.349609375 0.58203125 0.1171875 0.1171875
1 0.515625 0.703125 0.12109375 0.125
1 0.83203125 0.640625 0.1171875 0.125
1 0.37890625 0.072265625 0.1015625 0.11328125
1 0.306640625 0.140625 0.11328125 0.12109375
1 0.197265625 0.16796875 0.10546875 0.10546875
1 0.171875 0.279296875 0.109375 0.12109375
1 0.134765625 0.484375 0.10546875 0.1015625
1 0.974609375 0.109375 0.05078125 0.1015625
0 0.728515625 0.6640625 0.125 0.125
0 0.8671875 0.443359375 0.1015625 0.11328125
0 0.7734375 0.546875 0.11328125 0.10546875
0 0.91015625 0.072265625 0.0859375 0.10546875
0 0.830078125 0.1171875 0.08984375 0.0859375
0 0.7421875 0.181640625 0.12109375 0.12890625
0 0.69140625 0.275390625 0.09375 0.08984375
0 0.59765625 0.3125 0.10546875 0.10546875
0 0.5859375 0.4140625 0.08984375 0.09375
0 0.578125 0.509765625 0.1015625 0.0859375
0 0.490234375 0.55859375 0.08203125 0.1015625
0 0.560546875 0.6015625 0.11328125 0.10546875
0 0.427734375 0.638671875 0.1171875 0.09375
0 0.41015625 0.73828125 0.1015625 0.10546875
0 0.40625 0.84375 0.1015625 0.11328125
0 0.51171875 0.8203125 0.1015625 0.109375
0 0.96875 0.37109375 0.0625 0.09765625
0 0.9453125 0.27734375 0.109375 0.11328125
0 0.908203125 0.18359375 0.125 0.1015625
0 0.828125 0.037109375 0.109375 0.07421875
0 0.7421875 0.076171875 0.10546875 0.11328125
0 0.4453125 0.154296875 0.11328125 0.09765625
0 0.517578125 0.234375 0.11328125 0.1171875
0 0.373046875 0.21875 0.11328125 0.109375
0 0.431640625 0.29296875 0.09765625 0.1015625
0 0.341796875 0.318359375 0.109375 0.10546875
0 0.24609375 0.345703125 0.09375 0.08984375
0 0.158203125 0.388671875 0.10546875 0.10546875
0 0.2265625 0.44921875 0.09375 0.09375
0 0.3046875 0.50390625 0.09765625 0.0859375
0 0.40234375 0.49609375 0.1015625 0.09375
0 0.49609375 0.458984375 0.109375 0.109375
0 0.41015625 0.400390625 0.10546875 0.10546875
0 0.31640625 0.416015625 0.1015625 0.1015625
0 0.21875 0.56640625 0.125 0.125
0 0.326171875 0.685546875 0.09765625 0.09375
1 0.3203125 0.787109375 0.109375 0.11328125
0 0.681640625 0.3828125 0.11328125 0.1171875
0 0.671875 0.484375 0.1015625 0.08984375
0 0.666015625 0.580078125 0.10546875 0.1171875
0 0.615234375 0.697265625 0.1015625 0.12890625
0 0.13671875 0.09375 0.1015625 0.09765625
0 0.240234375 0.05859375 0.109375 0.1015625
0 0.09375 0.20703125 0.1171875 0.10546875
0 0.0703125 0.322265625 0.0859375 0.09765625
0 0.064453125 0.431640625 0.09375 0.09765625
0 0.623046875 0.205078125 0.10546875 0.1015625
0 0.83203125 0.353515625 0.11328125 0.10546875
0 0.478515625 0.0546875 0.10546875 0.09375
0 0.572265625 0.044921875 0.08984375 0.08984375
0 0.673828125 0.02734375 0.11328125 0.0546875
0 0.046875 0.123046875 0.09375 0.09765625
1 0.0625 0.041015625 0.109375 0.08203125
0 0.27734375 0.25 0.125 0.1171875
1 0.546875 0.126953125 0.109375 0.109375