1 0.47265625 0.103515625 0.109375 0.11328125
1 0.369140625 0.130859375 0.11328125 0.10546875
1 0.373046875 0.341796875 0.11328125 0.11328125
1 0.208984375 0.34765625 0.10546875 0.109375
1 0.095703125 0.30859375 0.125 0.12890625
1 0.048828125 0.390625 0.09765625 0.1171875
1 0.017578125 0.75390625 0.03515625 0.09375
0 0.32421875 0.494140625 0.10546875 0.11328125
0 0.22265625 0.544921875 0.1015625 0.11328125
0 0.115234375 0.56640625 0.09765625 0.09375
0 0.052734375 0.67578125 0.10546875 0.1015625
0 0.572265625 0.1796875 0.09765625 0.10546875
0 0.466796875 0.224609375 0.08984375 0.1015625
0 0.37890625 0.232421875 0.1171875 0.10546875
0 0.572265625 0.068359375 0.08984375 0.109375
0 0.29296875 0.28515625 0.1015625 0.09375
0 0.19140625 0.2421875 0.125 0.125
0 0.287109375 0.193359375 0.1015625 0.1015625
0 0.27734375 0.076171875 0.1171875 0.11328125
0 0.095703125 0.185546875 0.109375 0.10546875
1 0.076171875 0.083984375 0.09765625 0.09375
0 0.1875 0.140625 0.10546875 0.09765625
0 0.384765625 0.0390625 0.09765625 0.078125
0 0.234375 0.443359375 0.1015625 0.09375
0 0.130859375 0.412109375 0.10546875 0.12109375
0 0.076171875 0.484375 0.1015625 0.09375