1 0.439453125 0.611328125 0.24609375 0.25390625
1 0.259765625 0.7734375 0.24609375 0.2578125
1 0.814453125 0.552734375 0.26171875 0.26171875
1 0.869140625 0.8046875 0.23828125 0.2421875
1 0.640625 0.716796875 0.2265625 0.25390625
1 0.478515625 0.85546875 0.23046875 0.2421875
1 0.328125 0.953125 0.2265625 0.09375
1 0.513671875 0.0390625 0.27734375 0.078125
0 0.54296875 0.20703125 0.2578125 0.2578125
0 0.765625 0.083984375 0.2421875 0.16796875
0 0.3046875 0.1328125 0.28125 0.265625
0 0.134765625 0.3203125 0.23828125 0.2421875
0 0.37890625 0.375 0.20703125 0.2421875
0 0.58203125 0.47265625 0.25390625 0.26953125
0 0.767578125 0.30859375 0.22265625 0.28125
0 0.072265625 0.71484375 0.14453125 0.203125
0 0.947265625 0.462890625 0.10546875 0.20703125
0 0.689453125 0.91796875 0.18359375 0.1640625