1 0.365234375 0.193359375 0.26171875 0.26171875
1 0.115234375 0.1953125 0.23046875 0.265625
1 0.255859375 0.421875 0.26171875 0.2578125
1 0.060546875 0.4375 0.12109375 0.2578125
1 0.24609375 0.869140625 0.24609375 0.25390625
1 0.623046875 0.640625 0.26953125 0.265625
1 0.783203125 0.431640625 0.27734375 0.26171875
0 0.630859375 0.1796875 0.2578125 0.2734375
0 0.51171875 0.412109375 0.265625 0.25390625
0 0.37890625 0.634765625 0.25 0.25390625
0 0.5078125 0.857421875 0.2578125 0.23046875
0 0.78125 0.841796875 0.28515625 0.26953125
0 0.154296875 0.642578125 0.25 0.26953125
0 0.0625 0.87890625 0.125 0.2421875