1 0.53515625 0.365234375 0.11328125 0.1171875
1 0.64453125 0.376953125 0.125 0.12109375
1 0.328125 0.56640625 0.1015625 0.10546875
1 0.125 0.873046875 0.12109375 0.11328125
1 0.419921875 0.9296875 0.11328125 0.11328125
1 0.609375 0.59375 0.1171875 0.109375
1 0.626953125 0.693359375 0.1171875 0.10546875
1 0.66796875 0.796875 0.125 0.13671875
1 0.837890625 0.869140625 0.11328125 0.11328125
1 0.83203125 0.673828125 0.10546875 0.1171875
1 0.943359375 0.630859375 0.11328125 0.109375
1 0.9765625 0.92578125 0.046875 0.125
0 0.451171875 0.60546875 0.10546875 0.109375
0 0.427734375 0.70703125 0.10546875 0.09375
0 0.333984375 0.669921875 0.09765625 0.109375
0 0.322265625 0.771484375 0.09765625 0.109375
0 0.408203125 0.814453125 0.11328125 0.10546875
0 0.3203125 0.876953125 0.10546875 0.09765625
0 0.232421875 0.833984375 0.09375 0.1015625
0 0.224609375 0.734375 0.109375 0.109375
0 0.15234375 0.67578125 0.09375 0.1015625
0 0.1640625 0.560546875 0.09765625 0.08984375
0 0.236328125 0.623046875 0.11328125 0.11328125
0 0.064453125 0.611328125 0.09765625 0.1015625
0 0.587890625 0.484375 0.140625 0.1171875
0 0.79296875 0.587890625 0.10546875 0.12109375
0 0.701171875 0.62109375 0.08203125 0.0859375
0 0.73828125 0.703125 0.1171875 0.12109375
0 0.8671875 0.767578125 0.1015625 0.109375
0 0.642578125 0.955078125 0.12890625 0.08984375
0 0.59375 0.87109375 0.10546875 0.0859375
0 0.5546875 0.78125 0.11328125 0.1015625
0 0.529296875 0.673828125 0.12109375 0.12109375
0 0.95703125 0.744140625 0.0859375 0.09765625
0 0.939453125 0.841796875 0.09765625 0.109375
0 0.716796875 0.88671875 0.11328125 0.109375
0 0.134765625 0.771484375 0.10546875 0.109375
0 0.046875 0.71875 0.09375 0.1171875
0 0.041015625 0.818359375 0.08203125 0.09765625
0 0.04296875 0.923828125 0.0859375 0.10546875
0 0.2265625 0.9375 0.109375 0.08984375
0 0.125 0.962890625 0.125 0.07421875
0 0.501953125 0.86328125 0.09765625 0.09375
0 0.517578125 0.953125 0.12109375 0.08984375
0 0.77734375 0.7890625 0.09765625 0.09375
0 0.794921875 0.955078125 0.12890625 0.08984375