1 0.302734375 0.1079296875 0.30078125 0.2158203125
1 0.302734375 0.396484375 0.296875 0.28125
1 0.8544921875 0.392578125 0.291015625 0.287109375
1 0.583984375 0.2290234375 0.302734375 0.2919921875
1 0.855 0.1020703125 0.2900390625 0.2041015625
1 0.5830078125 0.025390625 0.224609375 0.05078125
1 0.0844921875 0.556640625 0.1689453125 0.298828125
1 0.0869140625 0.234375 0.173828125 0.2890625
1 0.0727734375 0.029296875 0.1455078125 0.05859375
1 0.08546875 0.868671875 0.1708984375 0.2626953125
1 0.294921875 0.950703125 0.2734375 0.0986328125
1 0.5766796875 0.8676953125 0.2958984375 0.2646484375
1 0.856953125 0.946796875 0.2763671875 0.1064453125
0 0.58203125 0.55421875 0.287109375 0.2763671875
0 0.298828125 0.7177734375 0.29296875 0.283203125
0 0.857421875 0.714375 0.28515625 0.2763671875