1 0.39796875 0.1318359375 0.3056640625 0.263671875
1 0.6880078125 0.0517578125 0.2744140625 0.103515625
1 0.91796875 0.96828125 0.1640625 0.0634765625
0 0.3969921875 0.4384765625 0.2998046875 0.28515625
0 0.1318359375 0.2778515625 0.263671875 0.2939453125
0 0.1255078125 0.0517578125 0.2509765625 0.103515625
0 0.6826171875 0.2719921875 0.296875 0.2919921875
0 0.9111328125 0.4380078125 0.177734375 0.2822265625
0 0.9091796875 0.1279296875 0.181640625 0.255859375
0 0.9067578125 0.7646484375 0.1865234375 0.28515625
0 0.6762890625 0.6040234375 0.2900390625 0.2861328125
0 0.13234375 0.6083984375 0.2646484375 0.2890625
0 0.4028515625 0.7705078125 0.2958984375 0.287109375
0 0.1318359375 0.8955078125 0.263671875 0.208984375
0 0.6782421875 0.8916015625 0.2880859375 0.216796875
0 0.3994140625 0.9692578125 0.21875 0.0615234375