1 0.196796875 0.532734375 0.3095703125 0.2958984375
1 0.7568359375 0.529296875 0.30859375 0.294921875
0 0.1943359375 0.2094921875 0.294921875 0.2939453125
0 0.4755859375 0.0908203125 0.294921875 0.181640625
0 0.474140625 0.3671875 0.3037109375 0.30078125
0 0.1923828125 0.8559765625 0.318359375 0.2880859375
0 0.7583203125 0.849140625 0.3017578125 0.2822265625
0 0.4790234375 0.69484375 0.2841796875 0.2978515625
0 0.7607421875 0.2065625 0.298828125 0.2919921875
0 0.946796875 0.3618359375 0.1064453125 0.2783203125
0 0.9462890625 0.6821484375 0.107421875 0.2763671875
0 0.9423828125 0.087890625 0.115234375 0.17578125
0 0.0302734375 0.380859375 0.060546875 0.271484375
0 0.028828125 0.083984375 0.0576171875 0.16796875
0 0.1909375 0.015625 0.2255859375 0.03125
0 0.4721875 0.9365234375 0.2763671875 0.126953125
0 0.9565625 0.9321484375 0.0869140625 0.1357421875