1 0.6909375 0.0805859375 0.3154296875 0.1611328125
0 0.412109375 0.173828125 0.3046875 0.28515625
0 0.140625 0.3359375 0.28125 0.3046875
0 0.14015625 0.6626171875 0.2802734375 0.2978515625
0 0.138671875 0.9184765625 0.27734375 0.1630859375
0 0.142578125 0.0805859375 0.28515625 0.1611328125
0 0.6826171875 0.9111328125 0.302734375 0.177734375
0 0.4140625 0.81984375 0.30078125 0.2861328125
0 0.41015625 0.4926953125 0.298828125 0.2978515625
0 0.69484375 0.3305859375 0.2978515625 0.2958984375
0 0.9140625 0.16359375 0.171875 0.2998046875
0 0.9130859375 0.4907421875 0.173828125 0.2939453125
0 0.9130859375 0.817890625 0.173828125 0.2861328125
0 0.6899609375 0.654296875 0.2978515625 0.298828125