1 0.43703125 0.4096875 0.2978515625 0.2822265625
1 0.431171875 0.7333984375 0.2900390625 0.275390625
1 0.71828125 0.5669140625 0.2998046875 0.2900390625
1 0.71828125 0.2426953125 0.2978515625 0.2841796875
1 0.4341015625 0.1103515625 0.2900390625 0.220703125
1 0.923828125 0.1098828125 0.15234375 0.2197265625
1 0.9248046875 0.403828125 0.150390625 0.2880859375
1 0.921875 0.7275390625 0.15625 0.287109375
1 0.7138671875 0.875 0.291015625 0.25
1 0.9262890625 0.955078125 0.1474609375 0.08984375
1 0.15578125 0.8755078125 0.2939453125 0.2490234375
0 0.15625 0.24609375 0.279296875 0.263671875
0 0.151875 0.5708203125 0.2861328125 0.2783203125
0 0.16015625 0.029296875 0.236328125 0.05859375
1 0.7216796875 0.03125 0.23046875 0.0625