1 0.197265625 0.0659375 0.294921875 0.1318359375
1 0.7524609375 0.308125 0.2978515625 0.2841796875
1 0.7548828125 0.630859375 0.3125 0.29296875
1 0.46828125 0.4677734375 0.3017578125 0.298828125
1 0.1953125 0.6318359375 0.298828125 0.283203125
1 0.4731640625 0.7934765625 0.3017578125 0.2880859375
1 0.1904296875 0.9087109375 0.2890625 0.1826171875
1 0.94484375 0.794453125 0.1103515625 0.3076171875
1 0.9404296875 0.1396484375 0.119140625 0.279296875
1 0.1962890625 0.0625 0.296875 0.125
1 0.0322265625 0.1606640625 0.064453125 0.2666015625
0 0.470703125 0.146484375 0.28125 0.279296875
0 0.7529296875 0.060546875 0.279296875 0.12109375
0 0.19140625 0.3095703125 0.294921875 0.283203125
0 0.9404296875 0.4673046875 0.119140625 0.2783203125
0 0.751953125 0.907734375 0.29296875 0.1845703125
0 0.029296875 0.4775390625 0.05859375 0.2421875
0 0.028828125 0.818359375 0.0576171875 0.248046875