0 0.1005859375 0.933125 0.201171875 0.1337890625
1 0.10546875 0.0849609375 0.2109375 0.169921875
1 0.1083984375 0.3559765625 0.216796875 0.2919921875
1 0.349609375 0.1919140625 0.302734375 0.2939453125
1 0.3462109375 0.515625 0.3017578125 0.29296875
1 0.339375 0.83984375 0.2998046875 0.283203125
1 0.106953125 0.6806640625 0.2138671875 0.2890625
1 0.6259765625 0.6753125 0.310546875 0.2958984375
1 0.6279296875 0.35109375 0.30078125 0.2998046875
1 0.8779296875 0.5161328125 0.244140625 0.2841796875
1 0.8794140625 0.189453125 0.2412109375 0.29296875
1 0.626953125 0.0864453125 0.310546875 0.1728515625
1 0.625 0.9296875 0.298828125 0.140625
1 0.8798828125 0.837421875 0.240234375 0.2900390625