0 0.064453125 0.087890625 0.126953125 0.17578125
0 0.067890625 0.373046875 0.1318359375 0.259765625
0 0.274921875 0.532734375 0.2646484375 0.2705078125
0 0.2739453125 0.8623046875 0.2607421875 0.2578125
0 0.833515625 0.85890625 0.2646484375 0.2626953125
0 0.8349609375 0.5395703125 0.263671875 0.2646484375
0 0.5532421875 0.0908203125 0.2744140625 0.181640625
0 0.2778515625 0.21046875 0.2646484375 0.2626953125
0 0.5556640625 0.373046875 0.263671875 0.2578125
0 0.552734375 0.9462890625 0.2578125 0.107421875
0 0.9868359375 0.9731640625 0.0263671875 0.0537109375
0 0.8325390625 0.01515625 0.1533203125 0.0302734375
1 0.5532421875 0.7016796875 0.2744140625 0.2744140625
1 0.0669140625 0.69875 0.1337890625 0.2861328125
1 0.060078125 0.9423828125 0.1201171875 0.115234375
0 0.2719921875 0.0205078125 0.2080078125 0.041015625
1 0.9892578125 0.072265625 0.021484375 0.142578125
0 0.9892578125 0.3774609375 0.021484375 0.1396484375
0 0.9892578125 0.6962890625 0.021484375 0.126953125