1 0.0981640625 0.095234375 0.1962890625 0.1904296875
1 0.32765625 0.208515625 0.2900390625 0.2861328125
1 0.6015625 0.091328125 0.294921875 0.1826171875
1 0.875 0.2065625 0.25 0.2822265625
1 0.609375 0.3681640625 0.29296875 0.2890625
1 0.09765625 0.6977734375 0.1953125 0.2861328125
1 0.3291015625 0.8579296875 0.296875 0.2841796875
1 0.8696484375 0.8544921875 0.2607421875 0.291015625
1 0.610859375 0.9326171875 0.2880859375 0.134765625
1 0.0942578125 0.9380078125 0.1884765625 0.1240234375
0 0.3310546875 0.533203125 0.291015625 0.28125
0 0.6059765625 0.6904296875 0.2802734375 0.2734375
0 0.8720703125 0.52734375 0.255859375 0.279296875
1 0.0981640625 0.3779296875 0.1962890625 0.28515625
1 0.328125 0.017578125 0.19921875 0.03515625
1 0.89015625 0.015625 0.1787109375 0.03125