1 0.6025390625 0.2016796875 0.3046875 0.2861328125
1 0.6020703125 0.524921875 0.3017578125 0.2880859375
1 0.603515625 0.8481640625 0.296875 0.2822265625
1 0.0971875 0.53078125 0.1943359375 0.2919921875
1 0.8681640625 0.0883984375 0.263671875 0.1767578125
1 0.872578125 0.6787109375 0.2548828125 0.27734375
0 0.0908203125 0.2060546875 0.181640625 0.271484375
0 0.3203125 0.0864453125 0.28515625 0.1728515625
0 0.3232421875 0.364765625 0.28515625 0.2705078125
0 0.3247265625 0.6909375 0.2822265625 0.2724609375
0 0.0923046875 0.8564453125 0.1826171875 0.275390625
0 0.3247265625 0.939453125 0.2724609375 0.12109375
0 0.875 0.9345703125 0.25 0.130859375
0 0.873046875 0.356953125 0.25390625 0.2744140625