1 0.2934765625 0.0971875 0.2900390625 0.1943359375
1 0.2915234375 0.3784375 0.2978515625 0.2841796875
1 0.8520703125 0.36671875 0.2958984375 0.2822265625
1 0.2934765625 0.69875 0.3056640625 0.2880859375
1 0.8540234375 0.9360546875 0.2919921875 0.1279296875
1 0.5766796875 0.0166015625 0.1943359375 0.033203125
0 0.0766796875 0.2177734375 0.1533203125 0.271484375
0 0.07765625 0.540546875 0.1552734375 0.2783203125
0 0.5732421875 0.53515625 0.287109375 0.279296875
0 0.855 0.69140625 0.2900390625 0.27734375
0 0.56984375 0.2109375 0.2841796875 0.275390625
0 0.0766796875 0.85890625 0.1533203125 0.2822265625
0 0.57375 0.860859375 0.2744140625 0.2783203125
1 0.2925 0.943359375 0.2919921875 0.11328125