1 0.0903515625 0.259296875 0.1806640625 0.2822265625
1 0.3169140625 0.4165234375 0.2939453125 0.2822265625
1 0.8662109375 0.7294921875 0.267578125 0.279296875
1 0.317890625 0.9609375 0.2470703125 0.078125
0 0.595703125 0.2466015625 0.263671875 0.2705078125
0 0.3125 0.1103515625 0.27734375 0.220703125
0 0.8671875 0.10890625 0.265625 0.2177734375
0 0.8701171875 0.407734375 0.259765625 0.2626953125
0 0.6005859375 0.5751953125 0.275390625 0.26171875
0 0.6020703125 0.880859375 0.2900390625 0.23828125
0 0.88234375 0.9575390625 0.2255859375 0.0849609375
0 0.0883984375 0.580078125 0.1767578125 0.283203125
0 0.3232421875 0.7407421875 0.283203125 0.2666015625
0 0.091328125 0.884765625 0.1826171875 0.23046875
0 0.07765625 0.0376171875 0.1552734375 0.0751953125
0 0.591796875 0.033203125 0.232421875 0.06640625