1 0.121484375 0.164296875 0.097578125 0.089609375
1 0.041328125 0.313125 0.08265625 0.0886328125
1 0.20609375 0.3121484375 0.0955859375 0.090625
1 0.207109375 0.4097265625 0.097578125 0.086640625
1 0.1209765625 0.4594921875 0.0965625 0.090625
1 0.29421875 0.5580859375 0.090625 0.086640625
1 0.380859375 0.6063671875 0.0965625 0.089609375
1 0.550625 0.7034375 0.0955859375 0.0886328125
1 0.2076171875 0.8055078125 0.0926171875 0.089609375
1 0.2066015625 0.9804296875 0.090625 0.0391796875
1 0.379375 0.9779296875 0.09359375 0.044140625
1 0.637734375 0.8533203125 0.094609375 0.085625
1 0.7223828125 0.704453125 0.094609375 0.0886328125
1 0.8080078125 0.6541796875 0.0965625 0.089609375
1 0.7213671875 0.5062890625 0.094609375 0.090625
1 0.9669921875 0.6546484375 0.0660546875 0.0886328125
1 0.8936328125 0.70296875 0.094609375 0.0876171875
1 0.8080078125 0.7517578125 0.0926171875 0.0916015625
1 0.894140625 0.9005859375 0.0995703125 0.0886328125
1 0.548125 0.028359375 0.0985546875 0.0567578125
1 0.8055078125 0.1598046875 0.097578125 0.0926171875
1 0.8921484375 0.0273828125 0.097578125 0.054765625
1 0.9659765625 0.0582421875 0.068046875 0.0926171875
0 0.039375 0.0289453125 0.0787109375 0.0579296875
0 0.0401171875 0.1136328125 0.0801953125 0.0846484375
0 0.039375 0.213515625 0.0787109375 0.088359375
0 0.040859375 0.4110546875 0.0816796875 0.086875
0 0.04046875 0.510234375 0.0809375 0.092109375
0 0.0401171875 0.609375 0.0801953125 0.085390625
0 0.04046875 0.7077734375 0.0809375 0.0891015625
0 0.0401171875 0.806171875 0.0801953125 0.085390625
0 0.040859375 0.9049609375 0.0816796875 0.085390625
0 0.0397265625 0.98015625 0.079453125 0.0397265625
0 0.1203125 0.063515625 0.092109375 0.088359375
0 0.12328125 0.2625390625 0.09359375 0.0898828125
0 0.1214453125 0.3616796875 0.0898828125 0.0876171875
0 0.1229296875 0.55921875 0.0943359375 0.0876171875
0 0.1221875 0.659140625 0.0913671875 0.088359375
0 0.1221875 0.756796875 0.0898828125 0.0891015625
0 0.1229296875 0.855546875 0.0898828125 0.0891015625
0 0.123671875 0.9552734375 0.0913671875 0.0894921875
0 0.205703125 0.0289453125 0.0891015625 0.0579296875
1 0.207578125 0.1121484375 0.0928515625 0.090625
0 0.2090625 0.2112890625 0.0943359375 0.088359375
0 0.207578125 0.5080078125 0.0898828125 0.0891015625
0 0.2079296875 0.6075 0.092109375 0.0831640625
0 0.2071875 0.70703125 0.092109375 0.0891015625
0 0.2087109375 0.905703125 0.090625 0.086875
0 0.29296875 0.063515625 0.088359375 0.086875
0 0.2937109375 0.16265625 0.085390625 0.0891015625
0 0.293359375 0.261796875 0.0891015625 0.088359375
0 0.2941015625 0.359453125 0.0876171875 0.0876171875
0 0.29484375 0.4593359375 0.0876171875 0.086875
0 0.294453125 0.65578125 0.088359375 0.0891015625
0 0.2941015625 0.756796875 0.090625 0.0861328125
0 0.29484375 0.8562890625 0.090625 0.0846484375
0 0.2951953125 0.955078125 0.088359375 0.0846484375
0 0.3794921875 0.0274609375 0.09359375 0.0549609375
0 0.379140625 0.1125 0.0913671875 0.0943359375
0 0.37875 0.2112890625 0.090625 0.086875
0 0.3794921875 0.3108203125 0.0876171875 0.085390625
0 0.37875 0.40921875 0.0891015625 0.0861328125
0 0.3783984375 0.5076171875 0.0898828125 0.085390625
0 0.380234375 0.7048046875 0.0861328125 0.0876171875
0 0.379140625 0.8039453125 0.088359375 0.086875
0 0.380234375 0.9049609375 0.0876171875 0.085390625
0 0.4641796875 0.06203125 0.0891015625 0.086875
0 0.4634375 0.161171875 0.0876171875 0.0846484375
0 0.4637890625 0.2606640625 0.088359375 0.0846484375
0 0.464921875 0.3591015625 0.090625 0.088359375
0 0.4641796875 0.4597265625 0.092109375 0.0861328125
0 0.46453125 0.5569921875 0.0943359375 0.0846484375
0 0.4641796875 0.65578125 0.092109375 0.0891015625
0 0.4656640625 0.756796875 0.090625 0.0846484375
0 0.4656640625 0.8559375 0.0891015625 0.08390625
0 0.466015625 0.953984375 0.0898828125 0.085390625
0 0.5499609375 0.1106640625 0.0898828125 0.0891015625
0 0.548828125 0.209453125 0.0876171875 0.0876171875
0 0.550703125 0.311171875 0.0898828125 0.0876171875
0 0.5499609375 0.4080859375 0.086875 0.086875
0 0.5510546875 0.506875 0.0891015625 0.088359375
0 0.5514453125 0.6082421875 0.088359375 0.0861328125
0 0.5514453125 0.8046875 0.088359375 0.088359375
0 0.550703125 0.9045703125 0.086875 0.0861328125
0 0.5514453125 0.9794140625 0.086875 0.0412109375
0 0.635 0.0608984375 0.0891015625 0.0891015625
0 0.6357421875 0.16078125 0.090625 0.085390625
0 0.63609375 0.259921875 0.088359375 0.0846484375
0 0.63609375 0.3591015625 0.088359375 0.085390625
0 0.636484375 0.4563671875 0.0891015625 0.086875
0 0.635 0.55625 0.0876171875 0.0831640625
0 0.6369140625 0.65546875 0.087890625 0.08515625
0 0.6365234375 0.7546875 0.085546875 0.08828125
0 0.6380859375 0.952734375 0.087890625 0.08515625
0 0.720703125 0.026953125 0.090625 0.05390625
0 0.72109375 0.109375 0.0890625 0.090625
0 0.72109375 0.208203125 0.08984375 0.08671875
0 0.720703125 0.30859375 0.0890625 0.08515625
0 0.7203125 0.4076171875 0.0890625 0.084765625
0 0.720703125 0.60546875 0.090625 0.084375
0 0.7220703125 0.80390625 0.091796875 0.08515625
0 0.722265625 0.90390625 0.08984375 0.08359375
0 0.7220703125 0.9796875 0.086328125 0.040625
0 0.8080078125 0.0607421875 0.089453125 0.085546875
0 0.8064453125 0.2580078125 0.086328125 0.086328125
0 0.8072265625 0.3587890625 0.087890625 0.082421875
0 0.80703125 0.456640625 0.0890625 0.084375
0 0.8076171875 0.5556640625 0.088671875 0.084765625
0 0.808984375 0.8521484375 0.08828125 0.083984375
0 0.809375 0.951171875 0.0890625 0.08203125
0 0.8923828125 0.11046875 0.088671875 0.08125
0 0.8916015625 0.2076171875 0.085546875 0.082421875
0 0.8927734375 0.306640625 0.089453125 0.08125
0 0.8921875 0.40703125 0.08828125 0.08203125
0 0.892578125 0.5046875 0.08828125 0.08515625
0 0.892578125 0.60390625 0.0875 0.08359375
0 0.894921875 0.8041015625 0.08984375 0.083984375
0 0.89375 0.97890625 0.08671875 0.0421875
0 0.9671875 0.1591796875 0.065625 0.082421875
0 0.9673828125 0.257421875 0.065234375 0.08359375
0 0.967578125 0.358203125 0.06484375 0.0828125
0 0.966796875 0.455859375 0.06640625 0.08515625
0 0.966796875 0.55546875 0.06640625 0.0828125
0 0.9677734375 0.75390625 0.064453125 0.0828125
0 0.9677734375 0.8515625 0.064453125 0.08046875
0 0.9681640625 0.9501953125 0.063671875 0.079296875