0 0.1176953125 0.103046875 0.2353515625 0.2060546875
0 0.370625 0.21875 0.2900390625 0.2890625
0 0.368671875 0.54640625 0.2880859375 0.2802734375
0 0.6552734375 0.380390625 0.296875 0.2763671875
0 0.89796875 0.2138671875 0.2041015625 0.283203125
0 0.651875 0.099140625 0.2919921875 0.1982421875
0 0.3696484375 0.0239453125 0.2236328125 0.0478515625
0 0.369140625 0.865234375 0.30078125 0.26953125
0 0.6508984375 0.9423828125 0.2685546875 0.115234375
0 0.890625 0.861328125 0.21875 0.27734375
0 0.892109375 0.5390625 0.2158203125 0.291015625
0 0.1098828125 0.943359375 0.2197265625 0.11328125
1 0.1235546875 0.3935546875 0.2470703125 0.294921875
1 0.118671875 0.7119140625 0.2373046875 0.2890625
1 0.651875 0.708984375 0.3154296875 0.296875
1 0.908203125 0.0224609375 0.18359375 0.044921875