1 0.1294140625 0.134765625 0.2587890625 0.26953125
1 0.3930859375 0.28859375 0.2919921875 0.2900390625
1 0.390625 0.6059765625 0.30859375 0.2900390625
1 0.6753125 0.767578125 0.3017578125 0.28515625
1 0.3955078125 0.8955078125 0.3046875 0.208984375
1 0.903828125 0.892578125 0.1923828125 0.21484375
1 0.90234375 0.276875 0.1953125 0.2880859375
1 0.3940625 0.05421875 0.2841796875 0.1064453125
0 0.1284375 0.4497265625 0.2568359375 0.2822265625
0 0.130390625 0.7739453125 0.2607421875 0.2822265625
0 0.67578125 0.442890625 0.287109375 0.2841796875
0 0.90625 0.6005859375 0.1875 0.283203125
0 0.9111328125 0.0478515625 0.177734375 0.095703125
0 0.6723828125 0.1284375 0.2919921875 0.2568359375
0 0.66796875 0.9736328125 0.21875 0.052734375
1 0.1118359375 0.9751171875 0.2197265625 0.0498046875