1 0.809375 0.3961328125 0.2871875 0.2939453125
1 0.2490234375 0.7236328125 0.296875 0.2890625
1 0.970234375 0.8813671875 0.0595703125 0.2373046875
1 0.5361328125 0.03125 0.24609375 0.0625
1 0.060546875 0.87109375 0.12109375 0.2578125
1 0.0473828125 0.0322265625 0.0947265625 0.064453125
0 0.255859375 0.1083984375 0.283203125 0.216796875
0 0.81640625 0.1059765625 0.279296875 0.2119140625
0 0.2529296875 0.39796875 0.294921875 0.2880859375
0 0.53515625 0.2392578125 0.27734375 0.27734375
0 0.5322265625 0.560546875 0.275390625 0.2734375
0 0.810546875 0.7216796875 0.2734375 0.27734375
0 0.5283203125 0.8740234375 0.283203125 0.251953125
0 0.8037109375 0.955078125 0.25390625 0.08984375
0 0.0591015625 0.564453125 0.1162109375 0.287109375
0 0.0571484375 0.236328125 0.1142578125 0.263671875
0 0.978046875 0.552265625 0.0439453125 0.1748046875
0 0.9809765625 0.231953125 0.0380859375 0.1826171875
0 0.248046875 0.9536328125 0.240234375 0.0927734375