1 0.2841796875 0.0966796875 0.296875 0.193359375
1 0.8427734375 0.368671875 0.29296875 0.2783203125
1 0.0766796875 0.5390625 0.1533203125 0.2890625
0 0.2876171875 0.373046875 0.2802734375 0.279296875
0 0.28515625 0.7001953125 0.28515625 0.275390625
0 0.07421875 0.857421875 0.1484375 0.27734375
0 0.5625 0.8540234375 0.287109375 0.2724609375
0 0.5649609375 0.5356640625 0.2900390625 0.2763671875
0 0.841796875 0.696796875 0.287109375 0.2822265625
0 0.845703125 0.938984375 0.275390625 0.1220703125
0 0.2876171875 0.9419140625 0.2763671875 0.1162109375
0 0.071796875 0.212890625 0.1435546875 0.271484375
0 0.564453125 0.2094921875 0.28125 0.2685546875
0 0.8447265625 0.0908203125 0.287109375 0.181640625