0 0.11671875 0.150390625 0.2333984375 0.275390625
0 0.1171875 0.4721875 0.232421875 0.2841796875
0 0.1171875 0.7993359375 0.234375 0.2763671875
0 0.3720703125 0.9111328125 0.275390625 0.177734375
0 0.6552734375 0.79640625 0.28125 0.2763671875
0 0.8984375 0.638671875 0.203125 0.28125
0 0.8974609375 0.3095703125 0.205078125 0.275390625
0 0.6552734375 0.1489453125 0.28515625 0.2763671875
0 0.376484375 0.0630078125 0.2763671875 0.1259765625
0 0.3735546875 0.3091015625 0.2880859375 0.2802734375
0 0.6572265625 0.4751171875 0.283203125 0.2822265625
1 0.3722265625 0.6372265625 0.2783984375 0.2802734375
1 0.896484375 0.9106640625 0.20703125 0.1787109375
1 0.89796875 0.0634765625 0.2041015625 0.126953125