1 0.203125 0.0263671875 0.087890625 0.052734375
1 0.28859375 0.1591796875 0.0888671875 0.0859375
1 0.1201171875 0.3579296875 0.087890625 0.0869140625
1 0.120625 0.4560546875 0.0888671875 0.087890625
1 0.1201171875 0.5551953125 0.0859375 0.0830078125
1 0.040546875 0.7036328125 0.0810546875 0.0888671875
1 0.0419921875 0.8032421875 0.083984375 0.0888671875
1 0.2060546875 0.704609375 0.095703125 0.0849609375
1 0.3779296875 0.90234375 0.091796875 0.08984375
1 0.548359375 0.7993359375 0.0927734375 0.0888671875
1 0.4609375 0.455078125 0.08984375 0.087890625
1 0.5493359375 0.50390625 0.0849609375 0.08984375
1 0.462421875 0.3564453125 0.0947265625 0.08984375
1 0.375 0.026875 0.091796875 0.0537109375
1 0.8056640625 0.056640625 0.087890625 0.0859375
1 0.6328125 0.15578125 0.087890625 0.0849609375
1 0.720234375 0.2055859375 0.0888671875 0.0869140625
1 0.9673046875 0.353046875 0.0654296875 0.0888671875
1 0.8916015625 0.4028515625 0.087890625 0.0849609375
1 0.806171875 0.45265625 0.0888671875 0.0869140625
1 0.8916015625 0.60109375 0.08984375 0.0869140625
1 0.9677734375 0.650390625 0.064453125 0.087890625
1 0.806171875 0.6508984375 0.0849609375 0.0830078125
1 0.806640625 0.94875 0.087890625 0.0849609375
1 0.966796875 0.8481640625 0.06640625 0.0888671875
0 0.0380859375 0.02734375 0.076171875 0.0546875
0 0.0380859375 0.1103515625 0.076171875 0.0859375
0 0.0380859375 0.2094921875 0.076171875 0.0869140625
0 0.03859375 0.30859375 0.0771484375 0.0859375
0 0.0376171875 0.4072265625 0.0751953125 0.083984375
0 0.03859375 0.505390625 0.0771484375 0.0869140625
0 0.0400390625 0.60546875 0.080078125 0.083984375
0 0.03859375 0.9033203125 0.0771484375 0.080078125
0 0.0390625 0.98 0.078125 0.0400390625
0 0.118671875 0.060546875 0.0849609375 0.08203125
0 0.1201171875 0.1572265625 0.0859375 0.0859375
0 0.1196484375 0.259765625 0.0888671875 0.0859375
0 0.1220703125 0.654296875 0.0859375 0.0859375
0 0.1201171875 0.7544140625 0.083984375 0.0830078125
0 0.1220703125 0.8525390625 0.083984375 0.087890625
0 0.123046875 0.9521484375 0.08984375 0.0859375
0 0.2055859375 0.109375 0.0908203125 0.083984375
0 0.2060546875 0.208984375 0.08984375 0.087890625
0 0.2075390625 0.3091015625 0.0869140625 0.0830078125
0 0.2080078125 0.407734375 0.0859375 0.0849609375
0 0.2080078125 0.505859375 0.087890625 0.083984375
0 0.20703125 0.6040234375 0.0859375 0.0869140625
0 0.2080078125 0.8037109375 0.087890625 0.087890625
0 0.20703125 0.900390625 0.087890625 0.0859375
0 0.2080078125 0.978046875 0.087890625 0.0439453125
0 0.290546875 0.056171875 0.0888671875 0.0869140625
0 0.2915234375 0.2578125 0.0888671875 0.087890625
0 0.2934765625 0.356953125 0.0888671875 0.0869140625
0 0.2919921875 0.455078125 0.08984375 0.0859375
0 0.2919921875 0.5556640625 0.08984375 0.087890625
0 0.2934765625 0.6533203125 0.0888671875 0.0859375
0 0.2939453125 0.7534375 0.087890625 0.0888671875
0 0.2934765625 0.853515625 0.0849609375 0.08203125
0 0.2934765625 0.9516796875 0.0830078125 0.0830078125
0 0.3774609375 0.10890625 0.0888671875 0.0888671875
0 0.3759765625 0.2075390625 0.0859375 0.0849609375
0 0.376484375 0.308125 0.0830078125 0.0849609375
0 0.37890625 0.404296875 0.0859375 0.083984375
0 0.3784375 0.5063671875 0.0849609375 0.0830078125
0 0.3794140625 0.6044921875 0.0869140625 0.08203125
0 0.3779296875 0.70265625 0.083984375 0.0849609375
0 0.3794140625 0.8017578125 0.0908203125 0.0859375
0 0.3784375 0.9790234375 0.0849609375 0.0419921875
0 0.462421875 0.058125 0.0869140625 0.0810546875
0 0.4633984375 0.1572265625 0.0888671875 0.083984375
0 0.462421875 0.255390625 0.0908203125 0.0888671875
0 0.4653515625 0.5532421875 0.0888671875 0.0849609375
0 0.4653515625 0.6533203125 0.0908203125 0.0859375
0 0.464375 0.75390625 0.0888671875 0.0859375
0 0.464375 0.8520703125 0.0869140625 0.0888671875
0 0.466328125 0.951171875 0.0908203125 0.083984375
0 0.5498046875 0.026875 0.083984375 0.0537109375
0 0.5498046875 0.1064453125 0.083984375 0.083984375
0 0.548828125 0.2055859375 0.083984375 0.0810546875
0 0.5493359375 0.306640625 0.0869140625 0.0859375
0 0.548828125 0.404296875 0.087890625 0.08984375
0 0.5517578125 0.6040234375 0.0859375 0.0810546875
0 0.5512890625 0.7036328125 0.0810546875 0.0849609375
0 0.5517578125 0.9013671875 0.08203125 0.083984375
0 0.552734375 0.978515625 0.080078125 0.04296875
0 0.634296875 0.058125 0.0869140625 0.0849609375
0 0.6337890625 0.255859375 0.0859375 0.0859375
0 0.634765625 0.35546875 0.0859375 0.083984375
0 0.6352734375 0.454609375 0.0849609375 0.0869140625
0 0.6357421875 0.552734375 0.08984375 0.0859375
0 0.6357421875 0.65234375 0.087890625 0.083984375
0 0.63625 0.7534375 0.0888671875 0.0791015625
0 0.6372265625 0.8520703125 0.0888671875 0.0849609375
0 0.63671875 0.94875 0.087890625 0.0830078125
0 0.720234375 0.026875 0.0849609375 0.0537109375
0 0.720703125 0.106953125 0.087890625 0.0830078125
0 0.7221875 0.306171875 0.0849609375 0.0849609375
0 0.7212109375 0.40625 0.0908203125 0.0859375
0 0.7216796875 0.50390625 0.08984375 0.080078125
0 0.7221875 0.603046875 0.0849609375 0.0888671875
0 0.7221875 0.700703125 0.0830078125 0.0830078125
0 0.724140625 0.80078125 0.0869140625 0.083984375
0 0.7216796875 0.9008984375 0.08203125 0.0830078125
0 0.7221875 0.9794921875 0.0849609375 0.041015625
0 0.8076171875 0.1567578125 0.08984375 0.0888671875
0 0.806640625 0.25390625 0.087890625 0.083984375
0 0.806171875 0.353046875 0.0830078125 0.0849609375
0 0.8076171875 0.55078125 0.087890625 0.08203125
0 0.8076171875 0.7509765625 0.0859375 0.083984375
0 0.808125 0.8481640625 0.0849609375 0.0849609375
0 0.8930859375 0.024921875 0.0869140625 0.0498046875
0 0.8916015625 0.1064453125 0.0859375 0.083984375
0 0.8930859375 0.2060546875 0.0869140625 0.0859375
0 0.892109375 0.3056640625 0.0849609375 0.0859375
0 0.892578125 0.5034375 0.0859375 0.0849609375
0 0.892578125 0.701171875 0.087890625 0.083984375
0 0.8930859375 0.7998046875 0.0849609375 0.08203125
0 0.89453125 0.9008984375 0.0859375 0.0908203125
0 0.8940625 0.978046875 0.0830078125 0.0439453125
0 0.96828125 0.0556640625 0.0634765625 0.08984375
0 0.966796875 0.1548046875 0.06640625 0.0791015625
0 0.9658203125 0.25390625 0.068359375 0.083984375
0 0.966796875 0.4521484375 0.06640625 0.0859375
0 0.9677734375 0.552734375 0.064453125 0.083984375
0 0.96875 0.75 0.0625 0.0859375
0 0.9697265625 0.9497265625 0.060546875 0.0830078125