0 0.5205078125 0.41359375 0.28125 0.2763671875
0 0.802265625 0.2524609375 0.2861328125 0.2763671875
0 0.51515625 0.9614453125 0.2236328125 0.0771484375
0 0.0361328125 0.9614453125 0.072265625 0.0771484375
0 0.0512890625 0.7446484375 0.1025390625 0.2607421875
0 0.0517578125 0.114765625 0.103515625 0.2294921875
0 0.8037109375 0.0322265625 0.251953125 0.064453125
1 0.513203125 0.1142578125 0.2802734375 0.228515625
1 0.2392578125 0.255390625 0.291015625 0.2880859375
1 0.2392578125 0.578125 0.296875 0.287109375
1 0.24171875 0.8784375 0.2978515625 0.2431640625
1 0.5205078125 0.740234375 0.30078125 0.283203125
1 0.798359375 0.5712890625 0.3017578125 0.2890625
1 0.7958984375 0.8755078125 0.298828125 0.2490234375
1 0.9677734375 0.7309765625 0.064453125 0.2353515625
0 0.9658203125 0.3994140625 0.068359375 0.25390625
1 0.962421875 0.1001171875 0.0751953125 0.2001953125
1 0.0551953125 0.4262890625 0.1103515625 0.2841796875
1 0.2431640625 0.0380859375 0.2578125 0.076171875