1 0.3173828125 0.17578125 0.296875 0.283203125
1 0.3169140625 0.49953125 0.3017578125 0.2900390625
1 0.0927734375 0.3383984375 0.185546875 0.2919921875
1 0.0947265625 0.6596875 0.189453125 0.2822265625
1 0.5966796875 0.6533203125 0.296875 0.287109375
1 0.865234375 0.48828125 0.26953125 0.2890625
1 0.8681640625 0.16796875 0.263671875 0.28515625
1 0.5962109375 0.0747265625 0.3037109375 0.1494140625
1 0.0942578125 0.0786328125 0.1884765625 0.1572265625
1 0.3173828125 0.8188671875 0.29296875 0.2802734375
1 0.0908203125 0.9223828125 0.181640625 0.1552734375
1 0.8662109375 0.8159375 0.267578125 0.2939453125
0 0.5986328125 0.3310546875 0.28125 0.27734375
0 0.5962109375 0.9189453125 0.2802734375 0.162109375