1 0.43703125 0.087890625 0.2939453125 0.17578125
1 0.4380078125 0.356953125 0.2919921875 0.2841796875
1 0.157734375 0.1977734375 0.2919921875 0.2763671875
1 0.15578125 0.52296875 0.2958984375 0.2861328125
1 0.712890625 0.51953125 0.294921875 0.28515625
1 0.92140625 0.6806640625 0.1572265625 0.283203125
1 0.923828125 0.353046875 0.15234375 0.2841796875
1 0.923359375 0.087421875 0.1533203125 0.1748046875
1 0.716796875 0.1938671875 0.29296875 0.2841796875
1 0.435078125 0.681640625 0.2958984375 0.2890625
1 0.712890625 0.8423046875 0.287109375 0.2783203125
0 0.151875 0.84328125 0.2841796875 0.2646484375
0 0.431640625 0.935078125 0.279296875 0.1298828125
1 0.9208984375 0.9296875 0.158203125 0.140625