1 0.0334375 0.0249609375 0.0668359375 0.0498828125
1 0.195234375 0.204921875 0.091484375 0.0900390625
1 0.1935546875 0.0245703125 0.09328125 0.049140625
1 0.3662109375 0.0239453125 0.093046875 0.0479296875
1 0.5359765625 0.0227734375 0.0883203125 0.045546875
1 0.705 0.0241015625 0.0852734375 0.0482421875
1 0.790546875 0.05265625 0.085546875 0.091328125
1 0.876640625 0.300859375 0.083203125 0.08546875
1 0.619921875 0.44953125 0.0862890625 0.085078125
1 0.621875 0.5484375 0.083203125 0.08625
1 0.7077734375 0.694765625 0.0851953125 0.083515625
1 0.87859375 0.7940625 0.0871484375 0.0846875
1 0.8785546875 0.9762890625 0.087265625 0.047421875
1 0.7077734375 0.97671875 0.08828125 0.0465625
1 0.6205078125 0.942890625 0.084453125 0.08546875
1 0.6230859375 0.74546875 0.0855078125 0.0846484375
1 0.5358203125 0.8947265625 0.0848046875 0.083203125
1 0.3650390625 0.975 0.0868359375 0.05
1 0.4499609375 0.64734375 0.089140625 0.0827734375
1 0.19328125 0.69984375 0.0881640625 0.084296875
1 0.109765625 0.6494921875 0.0878515625 0.08390625
1 0.03265625 0.7981640625 0.0652734375 0.0873828125
1 0.1113671875 0.846171875 0.0878515625 0.08625
1 0.033828125 0.976328125 0.0676171875 0.0473046875
1 0.19484375 0.50046875 0.09359375 0.09359375
1 0.1076171875 0.3547265625 0.0851171875 0.0858984375
0 0.035546875 0.106015625 0.0710546875 0.0912109375
0 0.0343359375 0.207890625 0.0687109375 0.088828125
0 0.0349609375 0.3032421875 0.0698828125 0.0900390625
0 0.035546875 0.40390625 0.0710546875 0.08765625
0 0.035546875 0.504609375 0.0710546875 0.08765625
0 0.035546875 0.60234375 0.0710546875 0.086484375
0 0.035390625 0.700703125 0.0707421875 0.085859375
0 0.0348828125 0.8948828125 0.069765625 0.0868359375
0 0.1105078125 0.9478515625 0.093203125 0.0834375
0 0.1110546875 0.748203125 0.08203125 0.084921875
0 0.1120703125 0.55015625 0.0813671875 0.085390625
0 0.1101953125 0.4513671875 0.079921875 0.084921875
0 0.10953125 0.2530078125 0.0941796875 0.08734375
0 0.1085546875 0.154453125 0.09125 0.0883203125
0 0.109296875 0.0566015625 0.089765625 0.085859375
0 0.1939453125 0.1058984375 0.0941796875 0.084921875
0 0.1937109375 0.302265625 0.0907421875 0.0863671875
0 0.1939453125 0.4018359375 0.09125 0.0863671875
0 0.1937109375 0.6008984375 0.089765625 0.0863671875
0 0.1948828125 0.7962109375 0.08609375 0.085859375
0 0.1958984375 0.898046875 0.089296875 0.085390625
0 0.1951953125 0.9772265625 0.089765625 0.0455859375
0 0.28203125 0.945390625 0.0887890625 0.0824609375
0 0.2812890625 0.846328125 0.09125 0.0863671875
0 0.2810546875 0.74828125 0.089765625 0.08734375
0 0.2805859375 0.6482421875 0.09171875 0.08734375
0 0.27984375 0.5506640625 0.0902734375 0.0844140625
0 0.2805859375 0.4516015625 0.09171875 0.085390625
0 0.2803125 0.351796875 0.09125 0.0887890625
0 0.278359375 0.2534765625 0.08734375 0.0883203125
0 0.2805859375 0.154453125 0.0907421875 0.09125
0 0.2810546875 0.055625 0.089765625 0.085859375
0 0.36328125 0.1041796875 0.0902734375 0.085390625
0 0.36375 0.20296875 0.0902734375 0.08296875
0 0.36375 0.302265625 0.089296875 0.085390625
0 0.365234375 0.4023046875 0.0902734375 0.0844140625
0 0.3634375 0.5004296875 0.0839453125 0.085859375
0 0.3634375 0.5968359375 0.0818359375 0.0805078125
0 0.3642578125 0.6980078125 0.0871875 0.08734375
0 0.365234375 0.796796875 0.09125 0.0878125
0 0.365703125 0.895859375 0.093203125 0.0868359375
0 0.4518359375 0.9444140625 0.09171875 0.085390625
0 0.4516015625 0.845625 0.0883203125 0.085859375
0 0.4528125 0.7475390625 0.0887890625 0.0839453125
0 0.450625 0.550390625 0.0922265625 0.081015625
0 0.450625 0.45109375 0.089296875 0.0824609375
0 0.4501171875 0.3527734375 0.0902734375 0.0878125
0 0.4496484375 0.2532421875 0.093203125 0.084921875
0 0.4501171875 0.1541796875 0.089296875 0.0868359375
0 0.450390625 0.05515625 0.0907421875 0.085859375
0 0.5352734375 0.1039453125 0.0887890625 0.0868359375
0 0.5355078125 0.2025 0.089296875 0.085859375
0 0.53625 0.30203125 0.0907421875 0.084921875
0 0.536015625 0.40109375 0.089296875 0.085859375
0 0.5355078125 0.50015625 0.0902734375 0.0868359375
0 0.536015625 0.5989453125 0.089296875 0.08734375
0 0.5369921875 0.69703125 0.0883203125 0.085390625
0 0.5374609375 0.79609375 0.089296875 0.0883203125
0 0.5391796875 0.975 0.09171875 0.0499609375
0 0.623359375 0.8453515625 0.0902734375 0.08734375
0 0.6223828125 0.6475 0.0902734375 0.0868359375
0 0.6226171875 0.35109375 0.09171875 0.08734375
0 0.621171875 0.2508203125 0.0907421875 0.0887890625
0 0.621171875 0.1522265625 0.0907421875 0.0878125
0 0.6221484375 0.0529296875 0.0907421875 0.08734375
0 0.7079296875 0.1014453125 0.0845703125 0.0844140625
0 0.7062890625 0.201015625 0.081953125 0.0868359375
0 0.70765625 0.29875 0.0825 0.085390625
0 0.7060546875 0.399140625 0.0907421875 0.0839453125
0 0.706796875 0.498203125 0.09125 0.0878125
0 0.7077734375 0.5975 0.09125 0.0863671875
0 0.70875 0.796796875 0.0922265625 0.0887890625
0 0.7082421875 0.895859375 0.0902734375 0.085859375
0 0.7951171875 0.9444140625 0.089296875 0.085390625
0 0.79484375 0.844140625 0.09171875 0.0878125
0 0.794609375 0.7453515625 0.0902734375 0.0834375
0 0.7938671875 0.647734375 0.09171875 0.085390625
0 0.79265625 0.548203125 0.09125 0.0863671875
0 0.79265625 0.448671875 0.0902734375 0.0883203125
0 0.7938671875 0.3503515625 0.0926953125 0.0868359375
0 0.792421875 0.2508203125 0.0907421875 0.0839453125
0 0.7921875 0.15125 0.089296875 0.085859375
0 0.8778125 0.0229296875 0.089765625 0.045859375
0 0.8770703125 0.101484375 0.08734375 0.084921875
0 0.8766796875 0.1993359375 0.085625 0.0863671875
0 0.877578125 0.4001171875 0.09125 0.0868359375
0 0.878046875 0.4974609375 0.093203125 0.0834375
0 0.8787890625 0.5967578125 0.09171875 0.0839453125
0 0.8792578125 0.6953125 0.0926953125 0.0868359375
0 0.878046875 0.8934375 0.0941796875 0.084921875
0 0.958671875 0.05171875 0.08265625 0.089765625
0 0.9581640625 0.1500390625 0.0836328125 0.08734375
0 0.9584375 0.24984375 0.083125 0.0839453125
0 0.958671875 0.3486328125 0.08265625 0.0844140625
0 0.9594140625 0.4476953125 0.081171875 0.0824609375
0 0.9598828125 0.5474609375 0.080234375 0.084921875
0 0.9596484375 0.64703125 0.080703125 0.085859375
0 0.9598828125 0.74703125 0.080234375 0.081015625
0 0.9596484375 0.844140625 0.080703125 0.08296875
0 0.9598828125 0.943671875 0.080234375 0.08296875