1 0.2275390625 0.263203125 0.27734375 0.2783203125
1 0.509765625 0.1235546875 0.283203125 0.2470703125
1 0.505859375 0.4248046875 0.28125 0.279296875
1 0.04296875 0.1176953125 0.083984375 0.2333984375
0 0.2216796875 0.589375 0.26171875 0.2587890625
0 0.5024609375 0.7490234375 0.2626953125 0.263671875
0 0.7861328125 0.58984375 0.283203125 0.2734375
0 0.7880859375 0.2622265625 0.26953125 0.2724609375
0 0.9658203125 0.4296875 0.068359375 0.25
0 0.962890625 0.751484375 0.07421875 0.2412109375
0 0.778828125 0.88625 0.2802734375 0.2275390625
0 0.97265625 0.9736328125 0.0546875 0.052734375
0 0.497578125 0.964375 0.2236328125 0.0712890625
0 0.2192578125 0.88671875 0.2822265625 0.2265625
0 0.0395703125 0.75 0.0791015625 0.2578125
0 0.026875 0.9731640625 0.0537109375 0.0537109375
0 0.0419921875 0.431640625 0.083984375 0.26953125
0 0.228515625 0.0400390625 0.236328125 0.080078125
0 0.7900390625 0.0380859375 0.228515625 0.076171875
0 0.964375 0.1103515625 0.0712890625 0.220703125