0 0.1767578125 0.0786328125 0.298828125 0.1572265625
0 0.73390625 0.078125 0.2958984375 0.15625
0 0.734375 0.33203125 0.29296875 0.28125
0 0.1748046875 0.6675 0.29296875 0.2841796875
0 0.45703125 0.82375 0.287109375 0.2783203125
0 0.9341015625 0.813984375 0.1318359375 0.2685546875
0 0.1723828125 0.923359375 0.2919921875 0.1533203125
0 0.1748046875 0.337890625 0.3046875 0.294921875
1 0.45703125 0.177734375 0.30859375 0.2890625
1 0.9360546875 0.1675 0.1279296875 0.2900390625
1 0.9326171875 0.493671875 0.134765625 0.2939453125
1 0.736328125 0.9175 0.294921875 0.1650390625
1 0.4541015625 0.497578125 0.306640625 0.2978515625
1 0.74171875 0.6606640625 0.3037109375 0.2978515625
1 0.0258984375 0.188984375 0.0517578125 0.2216796875
1 0.02734375 0.51171875 0.0546875 0.21875
1 0.0278515625 0.8423046875 0.0556640625 0.2412109375