1 0.3774609375 0.1875 0.2880859375 0.275390625
1 0.1196484375 0.0859375 0.2392578125 0.171875
1 0.6567578125 0.078125 0.2978515625 0.15625
1 0.8984375 0.4985546875 0.203125 0.2939453125
1 0.3798828125 0.509296875 0.298828125 0.2802734375
0 0.11671875 0.34765625 0.2333984375 0.267578125
0 0.12109375 0.6782421875 0.2421875 0.2802734375
0 0.12453125 0.931171875 0.2490234375 0.1376953125
0 0.3813671875 0.83546875 0.2744140625 0.2724609375
0 0.6626171875 0.6650390625 0.2763671875 0.279296875
0 0.66359375 0.3423046875 0.2783203125 0.2724609375
0 0.90234375 0.1753125 0.1953125 0.2724609375
0 0.8984375 0.8251953125 0.203125 0.275390625
0 0.6689453125 0.923359375 0.28125 0.1533203125