1 0.07421875 0.024921875 0.09375 0.0498046875
1 0.2446484375 0.105 0.0908203125 0.0830078125
1 0.33203125 0.151875 0.08984375 0.0908203125
1 0.49953125 0.0532421875 0.0908203125 0.0869140625
1 0.4169921875 0.39796875 0.087890625 0.0849609375
1 0.2446484375 0.5005078125 0.0908203125 0.0849609375
1 0.0747265625 0.6962890625 0.0908203125 0.0859375
1 0.16015625 0.7470703125 0.091796875 0.083984375
1 0.3305859375 0.7451171875 0.0869140625 0.08203125
1 0.4145703125 0.892109375 0.0888671875 0.0830078125
1 0.501953125 0.841796875 0.083984375 0.087890625
1 0.671875 0.7426953125 0.08984375 0.0830078125
1 0.8427734375 0.4443359375 0.0859375 0.0859375
1 0.7568359375 0.2958984375 0.08984375 0.0859375
1 0.8427734375 0.05078125 0.0859375 0.083984375
1 0.98390625 0.048359375 0.0322265625 0.0869140625
1 0.9848828125 0.2485546875 0.0302734375 0.0830078125
1 0.245625 0.974140625 0.0947265625 0.0517578125
1 0.0180859375 0.15578125 0.0361328125 0.0908203125
0 0.017578125 0.058125 0.03515625 0.0849609375
0 0.0751953125 0.1064453125 0.087890625 0.08203125
0 0.0751953125 0.2041015625 0.0859375 0.0859375
0 0.0751953125 0.302265625 0.0859375 0.0849609375
0 0.0161328125 0.25390625 0.0322265625 0.0859375
0 0.017109375 0.3520703125 0.0341796875 0.0869140625
0 0.0166015625 0.4521484375 0.033203125 0.091796875
0 0.0180859375 0.5503125 0.0361328125 0.0888671875
0 0.0166015625 0.649921875 0.033203125 0.0908203125
0 0.017109375 0.7451171875 0.0341796875 0.080078125
0 0.017578125 0.8447265625 0.03515625 0.08203125
0 0.0166015625 0.9453125 0.033203125 0.08203125
0 0.075703125 0.4008984375 0.0869140625 0.0869140625
0 0.075703125 0.4990234375 0.0869140625 0.0859375
0 0.0766796875 0.599140625 0.0869140625 0.0810546875
0 0.075703125 0.7954296875 0.0869140625 0.0810546875
0 0.075703125 0.8940625 0.0869140625 0.0849609375
0 0.075703125 0.9755859375 0.0888671875 0.048828125
0 0.1606640625 0.0556640625 0.0869140625 0.08203125
0 0.1596875 0.153828125 0.0830078125 0.0810546875
0 0.1596875 0.251953125 0.0888671875 0.0859375
0 0.1606640625 0.3501171875 0.0888671875 0.0908203125
0 0.1606640625 0.44875 0.0888671875 0.0908203125
0 0.1611328125 0.548828125 0.08984375 0.08984375
0 0.161640625 0.646015625 0.0888671875 0.0888671875
0 0.162109375 0.8447265625 0.091796875 0.0859375
0 0.162109375 0.942890625 0.087890625 0.0888671875
0 0.245625 0.0263671875 0.0888671875 0.052734375
0 0.245625 0.203125 0.0888671875 0.08984375
0 0.24609375 0.3012890625 0.08984375 0.0888671875
0 0.2466015625 0.39796875 0.0908203125 0.0888671875
0 0.245625 0.59765625 0.0908203125 0.08984375
0 0.24609375 0.6943359375 0.087890625 0.0859375
0 0.2470703125 0.7939453125 0.08984375 0.08984375
0 0.2466015625 0.8935546875 0.0849609375 0.0859375
0 0.329609375 0.0537109375 0.0888671875 0.0859375
0 0.33203125 0.2524609375 0.087890625 0.0849609375
0 0.330078125 0.3501171875 0.08984375 0.0888671875
0 0.33203125 0.4477734375 0.08984375 0.0888671875
0 0.3325390625 0.546875 0.0908203125 0.08984375
0 0.415546875 0.0231640625 0.0830078125 0.0462890625
0 0.416015625 0.1024609375 0.083984375 0.0830078125
0 0.416015625 0.2005859375 0.083984375 0.0859375
0 0.4175 0.3001953125 0.0830078125 0.083984375
0 0.4169921875 0.49796875 0.0859375 0.0888671875
0 0.4169921875 0.59609375 0.08984375 0.0859375
0 0.416015625 0.6962109375 0.091796875 0.0869140625
0 0.4165234375 0.793359375 0.0869140625 0.087890625
0 0.3310546875 0.6454296875 0.087890625 0.0869140625
0 0.3325390625 0.844140625 0.0869140625 0.0859375
0 0.3325390625 0.9427734375 0.0869140625 0.087890625
0 0.5005078125 0.1509765625 0.0849609375 0.08203125
0 0.5005078125 0.25 0.0869140625 0.083984375
0 0.5024609375 0.34765625 0.0869140625 0.0859375
0 0.501953125 0.447265625 0.0859375 0.0859375
0 0.501953125 0.54640625 0.0859375 0.0869140625
0 0.5029296875 0.6440625 0.0859375 0.0869140625
0 0.5024609375 0.74171875 0.0888671875 0.0888671875
0 0.501953125 0.9419140625 0.08984375 0.0888671875
0 0.587421875 0.0234375 0.0908203125 0.046875
0 0.587890625 0.1005859375 0.087890625 0.087890625
0 0.5869140625 0.201171875 0.08984375 0.087890625
0 0.5859375 0.2973828125 0.0859375 0.0888671875
0 0.587890625 0.3989453125 0.08984375 0.0849609375
0 0.587890625 0.49609375 0.08984375 0.08984375
0 0.5883984375 0.595234375 0.0888671875 0.0869140625
0 0.5883984375 0.6923828125 0.0869140625 0.0859375
0 0.5869140625 0.7934765625 0.080078125 0.0849609375
0 0.5883984375 0.8911328125 0.0849609375 0.0849609375
0 0.5883984375 0.9736328125 0.0849609375 0.052734375
0 0.673359375 0.0503125 0.0888671875 0.0888671875
0 0.6728515625 0.150390625 0.08984375 0.087890625
0 0.671875 0.248046875 0.08984375 0.08984375
0 0.671875 0.3466796875 0.08984375 0.087890625
0 0.673828125 0.4462890625 0.08984375 0.0859375
0 0.6728515625 0.544921875 0.087890625 0.0859375
0 0.673828125 0.64453125 0.08984375 0.0859375
0 0.673828125 0.8408203125 0.08984375 0.0859375
0 0.6728515625 0.939453125 0.091796875 0.087890625
0 0.7587890625 0.0224609375 0.087890625 0.044921875
0 0.7578125 0.099140625 0.087890625 0.0869140625
0 0.7583203125 0.1977734375 0.0908203125 0.0869140625
0 0.7583203125 0.3969921875 0.0908203125 0.0888671875
0 0.7587890625 0.493671875 0.08984375 0.0869140625
0 0.759296875 0.59328125 0.0908203125 0.0869140625
0 0.7583203125 0.692890625 0.0888671875 0.0869140625
0 0.759765625 0.79296875 0.08984375 0.0859375
0 0.759296875 0.892109375 0.0908203125 0.0888671875
0 0.7583203125 0.9736328125 0.0888671875 0.052734375
0 0.8447265625 0.149921875 0.087890625 0.0849609375
0 0.8447265625 0.2470703125 0.087890625 0.087890625
0 0.845234375 0.345234375 0.0908203125 0.0888671875
0 0.8442578125 0.544453125 0.0869140625 0.0849609375
0 0.84375 0.642109375 0.087890625 0.0849609375
0 0.845703125 0.74171875 0.087890625 0.0869140625
0 0.8447265625 0.8403515625 0.0859375 0.0869140625
0 0.845234375 0.9409375 0.0888671875 0.0830078125
0 0.927265625 0.021484375 0.0791015625 0.04296875
0 0.9282421875 0.099140625 0.0849609375 0.0830078125
0 0.9282421875 0.196796875 0.0908203125 0.0849609375
0 0.9296875 0.29640625 0.083984375 0.0830078125
0 0.9287109375 0.3955078125 0.087890625 0.0859375
0 0.9296875 0.493671875 0.087890625 0.0888671875
0 0.9306640625 0.5927734375 0.087890625 0.087890625
0 0.9301953125 0.693359375 0.0869140625 0.087890625
0 0.92921875 0.7919921875 0.0849609375 0.08203125
0 0.9306640625 0.888203125 0.087890625 0.0869140625
0 0.931640625 0.9731640625 0.09375 0.0537109375
0 0.9853515625 0.1489453125 0.029296875 0.0927734375
0 0.986328125 0.3501171875 0.02734375 0.0849609375
0 0.9848828125 0.4443359375 0.0302734375 0.08984375
0 0.986328125 0.5458984375 0.02734375 0.0859375
0 0.984375 0.6416015625 0.03125 0.080078125
0 0.9853515625 0.7446484375 0.029296875 0.0927734375
0 0.985859375 0.8403515625 0.0283203125 0.0830078125
0 0.986328125 0.93703125 0.02734375 0.0810546875
0 0.4171875 0.9744140625 0.08828125 0.051171875