1 0.060078125 0.3076171875 0.0908203125 0.087890625
1 0.146484375 0.357421875 0.0859375 0.083984375
1 0.2329296875 0.802265625 0.0908203125 0.0908203125
1 0.0625 0.904296875 0.08984375 0.083984375
1 0.4033203125 0.2060546875 0.091796875 0.087890625
1 0.66015625 0.2563671875 0.091796875 0.0888671875
1 0.833515625 0.4541015625 0.0888671875 0.083984375
1 0.92140625 0.501484375 0.0869140625 0.0869140625
1 0.9189453125 0.105 0.087890625 0.0869140625
1 0.978515625 0.056640625 0.04296875 0.0859375
1 0.7451171875 0.025390625 0.095703125 0.05078125
1 0.23390625 0.9790234375 0.0927734375 0.0419921875
1 0.6630859375 0.85109375 0.091796875 0.0888671875
1 0.75 0.8003125 0.08984375 0.0869140625
1 0.8364453125 0.751484375 0.0888671875 0.0830078125
1 0.66359375 0.5537109375 0.0888671875 0.0859375
1 0.578125 0.70265625 0.087890625 0.0869140625
1 0.490234375 0.6533203125 0.08984375 0.087890625
0 0.0576171875 0.0263671875 0.0859375 0.052734375
0 0.0591015625 0.1083984375 0.0908203125 0.0859375
0 0.0591015625 0.2094921875 0.0869140625 0.0830078125
0 0.0595703125 0.4067578125 0.08984375 0.0810546875
0 0.060078125 0.5068359375 0.0888671875 0.083984375
0 0.060546875 0.6059765625 0.0859375 0.0830078125
0 0.060546875 0.7041015625 0.08984375 0.0859375
0 0.0610546875 0.8056640625 0.0888671875 0.083984375
0 0.060546875 0.9794921875 0.08984375 0.041015625
0 0.1450390625 0.060546875 0.0869140625 0.0859375
0 0.146484375 0.1587109375 0.0859375 0.0888671875
0 0.146484375 0.25734375 0.087890625 0.0888671875
0 0.1469921875 0.455078125 0.0869140625 0.0859375
0 0.14796875 0.556171875 0.0869140625 0.0849609375
0 0.14796875 0.653828125 0.0888671875 0.0888671875
0 0.1484375 0.7544140625 0.0859375 0.0849609375
0 0.1489453125 0.8525390625 0.0888671875 0.0859375
0 0.1489453125 0.9516796875 0.0888671875 0.0849609375
0 0.2309765625 0.0263671875 0.0888671875 0.052734375
0 0.232421875 0.107421875 0.087890625 0.0859375
0 0.2333984375 0.208515625 0.087890625 0.0849609375
0 0.2329296875 0.3091015625 0.0869140625 0.0849609375
0 0.2333984375 0.40625 0.0859375 0.0859375
0 0.2329296875 0.505390625 0.0869140625 0.0849609375
0 0.23390625 0.603046875 0.0849609375 0.0869140625
0 0.234375 0.7041015625 0.0859375 0.083984375
0 0.2348828125 0.9033203125 0.0849609375 0.083984375
0 0.317890625 0.05859375 0.0849609375 0.0859375
0 0.31984375 0.158203125 0.0869140625 0.083984375
0 0.3188671875 0.2563671875 0.0888671875 0.0908203125
0 0.3193359375 0.3559765625 0.087890625 0.0830078125
0 0.3193359375 0.454609375 0.08984375 0.0869140625
0 0.31984375 0.5537109375 0.0869140625 0.0859375
0 0.3188671875 0.653828125 0.0849609375 0.0849609375
0 0.3193359375 0.7529296875 0.0859375 0.083984375
0 0.3208203125 0.853046875 0.0888671875 0.0869140625
0 0.322265625 0.9516796875 0.083984375 0.0849609375
0 0.4028515625 0.0263671875 0.0869140625 0.052734375
0 0.4052734375 0.107421875 0.0859375 0.0859375
0 0.4052734375 0.3051953125 0.083984375 0.0849609375
0 0.4048046875 0.404296875 0.0888671875 0.0859375
0 0.4048046875 0.5034375 0.0849609375 0.0849609375
0 0.40625 0.6040234375 0.0859375 0.0869140625
0 0.4067578125 0.70265625 0.0869140625 0.0869140625
0 0.40578125 0.8037109375 0.0888671875 0.0859375
0 0.4072265625 0.9028515625 0.087890625 0.0830078125
0 0.40625 0.98 0.083984375 0.0400390625
0 0.4912109375 0.0576171875 0.0859375 0.0859375
0 0.489765625 0.15578125 0.0869140625 0.0810546875
0 0.4907421875 0.255859375 0.0869140625 0.083984375
0 0.4912109375 0.3540234375 0.091796875 0.0830078125
0 0.4912109375 0.4541015625 0.087890625 0.083984375
0 0.4912109375 0.5546875 0.087890625 0.0859375
0 0.4926953125 0.7529296875 0.0888671875 0.083984375
0 0.49171875 0.85109375 0.0908203125 0.0849609375
0 0.4926953125 0.9521484375 0.0849609375 0.08203125
0 0.5766796875 0.025390625 0.0849609375 0.05078125
0 0.5771484375 0.1059765625 0.087890625 0.0849609375
0 0.575703125 0.2055859375 0.0830078125 0.0849609375
0 0.5766796875 0.3056640625 0.0888671875 0.087890625
0 0.576171875 0.4052734375 0.083984375 0.0859375
0 0.5771484375 0.50390625 0.083984375 0.083984375
0 0.579609375 0.603046875 0.0849609375 0.0830078125
0 0.580078125 0.8017578125 0.087890625 0.08203125
0 0.579609375 0.8989453125 0.0869140625 0.0888671875
0 0.57765625 0.978046875 0.0849609375 0.0439453125
0 0.6626171875 0.056640625 0.0830078125 0.083984375
0 0.6626171875 0.1572265625 0.0830078125 0.08203125
0 0.6626171875 0.35546875 0.0849609375 0.083984375
0 0.6640625 0.4541015625 0.0859375 0.083984375
0 0.66359375 0.65234375 0.0849609375 0.083984375
0 0.6630859375 0.7534375 0.0859375 0.0869140625
0 0.6650390625 0.951171875 0.0859375 0.083984375
0 0.7485546875 0.106953125 0.0849609375 0.0888671875
0 0.7490234375 0.2055859375 0.0859375 0.0849609375
0 0.7490234375 0.3046875 0.087890625 0.087890625
0 0.7466015625 0.4033203125 0.0888671875 0.0859375
0 0.7485546875 0.50390625 0.0869140625 0.080078125
0 0.7509765625 0.603515625 0.083984375 0.08203125
0 0.7509765625 0.703125 0.083984375 0.080078125
0 0.7529296875 0.9013671875 0.083984375 0.083984375
0 0.7524609375 0.9770703125 0.0849609375 0.0458984375
0 0.8325390625 0.056640625 0.0810546875 0.0859375
0 0.833515625 0.153828125 0.0888671875 0.0869140625
0 0.8349609375 0.25390625 0.0859375 0.0859375
0 0.83546875 0.3540234375 0.0869140625 0.0869140625
0 0.8364453125 0.5503125 0.0869140625 0.0849609375
0 0.837421875 0.6489453125 0.0888671875 0.0849609375
1 0.8359375 0.85109375 0.0859375 0.0849609375
0 0.837890625 0.951171875 0.0859375 0.083984375
0 0.91796875 0.0244140625 0.087890625 0.048828125
0 0.9208984375 0.204609375 0.087890625 0.0908203125
0 0.9208984375 0.30421875 0.0859375 0.0869140625
0 0.9208984375 0.4048046875 0.083984375 0.0830078125
0 0.9228515625 0.6040234375 0.0859375 0.0849609375
0 0.9223828125 0.701171875 0.0810546875 0.083984375
0 0.9228515625 0.80078125 0.0859375 0.0859375
0 0.9243359375 0.900390625 0.0869140625 0.087890625
0 0.9223828125 0.978046875 0.0830078125 0.0439453125
0 0.9809765625 0.1548046875 0.0380859375 0.0888671875
0 0.9814453125 0.255390625 0.037109375 0.0849609375
0 0.981953125 0.3559765625 0.0361328125 0.0888671875
0 0.9833984375 0.4536328125 0.033203125 0.0849609375
0 0.9848828125 0.5532421875 0.0302734375 0.0888671875
0 0.9853515625 0.6533203125 0.029296875 0.087890625
0 0.9833984375 0.75390625 0.033203125 0.076171875
0 0.982421875 0.845234375 0.03515625 0.0791015625
0 0.9833984375 0.9497265625 0.033203125 0.0888671875