1 0.037109375 0.036640625 0.07421875 0.0732421875
1 0.118671875 0.177734375 0.0908203125 0.09375
1 0.204609375 0.12890625 0.0869140625 0.0859375
1 0.63234375 0.17578125 0.0869140625 0.0859375
1 0.6328125 0.2758984375 0.095703125 0.0849609375
1 0.890625 0.3212890625 0.087890625 0.09375
1 0.9653515625 0.1728515625 0.0693359375 0.0859375
1 0.9658203125 0.2758984375 0.068359375 0.0830078125
1 0.966328125 0.4716796875 0.0673828125 0.087890625
1 0.8891796875 0.521484375 0.0927734375 0.08203125
1 0.80421875 0.571796875 0.0849609375 0.0830078125
1 0.716796875 0.5200390625 0.08984375 0.0849609375
1 0.63234375 0.6728515625 0.0869140625 0.087890625
1 0.4614453125 0.771484375 0.0869140625 0.083984375
1 0.5478515625 0.8188671875 0.091796875 0.0869140625
1 0.8051953125 0.962421875 0.0888671875 0.0751953125
1 0.2895703125 0.962421875 0.0888671875 0.0751953125
1 0.1181640625 0.7705078125 0.087890625 0.091796875
1 0.0380859375 0.6240234375 0.076171875 0.087890625
1 0.205078125 0.6235546875 0.087890625 0.0849609375
1 0.1176953125 0.572265625 0.0869140625 0.083984375
1 0.0361328125 0.4253125 0.072265625 0.0849609375
1 0.2036328125 0.42578125 0.0888671875 0.083984375
1 0.1176953125 0.3755078125 0.0869140625 0.0849609375
1 0.0361328125 0.328125 0.072265625 0.087890625
1 0.9653515625 0.962421875 0.0693359375 0.0751953125
1 0.287109375 0.01515625 0.076171875 0.0302734375
0 0.0361328125 0.1294140625 0.072265625 0.0830078125
1 0.548359375 0.4248046875 0.0849609375 0.083984375
0 0.036640625 0.23 0.0732421875 0.0810546875
0 0.0380859375 0.5258984375 0.076171875 0.0830078125
0 0.037109375 0.7231640625 0.07421875 0.0830078125
0 0.036640625 0.8232421875 0.0732421875 0.08203125
0 0.0380859375 0.919921875 0.076171875 0.087890625
0 0.1171875 0.01125 0.06640625 0.0224609375
0 0.118671875 0.0786328125 0.0830078125 0.0830078125
0 0.1196484375 0.2778515625 0.0849609375 0.0869140625
0 0.1181640625 0.474140625 0.087890625 0.0869140625
0 0.1196484375 0.673828125 0.0849609375 0.0859375
0 0.1216015625 0.87109375 0.0830078125 0.0859375
0 0.1216015625 0.9653515625 0.0830078125 0.0693359375
0 0.2041015625 0.0346875 0.083984375 0.0693359375
0 0.204609375 0.2270703125 0.0810546875 0.0849609375
0 0.205078125 0.3251953125 0.08203125 0.0859375
0 0.205078125 0.5244140625 0.083984375 0.08203125
0 0.2065625 0.7231640625 0.0849609375 0.0849609375
0 0.2060546875 0.8212890625 0.08203125 0.08203125
0 0.2060546875 0.9184765625 0.083984375 0.0810546875
0 0.204609375 0.9853515625 0.0712890625 0.029296875
0 0.0346875 0.9887890625 0.0693359375 0.0224609375
0 0.291015625 0.0791015625 0.08203125 0.08203125
0 0.290546875 0.1782421875 0.0810546875 0.0791015625
0 0.2900390625 0.2763671875 0.083984375 0.08203125
0 0.2895703125 0.376953125 0.0869140625 0.08203125
0 0.2900390625 0.4765625 0.083984375 0.078125
0 0.2900390625 0.57375 0.08203125 0.0830078125
0 0.290546875 0.6708984375 0.0849609375 0.083984375
0 0.2925 0.771015625 0.0849609375 0.0810546875
0 0.2919921875 0.870625 0.0859375 0.0830078125
0 0.375 0.0346875 0.083984375 0.0693359375
0 0.3740234375 0.12890625 0.087890625 0.08203125
0 0.3755078125 0.2265625 0.0888671875 0.080078125
0 0.375 0.3266796875 0.0859375 0.0810546875
0 0.37453125 0.4243359375 0.0869140625 0.0849609375
0 0.375 0.524921875 0.087890625 0.0810546875
0 0.376484375 0.6216015625 0.0849609375 0.0791015625
0 0.3779296875 0.7212109375 0.083984375 0.0810546875
0 0.376484375 0.8188671875 0.0810546875 0.0869140625
0 0.376953125 0.9184765625 0.0859375 0.0849609375
0 0.3784375 0.986328125 0.0810546875 0.02734375
0 0.46046875 0.01125 0.0693359375 0.0224609375
0 0.4614453125 0.0786328125 0.0830078125 0.0830078125
0 0.4609375 0.17578125 0.08203125 0.083984375
0 0.462421875 0.275390625 0.0849609375 0.08203125
0 0.4609375 0.3740234375 0.087890625 0.0859375
0 0.4609375 0.4751171875 0.0859375 0.0830078125
0 0.462890625 0.5727734375 0.0859375 0.0830078125
0 0.462890625 0.67140625 0.0859375 0.0830078125
0 0.4633984375 0.8696484375 0.0830078125 0.0810546875
0 0.462421875 0.964375 0.0830078125 0.0712890625
0 0.546875 0.033203125 0.08203125 0.06640625
0 0.546875 0.1255078125 0.080078125 0.0791015625
0 0.544921875 0.2251171875 0.083984375 0.0810546875
0 0.5478515625 0.3251953125 0.083984375 0.083984375
0 0.548828125 0.5224609375 0.08203125 0.08203125
0 0.548359375 0.62109375 0.0810546875 0.08203125
0 0.548359375 0.7197265625 0.0869140625 0.08203125
0 0.5498046875 0.9189453125 0.083984375 0.087890625
0 0.5498046875 0.985859375 0.080078125 0.0283203125
0 0.63234375 0.010546875 0.0810546875 0.02109375
0 0.6333203125 0.077265625 0.0849609375 0.0830078125
0 0.6337890625 0.374609375 0.083984375 0.080078125
0 0.634765625 0.4712890625 0.083984375 0.0859375
0 0.6333203125 0.571875 0.0869140625 0.08203125
0 0.63625 0.769140625 0.0849609375 0.08203125
0 0.634765625 0.8677734375 0.08203125 0.08203125
0 0.6352734375 0.9626953125 0.0888671875 0.074609375
0 0.716796875 0.033515625 0.08203125 0.0669921875
0 0.71828125 0.1265625 0.0869140625 0.083984375
0 0.7173046875 0.22421875 0.0908203125 0.08203125
0 0.71828125 0.323828125 0.0869140625 0.0859375
0 0.716796875 0.4224609375 0.087890625 0.08203125
0 0.7216796875 0.620234375 0.087890625 0.0830078125
0 0.71875 0.7173828125 0.087890625 0.0859375
0 0.720234375 0.81796875 0.0869140625 0.08203125
0 0.720703125 0.917109375 0.08984375 0.0810546875
0 0.8032421875 0.010546875 0.0712890625 0.02109375
0 0.8051953125 0.07578125 0.0888671875 0.08203125
0 0.802265625 0.175390625 0.0888671875 0.087890625
0 0.80421875 0.2735546875 0.0869140625 0.0830078125
0 0.8051953125 0.3731640625 0.0869140625 0.0849609375
0 0.8056640625 0.472265625 0.091796875 0.083984375
0 0.806171875 0.66953125 0.0849609375 0.087890625
0 0.8056640625 0.768671875 0.08984375 0.0869140625
0 0.80859375 0.866328125 0.0859375 0.0869140625
0 0.8911328125 0.033984375 0.0869140625 0.06796875
0 0.890625 0.124140625 0.083984375 0.0830078125
0 0.890625 0.22421875 0.0859375 0.083984375
0 0.8911328125 0.4224609375 0.0869140625 0.080078125
0 0.8935546875 0.6197265625 0.0859375 0.08203125
0 0.892109375 0.718359375 0.0869140625 0.0859375
0 0.8930859375 0.8165234375 0.0830078125 0.0888671875
0 0.8950390625 0.917109375 0.0849609375 0.0810546875
0 0.892578125 0.983203125 0.076171875 0.03359375
0 0.970234375 0.0110546875 0.0595703125 0.0220703125
0 0.966328125 0.077265625 0.0673828125 0.0888671875
0 0.966328125 0.3716796875 0.0673828125 0.08984375
0 0.966796875 0.569921875 0.06640625 0.087890625
0 0.9658203125 0.6680859375 0.068359375 0.0888671875
0 0.966796875 0.7676953125 0.06640625 0.0888671875
0 0.96875 0.866328125 0.0625 0.0869140625