1 0.0736328125 0.276171875 0.094140625 0.08515625
1 0.330859375 0.2248046875 0.09296875 0.087890625
1 0.5880859375 0.2720703125 0.093359375 0.087890625
1 0.6744140625 0.2220703125 0.090234375 0.088671875
1 0.587109375 0.0748046875 0.09609375 0.087890625
1 0.6736328125 0.035546875 0.091015625 0.07109375
1 0.759765625 0.075 0.09140625 0.0875
1 0.9302734375 0.0724609375 0.093359375 0.089453125
1 0.930078125 0.010546875 0.0796875 0.02109375
1 0.587890625 0.3708984375 0.09609375 0.087109375
1 0.4171875 0.4705078125 0.09296875 0.090234375
1 0.2455078125 0.471484375 0.091015625 0.090625
1 0.1591796875 0.520703125 0.091015625 0.0859375
1 0.246875 0.570703125 0.09140625 0.08515625
1 0.58984375 0.5693359375 0.09140625 0.087890625
1 0.7609375 0.4689453125 0.09453125 0.090234375
1 0.93125 0.37109375 0.09453125 0.08828125
1 0.9333984375 0.6681640625 0.091015625 0.087109375
1 0.933203125 0.864453125 0.090625 0.0859375
1 0.76328125 0.8654296875 0.09296875 0.088671875
1 0.505078125 0.717578125 0.09453125 0.08984375
1 0.50625 0.9845703125 0.0859375 0.030859375
1 0.161328125 0.9173828125 0.0953125 0.091796875
1 0.075 0.9625 0.09609375 0.075
1 0.0138671875 0.98515625 0.027734375 0.0296875
0 0.015703125 0.035 0.03140625 0.0700390625
0 0.0158984375 0.12625 0.0318359375 0.0878515625
0 0.0161328125 0.2276953125 0.032265625 0.0801953125
0 0.0167578125 0.32359375 0.033515625 0.0853125
0 0.0176171875 0.423125 0.035234375 0.081484375
0 0.0169921875 0.5228515625 0.0339453125 0.0840234375
0 0.0176171875 0.621328125 0.035234375 0.0831640625
0 0.0173828125 0.7187109375 0.0348046875 0.079375
0 0.0167578125 0.8182421875 0.033515625 0.0789453125
0 0.0169921875 0.919453125 0.0339453125 0.08359375
0 0.0721484375 0.011875 0.0789453125 0.02375
0 0.072578125 0.078515625 0.08828125 0.081484375
0 0.073203125 0.1758984375 0.0878515625 0.084453125
0 0.0744921875 0.3734765625 0.09125 0.087421875
0 0.0740625 0.4727734375 0.08953125 0.0831640625
0 0.073828125 0.5725 0.089140625 0.0840234375
0 0.074921875 0.6703515625 0.0887109375 0.086171875
0 0.0753125 0.7711328125 0.090390625 0.087421875
0 0.0746875 0.8698046875 0.08828125 0.08359375
0 0.1580859375 0.0345703125 0.0878515625 0.0691796875
0 0.158515625 0.126484375 0.0878515625 0.0857421875
0 0.158515625 0.2259765625 0.0878515625 0.0827734375
0 0.159140625 0.3257421875 0.089140625 0.0810546875
0 0.1587109375 0.421015625 0.087421875 0.080625
0 0.160625 0.61984375 0.09125 0.0887109375
0 0.1595703125 0.7189453125 0.0908203125 0.0831640625
0 0.1612890625 0.8184765625 0.0865625 0.0853125
0 0.1616796875 0.9853125 0.0789453125 0.0294140625
0 0.2446484375 0.011015625 0.0751171875 0.0220703125
0 0.2446484375 0.0772265625 0.086171875 0.0848828125
0 0.245078125 0.1755078125 0.08953125 0.0853125
0 0.245078125 0.2730859375 0.08953125 0.0827734375
0 0.2459375 0.372421875 0.0887109375 0.0869921875
0 0.2464453125 0.670625 0.0890234375 0.085703125
0 0.2461328125 0.7689453125 0.085703125 0.084375
0 0.2487890625 0.867578125 0.08703125 0.0837109375
0 0.249453125 0.96203125 0.08703125 0.0759375
0 0.3305078125 0.0351953125 0.08703125 0.0704296875
0 0.330859375 0.1265625 0.08984375 0.08671875
0 0.33125 0.3228515625 0.090625 0.083203125
0 0.331640625 0.4216796875 0.08828125 0.087109375
0 0.3330078125 0.620703125 0.089453125 0.0875
0 0.332421875 0.7189453125 0.08828125 0.083984375
0 0.333203125 0.8189453125 0.08828125 0.083984375
0 0.334375 0.91640625 0.08671875 0.08515625
0 0.332421875 0.9857421875 0.08359375 0.028515625
0 0.415625 0.0107421875 0.071875 0.021484375
0 0.41640625 0.07578125 0.0875 0.0828125
0 0.4169921875 0.175390625 0.087890625 0.0890625
0 0.416796875 0.273046875 0.08515625 0.08359375
0 0.4173828125 0.371875 0.087109375 0.08515625
0 0.4173828125 0.5703125 0.087890625 0.0828125
0 0.418359375 0.66953125 0.08828125 0.08671875
0 0.419140625 0.7666015625 0.09140625 0.085546875
0 0.4185546875 0.8662109375 0.090234375 0.084765625
0 0.41875 0.9611328125 0.08984375 0.077734375
0 0.501953125 0.03359375 0.08828125 0.0671875
0 0.501171875 0.1244140625 0.0875 0.083984375
0 0.50234375 0.2255859375 0.090625 0.081640625
0 0.5025390625 0.321484375 0.090234375 0.08359375
0 0.5021484375 0.420703125 0.091015625 0.08359375
0 0.5025390625 0.5185546875 0.088671875 0.083203125
0 0.50390625 0.61953125 0.09296875 0.0859375
0 0.5041015625 0.8169921875 0.091796875 0.080859375
0 0.5037109375 0.91546875 0.090234375 0.085625
0 0.5865234375 0.0107421875 0.073828125 0.021484375
0 0.5875 0.173828125 0.08671875 0.08359375
0 0.5900390625 0.47109375 0.091796875 0.08515625
0 0.5900390625 0.66796875 0.090234375 0.08671875
0 0.5908203125 0.76640625 0.089453125 0.0859375
0 0.5912109375 0.865625 0.088671875 0.08515625
0 0.59140625 0.9607421875 0.08984375 0.078515625
0 0.674609375 0.12421875 0.0875 0.0828125
0 0.6744140625 0.322265625 0.091015625 0.08359375
0 0.6755859375 0.4201171875 0.089453125 0.087109375
0 0.6765625 0.517578125 0.08984375 0.08515625
0 0.6767578125 0.6166015625 0.088671875 0.086328125
0 0.6771484375 0.71640625 0.090234375 0.08828125
0 0.6759765625 0.817578125 0.090234375 0.08515625
0 0.676171875 0.9150390625 0.0921875 0.085546875
0 0.6767578125 0.984375 0.088671875 0.03125
0 0.7576171875 0.011328125 0.077734375 0.02265625
0 0.758984375 0.17265625 0.08984375 0.0859375
0 0.759765625 0.2732421875 0.09140625 0.083203125
0 0.7611328125 0.3728515625 0.093359375 0.085546875
0 0.7609375 0.566796875 0.0921875 0.0859375
0 0.7607421875 0.66796875 0.092578125 0.08671875
0 0.7615234375 0.76875 0.094140625 0.0890625
0 0.7625 0.9609375 0.09453125 0.078125
0 0.8455078125 0.0353515625 0.092578125 0.070703125
0 0.8447265625 0.125390625 0.090234375 0.08125
0 0.8458984375 0.2224609375 0.092578125 0.087890625
0 0.8451171875 0.321875 0.090234375 0.08671875
0 0.846875 0.4203125 0.09140625 0.0859375
0 0.8470703125 0.5185546875 0.091796875 0.087109375
0 0.8486328125 0.6177734375 0.093359375 0.083984375
0 0.8474609375 0.715234375 0.090234375 0.084375
0 0.848046875 0.8162109375 0.08984375 0.087109375
0 0.848046875 0.913671875 0.0890625 0.08359375
0 0.8466796875 0.9845703125 0.086328125 0.030859375
0 0.9349609375 0.9626953125 0.089453125 0.074609375
0 0.934375 0.7658203125 0.090625 0.087890625
0 0.9328125 0.56875 0.08984375 0.08515625
0 0.9341796875 0.4705078125 0.090234375 0.083203125
0 0.933203125 0.2712890625 0.09140625 0.083984375
0 0.931640625 0.173046875 0.090625 0.084375
0 0.9853515625 0.032421875 0.029296875 0.06484375
0 0.9865234375 0.12265625 0.026953125 0.08515625
0 0.985546875 0.223046875 0.02890625 0.0828125
0 0.98515625 0.3212890625 0.0296875 0.077734375
0 0.984765625 0.42109375 0.03046875 0.0796875
0 0.985546875 0.51953125 0.02890625 0.08046875
0 0.9857421875 0.617578125 0.028515625 0.0796875
0 0.986328125 0.716015625 0.02734375 0.07890625
0 0.9865234375 0.8154296875 0.026953125 0.081640625
0 0.987109375 0.915625 0.02578125 0.0765625