0 0.5068359375 0.1118359375 0.283203125 0.2236328125
0 0.5048828125 0.411640625 0.27734375 0.2744140625
0 0.505859375 0.73828125 0.287109375 0.275390625
0 0.2251171875 0.25390625 0.2744140625 0.271484375
0 0.0439453125 0.42140625 0.087890625 0.2587890625
0 0.0454296875 0.7470703125 0.0908203125 0.267578125
0 0.03078125 0.966328125 0.0615234375 0.0673828125
0 0.7925 0.0302734375 0.2373046875 0.060546875
0 0.228515625 0.0341796875 0.25 0.068359375
1 0.0473828125 0.1176953125 0.0947265625 0.2353515625
1 0.7890625 0.2466015625 0.291015625 0.2841796875
1 0.9614453125 0.4067578125 0.0771484375 0.2763671875
1 0.7880859375 0.5727734375 0.296875 0.2880859375
1 0.9580078125 0.7294921875 0.083984375 0.267578125
1 0.7880859375 0.8763671875 0.287109375 0.247265625
1 0.9692578125 0.9627734375 0.0615234375 0.0744140625
1 0.5024609375 0.953984375 0.2529296875 0.0919921875
1 0.228046875 0.8802734375 0.2861328125 0.239453125
1 0.2265625 0.5744921875 0.287109375 0.2705078125
1 0.9609375 0.1044921875 0.078125 0.208984375