0 0.2368359375 0.2075390625 0.2802734375 0.2685546875
0 0.234375 0.861328125 0.2890625 0.27734375
1 0.5166015625 0.09375 0.3046875 0.1875
1 0.5141796875 0.36671875 0.2900390625 0.2919921875
1 0.796875 0.204609375 0.296875 0.2861328125
1 0.234375 0.5317578125 0.294921875 0.2880859375
1 0.515625 0.693359375 0.30078125 0.287109375
1 0.794453125 0.855 0.3017578125 0.2900390625
1 0.794921875 0.526875 0.298828125 0.2939453125
1 0.0556640625 0.0947265625 0.111328125 0.189453125
1 0.052734375 0.3701171875 0.10546875 0.306640625
1 0.052265625 0.696796875 0.1044921875 0.2919921875
1 0.9638671875 0.6904296875 0.072265625 0.27734375
1 0.962890625 0.361328125 0.07421875 0.26953125
1 0.517109375 0.9380078125 0.2900390625 0.1240234375