1 0.4912109375 0.2529296875 0.298828125 0.283203125
1 0.7690625 0.1142578125 0.3037109375 0.228515625
1 0.950703125 0.239765625 0.0986328125 0.2880859375
1 0.9482421875 0.57375 0.103515625 0.2685546875
1 0.951171875 0.876484375 0.09765625 0.2470703125
1 0.7641796875 0.958515625 0.2646484375 0.0830078125
1 0.2099609375 0.740234375 0.30859375 0.29296875
1 0.7705078125 0.7333984375 0.302734375 0.287109375
1 0.4892578125 0.03515625 0.27734375 0.0703125
1 0.0419921875 0.2626953125 0.083984375 0.279296875
1 0.4946484375 0.87890625 0.2880859375 0.2421875
0 0.20703125 0.1142578125 0.287109375 0.228515625
0 0.2094921875 0.4130859375 0.2900390625 0.275390625
0 0.4868359375 0.5727734375 0.2919921875 0.2822265625
0 0.7705078125 0.41015625 0.29296875 0.28515625
0 0.205078125 0.9614453125 0.251953125 0.0771484375
0 0.0395703125 0.8891796875 0.0791015625 0.2216796875
0 0.0380859375 0.583984375 0.076171875 0.2734375