1 0.216171875 0.198828125 0.0821484375 0.0931640625
1 0.38453125 0.1990625 0.0761328125 0.0925
1 0.211796875 0.3951171875 0.08828125 0.0899609375
1 0.387734375 0.4937109375 0.084609375 0.0880078125
1 0.3003515625 0.543515625 0.094453125 0.088671875
1 0.2145703125 0.59265625 0.095078125 0.091875
1 0.5592578125 0.790234375 0.094453125 0.0912109375
1 0.3864453125 0.971875 0.0969921875 0.05625
1 0.73046875 0.9715625 0.0937890625 0.056875
1 0.8178515625 0.8380859375 0.0989453125 0.091875
1 0.8158984375 0.640859375 0.100234375 0.091875
1 0.81625 0.3433984375 0.100859375 0.091875
1 0.968984375 0.14390625 0.06203125 0.0963671875
1 0.814296875 0.0459375 0.08375 0.091875
1 0.72640625 0.0963671875 0.0811328125 0.0925
1 0.6440234375 0.0465625 0.0871875 0.08578125
1 0.5566796875 0.09796875 0.09828125 0.0969921875
1 0.64375 0.2454296875 0.09765625 0.0937890625
1 0.7294921875 0.195625 0.094453125 0.0905859375
1 0.7288671875 0.3931640625 0.0957421875 0.0925
1 0.644375 0.4441796875 0.0934765625 0.08609375
1 0.469453125 0.047421875 0.0982421875 0.09140625
0 0.043046875 0.0225390625 0.08609375 0.045078125
0 0.0434375 0.099765625 0.086875 0.088515625
0 0.04265625 0.198359375 0.0852734375 0.0844921875
0 0.0442578125 0.2969140625 0.088515625 0.0901171875
0 0.0442578125 0.397109375 0.088515625 0.0876953125
0 0.0442578125 0.494453125 0.088515625 0.08609375
0 0.0442578125 0.593828125 0.088515625 0.0869140625
0 0.04546875 0.6940234375 0.0909375 0.08609375
0 0.0438671875 0.792578125 0.0876953125 0.0852734375
0 0.04546875 0.8903515625 0.0909375 0.0876953125
0 0.045078125 0.972734375 0.0901171875 0.05453125
0 0.1315625 0.9414453125 0.0925390625 0.0852734375
0 0.1299609375 0.8416796875 0.089296875 0.088515625
0 0.1327734375 0.7430859375 0.0933203125 0.0876953125
0 0.1303515625 0.6429296875 0.0901171875 0.09171875
0 0.1307421875 0.5411328125 0.089296875 0.0909375
0 0.131171875 0.4445703125 0.0933203125 0.094140625
0 0.12953125 0.34640625 0.0901171875 0.0909375
0 0.1299609375 0.2486328125 0.0925390625 0.088515625
0 0.129140625 0.1464453125 0.0925390625 0.0933203125
0 0.12875 0.0498828125 0.0933203125 0.088515625
0 0.21484375 0.021484375 0.0875 0.04296875
0 0.2173828125 0.0994140625 0.091796875 0.089453125
0 0.2162109375 0.296875 0.090234375 0.08359375
0 0.2162109375 0.4943359375 0.091015625 0.087109375
0 0.215625 0.691796875 0.090625 0.08515625
0 0.216796875 0.7919921875 0.090625 0.084765625
0 0.21640625 0.8904296875 0.090625 0.084765625
0 0.2169921875 0.972265625 0.087109375 0.05546875
0 0.3029296875 0.9408203125 0.091015625 0.086328125
0 0.3029296875 0.8416015625 0.089453125 0.087109375
0 0.301953125 0.7421875 0.08828125 0.08515625
0 0.3017578125 0.6419921875 0.087890625 0.086328125
0 0.303125 0.444921875 0.09140625 0.08828125
0 0.301171875 0.3462890625 0.0875 0.085546875
0 0.301953125 0.246875 0.08828125 0.08359375
0 0.30234375 0.1466796875 0.08828125 0.087109375
0 0.3009765625 0.0486328125 0.087109375 0.086328125
0 0.3859375 0.019921875 0.08828125 0.03984375
0 0.38671875 0.0990234375 0.090625 0.087109375
0 0.3859375 0.2958984375 0.08984375 0.085546875
0 0.38515625 0.394921875 0.090625 0.0859375
0 0.38671875 0.59296875 0.090625 0.084375
0 0.3880859375 0.691015625 0.091796875 0.08359375
0 0.3873046875 0.79140625 0.089453125 0.08203125
0 0.3880859375 0.89140625 0.089453125 0.084375
0 0.473046875 0.9390625 0.0890625 0.08359375
0 0.473828125 0.840625 0.08984375 0.08515625
0 0.4728515625 0.7412109375 0.088671875 0.083984375
0 0.47265625 0.6427734375 0.0890625 0.085546875
0 0.4728515625 0.54375 0.089453125 0.0859375
0 0.472265625 0.4439453125 0.0875 0.081640625
0 0.473046875 0.34453125 0.08984375 0.08671875
0 0.471484375 0.2458984375 0.08828125 0.088671875
0 0.471875 0.1455078125 0.0890625 0.087109375
0 0.5576171875 0.02109375 0.085546875 0.0421875
0 0.558203125 0.19609375 0.09140625 0.08359375
0 0.5572265625 0.2947265625 0.091796875 0.083203125
0 0.55859375 0.39375 0.09140625 0.0859375
0 0.558203125 0.4927734375 0.08984375 0.085546875
0 0.558984375 0.5904296875 0.0890625 0.084765625
0 0.5595703125 0.691015625 0.092578125 0.08515625
0 0.5595703125 0.8900390625 0.092578125 0.085546875
0 0.561328125 0.9728515625 0.0953125 0.054296875
0 0.6470703125 0.9376953125 0.090234375 0.080859375
0 0.6462890625 0.8390625 0.089453125 0.0828125
0 0.6453125 0.7400390625 0.0890625 0.085546875
0 0.6443359375 0.6404296875 0.089453125 0.086328125
0 0.6443359375 0.5419921875 0.091015625 0.085546875
0 0.6451171875 0.3427734375 0.091015625 0.087890625
0 0.6431640625 0.146484375 0.087890625 0.08515625
0 0.729296875 0.0208984375 0.08671875 0.041796875
0 0.729296875 0.2951171875 0.09296875 0.084765625
0 0.729296875 0.4923828125 0.090625 0.083984375
0 0.729296875 0.5921875 0.090625 0.0828125
0 0.7302734375 0.6908203125 0.092578125 0.084765625
0 0.730078125 0.7896484375 0.090625 0.080859375
0 0.7302734375 0.888671875 0.091796875 0.084375
0 0.8171875 0.9369140625 0.0890625 0.083984375
0 0.818359375 0.740234375 0.09921875 0.08671875
0 0.8177734375 0.5427734375 0.097265625 0.086328125
0 0.8146484375 0.4419921875 0.092578125 0.086328125
0 0.8162109375 0.243359375 0.094140625 0.0859375
0 0.8158203125 0.1443359375 0.094140625 0.091796875
0 0.9033203125 0.0193359375 0.090234375 0.038671875
0 0.9001953125 0.0943359375 0.094140625 0.087890625
0 0.9009765625 0.1943359375 0.096484375 0.086328125
0 0.9009765625 0.2919921875 0.093359375 0.086328125
0 0.9033203125 0.392578125 0.091796875 0.084375
0 0.9021484375 0.4904296875 0.090234375 0.084765625
0 0.902734375 0.590625 0.09453125 0.08359375
0 0.9021484375 0.68984375 0.093359375 0.0859375
0 0.9037109375 0.7884765625 0.091796875 0.083984375
0 0.90390625 0.8888671875 0.09453125 0.085546875
0 0.90390625 0.9736328125 0.08828125 0.052734375
0 0.9732421875 0.9376953125 0.053515625 0.084765625
0 0.9716796875 0.8359375 0.056640625 0.0859375
0 0.9716796875 0.7384765625 0.056640625 0.085546875
0 0.9712890625 0.640234375 0.057421875 0.08203125
0 0.971484375 0.540234375 0.05703125 0.08671875
0 0.971484375 0.441796875 0.05703125 0.0875
0 0.97109375 0.3421875 0.0578125 0.08515625
0 0.9705078125 0.24375 0.058984375 0.08515625
0 0.969921875 0.0458984375 0.06015625 0.084765625