0 0.1675 0.09765625 0.2939453125 0.1953125
0 0.4580078125 0.0190625 0.2109375 0.0380859375
0 0.4501953125 0.5439453125 0.29296875 0.287109375
0 0.1723828125 0.3876953125 0.2958984375 0.283203125
0 0.7309765625 0.7065625 0.2939453125 0.2841796875
1 0.451171875 0.224140625 0.298828125 0.2880859375
1 0.7333984375 0.380390625 0.30078125 0.2939453125
1 0.933125 0.2192578125 0.1337890625 0.2783203125
1 0.931640625 0.5390625 0.13671875 0.2890625
1 0.931171875 0.8623046875 0.1376953125 0.275390625
1 0.4516796875 0.8628125 0.2978515625 0.2744140625
1 0.7333984375 0.9443359375 0.275390625 0.111328125
1 0.1684765625 0.9443359375 0.2900390625 0.111328125
1 0.1762890625 0.712890625 0.2978515625 0.283203125
1 0.7309765625 0.099609375 0.3056640625 0.19921875