0 0.0763671875 0.24890625 0.088671875 0.08515625
0 0.33359375 0.1975390625 0.09296875 0.087890625
0 0.5926171875 0.2457421875 0.093359375 0.087890625
0 0.67625 0.196640625 0.090234375 0.088671875
0 0.58984375 0.049375 0.09609375 0.087890625
0 0.6763671875 0.021484375 0.096484375 0.0429296875
0 0.7633984375 0.0459375 0.09140625 0.0875
0 0.93390625 0.0479296875 0.087890625 0.089453125
0 0.5915234375 0.3445703125 0.09609375 0.087109375
0 0.4190234375 0.4432421875 0.09296875 0.090234375
0 0.249140625 0.4460546875 0.091015625 0.090625
0 0.1628125 0.496171875 0.091015625 0.0859375
0 0.2487109375 0.546171875 0.09140625 0.08515625
1 0.592578125 0.5430078125 0.09140625 0.087890625
0 0.7627734375 0.4444140625 0.09453125 0.090234375
1 0.93578125 0.34203125 0.09453125 0.08828125
0 0.935234375 0.6418359375 0.091015625 0.087109375
0 0.9368359375 0.838125 0.090625 0.0859375
0 0.76328125 0.8391015625 0.09296875 0.088671875
1 0.5059765625 0.6939453125 0.09453125 0.08984375
0 0.5071484375 0.9723046875 0.0877734375 0.055390625
0 0.1631640625 0.8928515625 0.0953125 0.091796875
0 0.0791015625 0.9420703125 0.08609375 0.0813671875
0 0.0138671875 0.98515625 0.027734375 0.0296875
0 0.0138671875 0.0213671875 0.0277734375 0.0427734375
1 0.0158984375 0.099921875 0.031796875 0.0878515625
0 0.0161328125 0.196796875 0.032265625 0.0801953125
0 0.0167578125 0.297265625 0.033515625 0.0853125
1 0.0176171875 0.395859375 0.035234375 0.081484375
0 0.016953125 0.49921875 0.0339453125 0.0840234375
0 0.0176171875 0.596796875 0.035234375 0.0831640625
0 0.0173828125 0.696015625 0.0348046875 0.079375
0 0.0167578125 0.795546875 0.033515625 0.0789453125
0 0.016953125 0.894921875 0.0339453125 0.08359375
1 0.0744140625 0.049453125 0.08828125 0.081484375
1 0.0759375 0.147734375 0.0878515625 0.084453125
0 0.076328125 0.348046875 0.09125 0.087421875
0 0.076796875 0.4455078125 0.08953125 0.0831640625
1 0.0774609375 0.545234375 0.089140625 0.0840234375
0 0.07765625 0.64765625 0.0887109375 0.086171875
1 0.0771484375 0.74296875 0.090390625 0.087421875
0 0.0783203125 0.844375 0.08828125 0.08359375
1 0.16125 0.0209375 0.09421875 0.041875
0 0.1621484375 0.09921875 0.0878515625 0.0857421875
0 0.16125 0.1987109375 0.0878515625 0.0827734375
0 0.1627734375 0.2966796875 0.089140625 0.0810546875
0 0.1632421875 0.3955859375 0.087421875 0.080625
0 0.163359375 0.5953125 0.09125 0.0887109375
1 0.1650390625 0.693046875 0.0908203125 0.0876953125
1 0.165390625 0.792578125 0.09109375 0.08984375
0 0.16578125 0.973046875 0.087109375 0.05390625
0 0.2491796875 0.0508984375 0.086171875 0.0848828125
0 0.2487109375 0.150078125 0.08953125 0.0853125
0 0.2478125 0.24765625 0.08953125 0.0827734375
0 0.2477734375 0.34609375 0.0887109375 0.0869921875
0 0.2491796875 0.643359375 0.0890234375 0.085703125
0 0.249765625 0.743515625 0.085703125 0.084375
0 0.2515234375 0.84125 0.08703125 0.0837109375
0 0.25171875 0.9411328125 0.089765625 0.09046875
0 0.33234375 0.02203125 0.0906640625 0.0440625
0 0.3326953125 0.099296875 0.08984375 0.08671875
0 0.3330859375 0.2965234375 0.090625 0.083203125
0 0.3334765625 0.3953515625 0.08828125 0.087109375
0 0.3357421875 0.494453125 0.089453125 0.0875
0 0.336953125 0.5944921875 0.08828125 0.083984375
0 0.3359375 0.6926953125 0.08828125 0.083984375
0 0.337109375 0.7910546875 0.08671875 0.08515625
0 0.3346875 0.9716796875 0.086328125 0.0566796875
0 0.419140625 0.0476171875 0.0875 0.0828125
0 0.4197265625 0.1454296875 0.087890625 0.0890625
0 0.41953125 0.24578125 0.08515625 0.08359375
0 0.4201171875 0.345546875 0.087109375 0.08515625
0 0.421015625 0.543984375 0.087890625 0.0828125
0 0.422890625 0.643203125 0.08828125 0.08671875
1 0.4227734375 0.74296875 0.09140625 0.085546875
0 0.4221875 0.842578125 0.090234375 0.084765625
0 0.4223828125 0.9384375 0.08984375 0.077734375
0 0.5033203125 0.0199609375 0.091015625 0.039921875
1 0.505703125 0.0953515625 0.0875 0.083984375
0 0.505078125 0.197421875 0.090625 0.081640625
0 0.506171875 0.2960546875 0.090234375 0.08359375
0 0.5066796875 0.394375 0.091015625 0.08359375
0 0.506171875 0.494921875 0.088671875 0.083203125
0 0.5057421875 0.5941015625 0.09296875 0.0859375
0 0.5095703125 0.7924609375 0.091796875 0.080859375
0 0.5091796875 0.889140625 0.090234375 0.085625
0 0.5911328125 0.1475 0.08671875 0.08359375
0 0.5945703125 0.4456640625 0.091796875 0.08515625
1 0.5945703125 0.6425390625 0.090234375 0.08671875
0 0.5935546875 0.741875 0.089453125 0.0859375
0 0.593046875 0.8419921875 0.088671875 0.08515625
0 0.5950390625 0.9412109375 0.0862109375 0.0848828125
0 0.6764453125 0.096953125 0.0875 0.0828125
0 0.6789453125 0.295 0.091015625 0.08359375
0 0.67921875 0.3928515625 0.089453125 0.087109375
0 0.6783984375 0.4939453125 0.08984375 0.08515625
0 0.6794921875 0.59296875 0.088671875 0.086328125
0 0.678984375 0.691875 0.090234375 0.08828125
0 0.679609375 0.7903125 0.090234375 0.08515625
0 0.680703125 0.89140625 0.0921875 0.085546875
0 0.679921875 0.9730078125 0.093203125 0.0539453125
1 0.764453125 0.145390625 0.08984375 0.0859375
0 0.7625 0.2441796875 0.09140625 0.083203125
0 0.7638671875 0.3446875 0.093359375 0.085546875
0 0.763671875 0.5413671875 0.0921875 0.0859375
0 0.7652734375 0.6425390625 0.092578125 0.08671875
0 0.76515625 0.7387890625 0.094140625 0.0890625
1 0.7675 0.9382421875 0.091796875 0.0890234375
0 0.8477734375 0.019453125 0.097109375 0.03890625
0 0.848828125 0.096328125 0.0911328125 0.0830859375
0 0.8486328125 0.1951953125 0.092578125 0.087890625
0 0.8496484375 0.2937109375 0.090234375 0.08671875
1 0.849609375 0.393046875 0.09140625 0.0859375
0 0.8498046875 0.493125 0.091796875 0.087109375
0 0.85046875 0.59234375 0.093359375 0.083984375
0 0.8519921875 0.6898046875 0.090234375 0.084375
0 0.8498828125 0.7916796875 0.08984375 0.087109375
1 0.8516796875 0.8887109375 0.0890625 0.088125
0 0.853046875 0.973203125 0.0899609375 0.0535546875
0 0.9394921875 0.9390625 0.09671875 0.0855078125
0 0.9362109375 0.7412890625 0.090625 0.087890625
0 0.935546875 0.542421875 0.08984375 0.08515625
0 0.936015625 0.4414453125 0.090234375 0.083203125
0 0.9368359375 0.2449609375 0.09140625 0.083984375
0 0.9352734375 0.14671875 0.090625 0.084375
0 0.9853515625 0.0169921875 0.029296875 0.0339453125
0 0.987890625 0.0926953125 0.02421875 0.0687890625
1 0.985546875 0.1903515625 0.02890625 0.0828125
1 0.98515625 0.293125 0.0296875 0.077734375
0 0.9888671875 0.3929296875 0.0223046875 0.0796875
0 0.985546875 0.495 0.02890625 0.08046875
1 0.9857421875 0.588515625 0.028515625 0.0796875
0 0.986328125 0.68875 0.02734375 0.07890625
0 0.9865234375 0.791796875 0.026953125 0.081640625
0 0.987109375 0.889296875 0.02578125 0.0765625
0 0.335625 0.8915625 0.0935546875 0.08265625