1 0.224609375 0.138671875 0.083984375 0.0859375
1 0.0532421875 0.43703125 0.0869140625 0.0849609375
1 0.0551953125 0.833515625 0.0849609375 0.0830078125
1 0.1396484375 0.38625 0.0859375 0.0830078125
1 0.310546875 0.38625 0.0859375 0.0830078125
1 0.31203125 0.5844921875 0.0888671875 0.0830078125
1 0.3125 0.6826171875 0.08984375 0.0859375
1 0.3969921875 0.4365234375 0.0888671875 0.0859375
1 0.3969921875 0.634296875 0.0888671875 0.0849609375
1 0.3974609375 0.731953125 0.087890625 0.0869140625
1 0.48390625 0.7822265625 0.0888671875 0.0859375
1 0.5703125 0.83203125 0.08984375 0.083984375
1 0.65578125 0.7817578125 0.0927734375 0.0830078125
1 0.912109375 0.532734375 0.08984375 0.0869140625
1 0.8251953125 0.2856640625 0.09375 0.0869140625
1 0.7392578125 0.13671875 0.091796875 0.087890625
1 0.9091796875 0.040546875 0.09375 0.0810546875
1 0.74171875 0.9282421875 0.0947265625 0.0888671875
1 0.9751171875 0.9673046875 0.0498046875 0.0654296875
0 0.052265625 0.044921875 0.0888671875 0.08203125
0 0.0532421875 0.1416015625 0.0869140625 0.0859375
0 0.0532421875 0.2392578125 0.0888671875 0.08203125
0 0.052265625 0.33984375 0.0927734375 0.0859375
0 0.0537109375 0.5376171875 0.091796875 0.0849609375
0 0.05421875 0.6372265625 0.0869140625 0.0830078125
0 0.05421875 0.7353515625 0.0908203125 0.08203125
0 0.056171875 0.933125 0.0908203125 0.0888671875
0 0.140625 0.017109375 0.078125 0.0341796875
0 0.138203125 0.0903515625 0.0869140625 0.0849609375
0 0.1391796875 0.1899609375 0.0849609375 0.0830078125
0 0.138671875 0.2895703125 0.0859375 0.0869140625
0 0.140625 0.4878125 0.087890625 0.0830078125
0 0.1411328125 0.58546875 0.0869140625 0.0849609375
0 0.1416015625 0.6826171875 0.08984375 0.0859375
0 0.140625 0.7841796875 0.0859375 0.0859375
0 0.142109375 0.8818359375 0.0869140625 0.091796875
0 0.1435546875 0.9697265625 0.08984375 0.060546875
0 0.2236328125 0.04296875 0.087890625 0.08203125
0 0.2251171875 0.2378125 0.0869140625 0.0849609375
0 0.2255859375 0.3364453125 0.0859375 0.0869140625
0 0.22609375 0.4365234375 0.0849609375 0.0859375
0 0.2255859375 0.5346875 0.087890625 0.0849609375
0 0.224609375 0.634765625 0.087890625 0.08984375
0 0.2255859375 0.7314453125 0.08984375 0.0859375
0 0.2275390625 0.83203125 0.08984375 0.0859375
0 0.2265625 0.9306640625 0.08984375 0.087890625
0 0.3095703125 0.017109375 0.083984375 0.0341796875
0 0.30859375 0.0908203125 0.091796875 0.083984375
0 0.3115234375 0.1909375 0.08984375 0.0810546875
0 0.3110546875 0.2856640625 0.0908203125 0.0869140625
0 0.31203125 0.4848828125 0.0888671875 0.0869140625
0 0.31203125 0.783203125 0.0908203125 0.0859375
0 0.3125 0.8813671875 0.091796875 0.0869140625
0 0.313984375 0.96875 0.0888671875 0.0625
0 0.396015625 0.0415234375 0.0830078125 0.0791015625
0 0.3950390625 0.138671875 0.0869140625 0.080078125
0 0.396015625 0.2378125 0.0849609375 0.0830078125
0 0.3974609375 0.3364453125 0.087890625 0.0830078125
0 0.396484375 0.5356640625 0.083984375 0.0849609375
0 0.3984375 0.83203125 0.0859375 0.08203125
0 0.3984375 0.9306640625 0.0859375 0.0859375
0 0.481953125 0.017578125 0.0791015625 0.03515625
0 0.48046875 0.0883984375 0.087890625 0.0830078125
0 0.4814453125 0.1860546875 0.08984375 0.0869140625
0 0.481953125 0.2880859375 0.0869140625 0.083984375
0 0.4833984375 0.4833984375 0.083984375 0.083984375
0 0.4848828125 0.5825390625 0.0869140625 0.0869140625
0 0.48390625 0.683125 0.0869140625 0.0849609375
0 0.48390625 0.8794140625 0.0869140625 0.0849609375
0 0.484375 0.96828125 0.0859375 0.0634765625
0 0.56640625 0.0415234375 0.087890625 0.0830078125
0 0.56640625 0.13671875 0.0859375 0.0859375
0 0.5673828125 0.235859375 0.087890625 0.0869140625
0 0.5669140625 0.3349609375 0.0849609375 0.08203125
0 0.56984375 0.4345703125 0.0830078125 0.08203125
0 0.56984375 0.533203125 0.0869140625 0.08203125
0 0.5688671875 0.63234375 0.0869140625 0.0869140625
0 0.5712890625 0.7329296875 0.087890625 0.0830078125
0 0.571796875 0.9306640625 0.0869140625 0.08203125
0 0.6528515625 0.0161328125 0.0771484375 0.0322265625
0 0.6528515625 0.087421875 0.0869140625 0.0830078125
0 0.6533203125 0.1860546875 0.0859375 0.0830078125
0 0.6548046875 0.28515625 0.0888671875 0.0859375
0 0.6548046875 0.3833203125 0.0869140625 0.0869140625
0 0.65578125 0.4829296875 0.0849609375 0.0869140625
0 0.65625 0.5825390625 0.083984375 0.0849609375
0 0.654296875 0.6821484375 0.08984375 0.0830078125
0 0.65578125 0.8794140625 0.0888671875 0.0830078125
0 0.6572265625 0.96828125 0.087890625 0.0634765625
0 0.73828125 0.041015625 0.08203125 0.076171875
0 0.7407421875 0.236328125 0.0830078125 0.08203125
0 0.739765625 0.3364453125 0.0849609375 0.0849609375
0 0.7407421875 0.435078125 0.0888671875 0.0849609375
0 0.74171875 0.5346875 0.0849609375 0.0830078125
0 0.7407421875 0.630390625 0.0888671875 0.0849609375
0 0.7426953125 0.731953125 0.0869140625 0.0830078125
0 0.743671875 0.830078125 0.0869140625 0.087890625
0 0.8247265625 0.015625 0.0791015625 0.03125
0 0.8251953125 0.08984375 0.0859375 0.083984375
0 0.825703125 0.18703125 0.0849609375 0.0869140625
0 0.828125 0.3852734375 0.0859375 0.0888671875
0 0.826171875 0.4829296875 0.083984375 0.0888671875
0 0.82765625 0.5815625 0.0849609375 0.0888671875
0 0.8286328125 0.681640625 0.0888671875 0.08984375
0 0.8271484375 0.7822265625 0.087890625 0.087890625
0 0.828125 0.880390625 0.0859375 0.0869140625
0 0.8286328125 0.966328125 0.0869140625 0.0673828125
0 0.91015625 0.1372265625 0.08984375 0.0849609375
0 0.912109375 0.2348828125 0.08203125 0.0888671875
0 0.911640625 0.3359375 0.0830078125 0.0859375
0 0.912109375 0.43359375 0.087890625 0.0859375
0 0.9140625 0.6298828125 0.08203125 0.0859375
0 0.9140625 0.7309765625 0.0859375 0.0849609375
0 0.9140625 0.830078125 0.083984375 0.083984375
0 0.9140625 0.927265625 0.0859375 0.0849609375
0 0.978515625 0.0166015625 0.04296875 0.033203125
0 0.974609375 0.087890625 0.05078125 0.083984375
0 0.9751171875 0.18703125 0.0498046875 0.0869140625
0 0.9770703125 0.2856640625 0.0458984375 0.0869140625
0 0.9770703125 0.384296875 0.0458984375 0.0908203125
0 0.9770703125 0.4829296875 0.0458984375 0.0927734375
0 0.9765625 0.583515625 0.046875 0.0869140625
0 0.9775390625 0.681640625 0.044921875 0.09375
0 0.978046875 0.78078125 0.0439453125 0.0888671875
0 0.978515625 0.8774609375 0.04296875 0.0908203125
1 0.4826953125 0.386015625 0.0937109375 0.0869140625