1 0.49953125 0.6606640625 0.2822265625 0.2685546875
1 0.78515625 0.1753125 0.275390625 0.2705078125
1 0.4990234375 0.9253125 0.2734375 0.1494140625
1 0.9594921875 0.658203125 0.0810546875 0.2578125
1 0.9609375 0.9253125 0.078125 0.1494140625
1 0.03859375 0.92921875 0.0771484375 0.1416015625
1 0.5048828125 0.07375 0.27734375 0.1474609375
0 0.2216796875 0.1748046875 0.267578125 0.25390625
0 0.21875 0.5 0.26171875 0.255859375
0 0.501953125 0.337421875 0.267578125 0.2607421875
0 0.2173046875 0.8232421875 0.2685546875 0.251953125
0 0.7802734375 0.822265625 0.263671875 0.255859375
0 0.7856640625 0.495625 0.2685546875 0.2607421875
0 0.9677734375 0.3227734375 0.064453125 0.2333984375
0 0.9653515625 0.063984375 0.0693359375 0.1259765625
0 0.037109375 0.6552734375 0.07421875 0.2421875
0 0.037109375 0.3364453125 0.07421875 0.2431640625
0 0.0380859375 0.0654296875 0.07421875 0.126953125