1 0.146484375 0.080078125 0.29296875 0.16015625
1 0.9150390625 0.1728515625 0.169921875 0.283203125
1 0.9126171875 0.495625 0.1748046875 0.2822265625
1 0.91359375 0.821796875 0.1728515625 0.2900390625
1 0.6958203125 0.6611328125 0.2919921875 0.275390625
1 0.416015625 0.82375 0.294921875 0.2763671875
1 0.1416015625 0.6626171875 0.283203125 0.2783203125
1 0.1450390625 0.919921875 0.2900390625 0.16015625
1 0.41796875 0.495625 0.3046875 0.2919921875
1 0.14453125 0.3388671875 0.2890625 0.2890625
0 0.421875 0.1762890625 0.28515625 0.2705078125
0 0.7041015625 0.075703125 0.291015625 0.1513671875
0 0.70265625 0.3364453125 0.2880859375 0.2763671875