1 0.2837109375 0.2426953125 0.3056640625 0.2841796875
1 0.84375 0.2412109375 0.287109375 0.29296875
1 0.5703125 0.4013671875 0.302734375 0.291015625
1 0.5634765625 0.7265625 0.30859375 0.2890625
1 0.0805859375 0.732421875 0.1591796875 0.302734375
1 0.0693359375 0.9565625 0.138671875 0.0869140625
1 0.8481640625 0.8681640625 0.2978515625 0.263671875
1 0.8462109375 0.5595703125 0.3037109375 0.296875
1 0.5669140625 0.110859375 0.2978515625 0.2216796875
0 0.075703125 0.1103515625 0.1513671875 0.220703125
0 0.07421875 0.408203125 0.1484375 0.27734375
0 0.2880859375 0.5659375 0.2890625 0.2783203125
0 0.2861328125 0.8740234375 0.29296875 0.251953125
0 0.568359375 0.9536328125 0.2578125 0.0927734375
0 0.8462109375 0.0322265625 0.2275390625 0.064453125
0 0.28125 0.03078125 0.224609375 0.0615234375