0 0.0862109375 0.2889453125 0.0912109375 0.0835546875
0 0.1734375 0.337578125 0.0859375 0.083984375
1 0.2605078125 0.7827734375 0.0862890625 0.0835546875
0 0.087421875 0.882890625 0.0941796875 0.08515625
0 0.428515625 0.189453125 0.09140625 0.084375
0 0.685546875 0.2368359375 0.089453125 0.0888671875
1 0.858828125 0.4346875 0.080390625 0.0841796875
0 0.943046875 0.4828125 0.0869140625 0.0869140625
0 0.9415625 0.08828125 0.087890625 0.0869140625
1 0.02171875 0.4373046875 0.0434375 0.0889453125
0 0.7712890625 0.0169921875 0.080078125 0.033984375
0 0.2596875 0.9690625 0.0888671875 0.061875
0 0.6896484375 0.830390625 0.088671875 0.0865234375
0 0.7732421875 0.781171875 0.090234375 0.0869140625
0 0.8600390625 0.72984375 0.0888671875 0.0830078125
0 0.68828125 0.5333984375 0.08484375 0.0859375
0 0.601953125 0.68078125 0.093359375 0.0869140625
1 0.5155859375 0.631171875 0.08640625 0.08015625
0 0.0839453125 0.0179296875 0.0859375 0.035859375
1 0.083984375 0.0897265625 0.08609375 0.084453125
1 0.0850390625 0.188984375 0.085 0.08515625
0 0.0855078125 0.38828125 0.08984375 0.0810546875
0 0.086796875 0.485625 0.0896484375 0.083984375
0 0.086875 0.5861328125 0.0898828125 0.0841796875
0 0.086484375 0.683671875 0.09140625 0.0859375
0 0.0877734375 0.78328125 0.0919921875 0.086328125
0 0.088828125 0.9687109375 0.08984375 0.062578125
0 0.1699609375 0.04296875 0.0869140625 0.0859375
0 0.1708984375 0.140390625 0.0859375 0.0888671875
0 0.1719140625 0.23953125 0.087890625 0.0888671875
1 0.1729296875 0.435703125 0.0851953125 0.0865234375
0 0.1733984375 0.5358203125 0.0899609375 0.0849609375
0 0.172890625 0.6344921875 0.0888671875 0.0888671875
0 0.17359375 0.733828125 0.0915234375 0.08546875
0 0.1738671875 0.8337109375 0.0888671875 0.0859375
1 0.1745703125 0.929765625 0.08328125 0.0873046875
0 0.2567578125 0.017578125 0.0888671875 0.03515625
1 0.25828125 0.090625 0.081953125 0.0841015625
0 0.2564453125 0.189765625 0.087890625 0.0849609375
0 0.2559765625 0.2887890625 0.0869140625 0.0849609375
0 0.2578125 0.38671875 0.090234375 0.0859375
0 0.2583203125 0.4846875 0.0908203125 0.0841796875
0 0.2591015625 0.58390625 0.0892578125 0.0869140625
0 0.2595703125 0.6837890625 0.091015625 0.083984375
1 0.2594921875 0.87984375 0.08296875 0.088515625
0 0.3438671875 0.04296875 0.0876953125 0.0859375
1 0.3426953125 0.13984375 0.0846484375 0.086171875
0 0.3430859375 0.2387890625 0.0888671875 0.0908203125
0 0.342578125 0.336640625 0.09140625 0.0826171875
0 0.3431640625 0.43703125 0.08984375 0.0869140625
0 0.3440625 0.5349609375 0.0869140625 0.0859375
0 0.3446484375 0.63390625 0.0849609375 0.0849609375
1 0.3462890625 0.7333984375 0.08234375 0.085390625
0 0.3442578125 0.83234375 0.0888671875 0.0869140625
1 0.34671875 0.92875 0.088828125 0.084453125
0 0.4274609375 0.0177734375 0.0869140625 0.035546875
1 0.4275 0.0896484375 0.0848046875 0.0837890625
0 0.42890625 0.2864453125 0.09375 0.0865234375
0 0.4290234375 0.38671875 0.0888671875 0.0859375
0 0.42921875 0.4846875 0.0884765625 0.0865234375
0 0.430859375 0.5841015625 0.0859375 0.0869140625
0 0.4309765625 0.683125 0.0869140625 0.0869140625
0 0.42921875 0.7822265625 0.0888671875 0.0859375
0 0.4314453125 0.8801953125 0.087890625 0.0830078125
0 0.4322265625 0.968671875 0.08828125 0.0626953125
1 0.5133984375 0.04015625 0.08640625 0.0803125
1 0.5131640625 0.13734375 0.0825390625 0.083125
0 0.5145703125 0.2376953125 0.0876953125 0.0859375
0 0.5162109375 0.3364453125 0.091796875 0.0830078125
0 0.5138671875 0.4349609375 0.087890625 0.083984375
0 0.5162109375 0.534375 0.087890625 0.0859375
0 0.5165234375 0.7322265625 0.0888671875 0.083984375
0 0.517109375 0.8315625 0.0908203125 0.0849609375
0 0.516328125 0.928515625 0.0916015625 0.087109375
0 0.5997265625 0.0171875 0.0849609375 0.034375
0 0.5986328125 0.0891796875 0.087890625 0.0849609375
0 0.60109375 0.1876171875 0.0892578125 0.0857421875
0 0.6008984375 0.2876953125 0.0888671875 0.087890625
1 0.600546875 0.384296875 0.084765625 0.081328125
0 0.6017578125 0.48515625 0.089453125 0.086328125
0 0.6025 0.5807421875 0.0794921875 0.0853515625
0 0.6041015625 0.780859375 0.08828125 0.083984375
0 0.603828125 0.878828125 0.0908203125 0.0853515625
0 0.604609375 0.967109375 0.0888671875 0.06578125
0 0.6860546875 0.0419921875 0.0884765625 0.083984375
1 0.686640625 0.137890625 0.0845703125 0.0844140625
0 0.686640625 0.335546875 0.0908203125 0.084765625
0 0.6861328125 0.43359375 0.089453125 0.0875
0 0.6880078125 0.631640625 0.081171875 0.083984375
1 0.6873046875 0.731953125 0.0839453125 0.08671875
0 0.6890625 0.9294921875 0.090234375 0.0859375
0 0.771796875 0.08859375 0.0892578125 0.0888671875
0 0.7720703125 0.1872265625 0.090625 0.0841796875
0 0.772265625 0.285546875 0.0890625 0.087890625
0 0.7735546875 0.3841796875 0.0888671875 0.0859375
0 0.772578125 0.4830078125 0.0904296875 0.0859375
0 0.77265625 0.5828125 0.0921875 0.0875
0 0.7724609375 0.6814453125 0.091796875 0.08828125
0 0.7740234375 0.8798828125 0.089453125 0.084765625
0 0.7751171875 0.96671875 0.0849609375 0.06578125
0 0.857109375 0.041484375 0.086953125 0.08296875
0 0.8573828125 0.1366015625 0.089375 0.0869140625
1 0.85984375 0.2362890625 0.0809375 0.0830078125
0 0.856875 0.3353515625 0.089375 0.0869140625
0 0.859296875 0.5328515625 0.091328125 0.087421875
0 0.85953125 0.632734375 0.0908203125 0.0869140625
0 0.8605078125 0.8304296875 0.0859375 0.0849609375
1 0.861953125 0.927578125 0.0848046875 0.0857421875
0 0.9415625 0.016796875 0.087890625 0.03359375
0 0.9415625 0.187890625 0.087890625 0.0908203125
0 0.9425390625 0.286015625 0.0859375 0.0869140625
0 0.9440234375 0.38390625 0.08890625 0.0825
0 0.943984375 0.5823828125 0.087890625 0.0879296875
0 0.9479296875 0.6800390625 0.0815625 0.08203125
0 0.948515625 0.7783203125 0.0814453125 0.0859375
1 0.946953125 0.8774609375 0.08609375 0.083828125
0 0.9459765625 0.9674609375 0.08890625 0.065078125
0 0.0190234375 0.044453125 0.0380859375 0.0888671875
0 0.023828125 0.143046875 0.0476953125 0.0849609375
0 0.0230859375 0.238359375 0.0461328125 0.0888671875
0 0.02421875 0.3375390625 0.0484375 0.0849609375
0 0.0247265625 0.536171875 0.049453125 0.0888671875
0 0.0248046875 0.63625 0.0495703125 0.087890625
0 0.024609375 0.7330859375 0.04921875 0.0879296875
0 0.02453125 0.8340234375 0.0490234375 0.09296875
0 0.024609375 0.9337109375 0.04921875 0.0888671875
1 0.6876953125 0.98984375 0.071484375 0.0203125