1 0.03873046875 0.04916015625 0.05533203125 0.05533203125
1 0.03744140625 0.11587890625 0.05923828125 0.0546875
1 0.03775390625 0.31869140625 0.05599609375 0.05404296875
1 0.03515625 0.52115234375 0.05728515625 0.052734375
1 0.09244140625 0.75521484375 0.05728515625 0.05859375
1 0.09537109375 0.35220703125 0.05794921875 0.05599609375
1 0.15298828125 0.25064453125 0.05599609375 0.0546875
1 0.32552734375 0.82552734375 0.05728515625 0.0546875
1 0.32974609375 0.08462890625 0.05794921875 0.0546875
1 0.44693359375 0.08560546875 0.05794921875 0.05533203125
1 0.38705078125 0.185546875 0.056640625 0.05337890625
1 0.44595703125 0.15234375 0.05728515625 0.05337890625
1 0.4462890625 0.21939453125 0.05533203125 0.0546875
1 0.50033203125 0.85970703125 0.05533203125 0.05533203125
1 0.6787109375 0.2216796875 0.05794921875 0.05404296875
1 0.7978515625 0.025390625 0.05794921875 0.05078125
1 0.7392578125 0.052734375 0.05404296875 0.05208984375
1 0.7978515625 0.0888671875 0.056640625 0.05404296875
1 0.85482421875 0.18814453125 0.05337890625 0.05337890625
1 0.91373046875 0.1552734375 0.05794921875 0.05404296875
1 0.97103515625 0.189453125 0.05533203125 0.05337890625
1 0.794921875 0.423828125 0.0546875 0.05208984375
1 0.61849609375 0.52474609375 0.0546875 0.0546875
1 0.67806640625 0.55859375 0.05794921875 0.05208984375
1 0.79330078125 0.62662109375 0.05533203125 0.05533203125
1 0.85189453125 0.59244140625 0.05533203125 0.05078125
1 0.85189453125 0.72720703125 0.056640625 0.0546875
1 0.91048828125 0.55892578125 0.05533203125 0.05533203125
1 0.97005859375 0.525390625 0.0546875 0.05337890625
1 0.96712890625 0.86263671875 0.05794921875 0.05337890625
1 0.8505859375 0.9287109375 0.05533203125 0.05404296875
1 0.732421875 0.98470703125 0.0546875 0.0305859375
0 0.0048828125 0.0185546875 0.009765625 0.03515625
0 0.00341796875 0.0830078125 0.0068359375 0.041015625
0 0.0048828125 0.146484375 0.009765625 0.04296875
0 0.0419921875 0.0068359375 0.048828125 0.013671875
0 0.00341796875 0.21923828125 0.0068359375 0.0498046875
0 0.00537109375 0.28466796875 0.0107421875 0.0400390625
0 0.00439453125 0.3486328125 0.0068359375 0.046875
0 0.00390625 0.41845703125 0.0078125 0.0341796875
0 0.037109375 0.18212890625 0.056640625 0.0537109375
0 0.03955078125 0.2490234375 0.0556640625 0.056640625
0 0.03759765625 0.384765625 0.0576171875 0.05078125
0 0.037109375 0.453125 0.056640625 0.05859375
0 0.03564453125 0.587890625 0.0517578125 0.05078125
0 0.0361328125 0.654296875 0.052734375 0.0546875
0 0.03466796875 0.72216796875 0.0556640625 0.0517578125
0 0.03369140625 0.78857421875 0.0556640625 0.0576171875
0 0.033203125 0.8544921875 0.048828125 0.05078125
0 0.033203125 0.9248046875 0.052734375 0.0546875
0 0.033203125 0.982421875 0.052734375 0.03515625
0 0.0966796875 0.021484375 0.05859375 0.04296875
0 0.09765625 0.0830078125 0.056640625 0.056640625
0 0.09521484375 0.14892578125 0.0556640625 0.0556640625
0 0.09619140625 0.216796875 0.0537109375 0.0546875
0 0.09619140625 0.28369140625 0.0556640625 0.0556640625
0 0.0947265625 0.419921875 0.0546875 0.0546875
0 0.09423828125 0.486328125 0.0556640625 0.0546875
0 0.09375 0.55322265625 0.056640625 0.0537109375
0 0.09521484375 0.6220703125 0.0595703125 0.056640625
0 0.09423828125 0.6884765625 0.0576171875 0.0546875
0 0.091796875 0.82421875 0.056640625 0.0546875
0 0.09130859375 0.888671875 0.0576171875 0.0546875
0 0.09423828125 0.95654296875 0.0556640625 0.0576171875
0 0.1572265625 0.00634765625 0.0390625 0.0126953125
0 0.15478515625 0.05126953125 0.0576171875 0.0517578125
0 0.15478515625 0.1162109375 0.0556640625 0.056640625
0 0.15478515625 0.18359375 0.0537109375 0.0546875
0 0.1533203125 0.3193359375 0.0546875 0.0546875
0 0.15283203125 0.38623046875 0.0537109375 0.0576171875
0 0.15185546875 0.453125 0.0517578125 0.052734375
0 0.15185546875 0.5205078125 0.0517578125 0.052734375
0 0.15185546875 0.5869140625 0.0517578125 0.0546875
0 0.15087890625 0.65478515625 0.0556640625 0.0556640625
0 0.15185546875 0.72265625 0.0517578125 0.052734375
0 0.15234375 0.7919921875 0.05078125 0.052734375
0 0.150390625 0.85791015625 0.060546875 0.0556640625
0 0.15087890625 0.923828125 0.0556640625 0.052734375
0 0.150390625 0.984375 0.0546875 0.03125
0 0.2138671875 0.02099609375 0.0546875 0.0419921875
0 0.2138671875 0.08349609375 0.048828125 0.0517578125
0 0.2119140625 0.15185546875 0.05078125 0.0537109375
0 0.212890625 0.21826171875 0.048828125 0.0537109375
0 0.21142578125 0.28515625 0.0537109375 0.052734375
0 0.21044921875 0.35302734375 0.0537109375 0.0576171875
0 0.21044921875 0.4208984375 0.0517578125 0.05859375
0 0.2109375 0.48583984375 0.052734375 0.0537109375
0 0.20947265625 0.5537109375 0.0556640625 0.056640625
0 0.20947265625 0.6220703125 0.0537109375 0.052734375
0 0.20947265625 0.689453125 0.0537109375 0.0546875
0 0.2099609375 0.755859375 0.056640625 0.056640625
0 0.20947265625 0.82421875 0.0595703125 0.052734375
0 0.20654296875 0.89013671875 0.0556640625 0.0556640625
0 0.208984375 0.95849609375 0.0546875 0.0537109375
0 0.2724609375 0.00537109375 0.041015625 0.0107421875
0 0.27294921875 0.05078125 0.0556640625 0.05078125
0 0.271484375 0.11669921875 0.0546875 0.0537109375
0 0.2705078125 0.18603515625 0.0546875 0.0556640625
0 0.26953125 0.25 0.056640625 0.0546875
0 0.27001953125 0.31884765625 0.0556640625 0.0556640625
0 0.2685546875 0.38671875 0.052734375 0.0546875
0 0.2685546875 0.45458984375 0.056640625 0.0556640625
0 0.26904296875 0.5205078125 0.0537109375 0.0546875
0 0.2685546875 0.59130859375 0.0546875 0.0537109375
0 0.2685546875 0.65576171875 0.052734375 0.0576171875
0 0.26708984375 0.72314453125 0.0556640625 0.0576171875
0 0.26611328125 0.7900390625 0.0537109375 0.0546875
0 0.267578125 0.857421875 0.052734375 0.056640625
0 0.2666015625 0.92626953125 0.052734375 0.0556640625
0 0.26611328125 0.98291015625 0.0498046875 0.0341796875
0 0.33154296875 0.0205078125 0.0517578125 0.041015625
0 0.330078125 0.15185546875 0.056640625 0.0576171875
0 0.32958984375 0.220703125 0.0537109375 0.0546875
0 0.328125 0.28662109375 0.05078125 0.0517578125
0 0.328125 0.3525390625 0.0546875 0.0546875
0 0.326171875 0.42041015625 0.052734375 0.0556640625
0 0.32666015625 0.48876953125 0.0556640625 0.0556640625
0 0.32763671875 0.5556640625 0.0498046875 0.052734375
0 0.32568359375 0.62353515625 0.0517578125 0.0537109375
0 0.326171875 0.68994140625 0.052734375 0.0556640625
0 0.3251953125 0.7568359375 0.05078125 0.0546875
0 0.32470703125 0.890625 0.0517578125 0.05078125
0 0.32470703125 0.958984375 0.0537109375 0.052734375
0 0.388671875 0.005859375 0.0390625 0.01171875
0 0.38818359375 0.05224609375 0.0537109375 0.0537109375
0 0.38818359375 0.1171875 0.0517578125 0.052734375
0 0.388671875 0.2529296875 0.0546875 0.056640625
0 0.3857421875 0.3193359375 0.0546875 0.05078125
0 0.38525390625 0.38818359375 0.0537109375 0.0556640625
0 0.38623046875 0.45556640625 0.0556640625 0.0537109375
0 0.3857421875 0.51904296875 0.0546875 0.0537109375
0 0.38623046875 0.59033203125 0.0537109375 0.0576171875
0 0.384765625 0.65625 0.0546875 0.0546875
0 0.38427734375 0.724609375 0.0537109375 0.056640625
0 0.3828125 0.78955078125 0.0546875 0.0556640625
0 0.384765625 0.8583984375 0.0546875 0.052734375
0 0.3818359375 0.92578125 0.0546875 0.0546875
0 0.4453125 0.28564453125 0.05859375 0.0537109375
0 0.4443359375 0.3544921875 0.052734375 0.0546875
0 0.4462890625 0.42236328125 0.056640625 0.0537109375
0 0.44482421875 0.49169921875 0.0556640625 0.0556640625
0 0.4443359375 0.5576171875 0.052734375 0.0546875
0 0.44482421875 0.62451171875 0.0556640625 0.0537109375
0 0.443359375 0.69287109375 0.056640625 0.0537109375
0 0.44287109375 0.75927734375 0.0517578125 0.0537109375
0 0.44287109375 0.82666015625 0.0537109375 0.0537109375
0 0.44189453125 0.89306640625 0.0537109375 0.0537109375
0 0.44091796875 0.95849609375 0.0556640625 0.0537109375
0 0.38427734375 0.98486328125 0.0537109375 0.0302734375
0 0.4482421875 0.02294921875 0.05078125 0.0458984375
0 0.50341796875 0.0068359375 0.0419921875 0.013671875
0 0.50390625 0.05078125 0.0546875 0.0546875
0 0.5048828125 0.1181640625 0.052734375 0.052734375
0 0.50390625 0.1865234375 0.056640625 0.056640625
0 0.5048828125 0.25341796875 0.0546875 0.0517578125
0 0.5029296875 0.322265625 0.0546875 0.05859375
0 0.5029296875 0.39013671875 0.0546875 0.0517578125
0 0.50341796875 0.45458984375 0.0537109375 0.0556640625
0 0.50244140625 0.52294921875 0.0556640625 0.0537109375
0 0.50048828125 0.5888671875 0.0537109375 0.0546875
0 0.50048828125 0.65771484375 0.0556640625 0.0556640625
0 0.501953125 0.724609375 0.056640625 0.052734375
0 0.5 0.791015625 0.052734375 0.052734375
0 0.5 0.92724609375 0.05078125 0.0517578125
0 0.49755859375 0.98486328125 0.0556640625 0.0302734375
0 0.5634765625 0.0234375 0.0546875 0.046875
0 0.56396484375 0.0849609375 0.0556640625 0.0546875
0 0.56396484375 0.1513671875 0.0537109375 0.052734375
0 0.56298828125 0.22119140625 0.0556640625 0.0576171875
0 0.5625 0.287109375 0.056640625 0.0546875
0 0.5625 0.35595703125 0.0546875 0.0517578125
0 0.5615234375 0.42138671875 0.052734375 0.0517578125
0 0.56103515625 0.48876953125 0.0498046875 0.0478515625
0 0.55908203125 0.55615234375 0.0537109375 0.0537109375
0 0.5595703125 0.6240234375 0.05859375 0.0546875
0 0.5595703125 0.69189453125 0.0546875 0.0498046875
0 0.55859375 0.7578125 0.056640625 0.056640625
0 0.55908203125 0.8251953125 0.0498046875 0.05078125
0 0.55908203125 0.89501953125 0.0556640625 0.0556640625
0 0.556640625 0.9609375 0.0546875 0.0546875
0 0.62548828125 0.00634765625 0.0478515625 0.0126953125
0 0.62255859375 0.0517578125 0.0517578125 0.052734375
0 0.6220703125 0.11865234375 0.05859375 0.0595703125
0 0.62255859375 0.18701171875 0.0556640625 0.0537109375
0 0.62060546875 0.25390625 0.0556640625 0.052734375
0 0.62060546875 0.322265625 0.0576171875 0.0546875
0 0.62060546875 0.38818359375 0.0556640625 0.0556640625
0 0.61962890625 0.45751953125 0.0556640625 0.0556640625
0 0.61962890625 0.5927734375 0.0576171875 0.052734375
0 0.61865234375 0.65966796875 0.0576171875 0.0556640625
0 0.61767578125 0.724609375 0.0576171875 0.0546875
0 0.6181640625 0.79345703125 0.052734375 0.0556640625
0 0.61767578125 0.8623046875 0.0576171875 0.052734375
0 0.619140625 0.92822265625 0.056640625 0.0556640625
0 0.6162109375 0.98486328125 0.0546875 0.0302734375
0 0.67919921875 0.0234375 0.0556640625 0.046875
0 0.67919921875 0.087890625 0.0576171875 0.0546875
0 0.6806640625 0.15380859375 0.052734375 0.0556640625
0 0.67919921875 0.28857421875 0.0556640625 0.0556640625
0 0.6787109375 0.35498046875 0.056640625 0.0576171875
0 0.68017578125 0.4228515625 0.0576171875 0.05859375
0 0.677734375 0.49072265625 0.05859375 0.0537109375
0 0.677734375 0.626953125 0.052734375 0.0546875
0 0.6787109375 0.69189453125 0.0546875 0.0576171875
0 0.6748046875 0.75830078125 0.0546875 0.0517578125
0 0.67529296875 0.8251953125 0.0537109375 0.052734375
0 0.67431640625 0.89306640625 0.0576171875 0.0537109375
0 0.67529296875 0.96044921875 0.0556640625 0.0556640625
0 0.7392578125 0.0078125 0.048828125 0.015625
0 0.73974609375 0.12060546875 0.0537109375 0.0537109375
0 0.7373046875 0.1865234375 0.052734375 0.0546875
0 0.73779296875 0.2568359375 0.0556640625 0.056640625
0 0.73779296875 0.32275390625 0.0576171875 0.0537109375
0 0.73779296875 0.388671875 0.0556640625 0.052734375
0 0.73681640625 0.45849609375 0.0556640625 0.0537109375
0 0.7373046875 0.52490234375 0.056640625 0.0537109375
0 0.7373046875 0.59130859375 0.0546875 0.0537109375
0 0.73681640625 0.658203125 0.0537109375 0.056640625
0 0.7353515625 0.724609375 0.0546875 0.052734375
0 0.734375 0.79150390625 0.05859375 0.0517578125
0 0.73486328125 0.86328125 0.0595703125 0.056640625
0 0.73291015625 0.927734375 0.0556640625 0.056640625
0 0.79638671875 0.15380859375 0.0537109375 0.0537109375
0 0.7958984375 0.22119140625 0.056640625 0.0556640625
0 0.7958984375 0.28759765625 0.052734375 0.0576171875
0 0.79541015625 0.35546875 0.0537109375 0.0546875
0 0.7939453125 0.4892578125 0.056640625 0.05859375
0 0.794921875 0.56005859375 0.0546875 0.0517578125
0 0.79296875 0.69140625 0.0546875 0.0546875
0 0.79443359375 0.759765625 0.0576171875 0.0546875
0 0.79296875 0.82763671875 0.052734375 0.0537109375
0 0.79443359375 0.89501953125 0.0556640625 0.0576171875
0 0.79296875 0.9609375 0.0546875 0.052734375
0 0.85791015625 0.00927734375 0.0478515625 0.0185546875
0 0.85693359375 0.05419921875 0.0517578125 0.0537109375
0 0.85595703125 0.11865234375 0.0537109375 0.0576171875
0 0.853515625 0.25439453125 0.0546875 0.0556640625
0 0.8525390625 0.322265625 0.052734375 0.0546875
0 0.85400390625 0.3896484375 0.0537109375 0.052734375
0 0.853515625 0.45849609375 0.0546875 0.0576171875
0 0.85205078125 0.5244140625 0.0537109375 0.0546875
0 0.853515625 0.6591796875 0.052734375 0.0546875
0 0.8525390625 0.7939453125 0.0546875 0.052734375
0 0.8515625 0.85986328125 0.056640625 0.0556640625
0 0.8486328125 0.984375 0.05859375 0.03125
0 0.9140625 0.02392578125 0.056640625 0.0478515625
0 0.91357421875 0.08740234375 0.0576171875 0.0556640625
0 0.91455078125 0.220703125 0.0556640625 0.05859375
0 0.912109375 0.28955078125 0.05859375 0.0556640625
0 0.91259765625 0.35595703125 0.0556640625 0.0556640625
0 0.91162109375 0.42578125 0.0595703125 0.0546875
0 0.91015625 0.49072265625 0.052734375 0.0537109375
0 0.91015625 0.62353515625 0.05859375 0.0556640625
0 0.91015625 0.6943359375 0.0546875 0.05859375
0 0.91064453125 0.76123046875 0.0537109375 0.0537109375
0 0.91015625 0.82763671875 0.052734375 0.0556640625
0 0.908203125 0.8935546875 0.0546875 0.0546875
0 0.90869140625 0.96240234375 0.0556640625 0.0556640625
0 0.97314453125 0.0087890625 0.0537109375 0.017578125
0 0.97314453125 0.05419921875 0.0537109375 0.0498046875
0 0.9736328125 0.12109375 0.052734375 0.0546875
0 0.97119140625 0.2578125 0.0576171875 0.0546875
0 0.97119140625 0.32421875 0.0576171875 0.052734375
0 0.97314453125 0.3916015625 0.0537109375 0.0546875
0 0.97119140625 0.45947265625 0.0576171875 0.0537109375
0 0.97021484375 0.59130859375 0.0556640625 0.0537109375
0 0.9697265625 0.65966796875 0.05859375 0.0576171875
0 0.9658203125 0.728515625 0.056640625 0.05859375
0 0.96923828125 0.794921875 0.0556640625 0.056640625
0 0.96484375 0.92724609375 0.05859375 0.0595703125
0 0.9658203125 0.986328125 0.05078125 0.02734375