1 0.8390234375 0.0373828125 0.1078515625 0.0748046875
1 0.943203125 0.0831640625 0.101640625 0.1033203125
1 0.628359375 0.144296875 0.1026953125 0.100078125
1 0.5215625 0.3264453125 0.10359375 0.1007421875
1 0.5215234375 0.4488671875 0.1035546875 0.10125
1 0.20546875 0.386640625 0.1040234375 0.106875
1 0.2046875 0.63046875 0.1037890625 0.106875
1 0.021015625 0.873515625 0.0419921875 0.102109375
1 0.414609375 0.754140625 0.1010546875 0.1013671875
0 0.02265625 0.0334375 0.0452734375 0.0669140625
0 0.2071875 0.03390625 0.103203125 0.0677734375
0 0.02390625 0.142265625 0.0477734375 0.10171875
0 0.0219921875 0.2646484375 0.0440234375 0.0985546875
0 0.101328125 0.20265625 0.1012109375 0.100859375
0 0.022578125 0.38625 0.04515625 0.10046875
0 0.021640625 0.507578125 0.04328125 0.099609375
0 0.0218359375 0.6278125 0.043671875 0.1008984375
0 0.021171875 0.752734375 0.0423828125 0.0983203125
0 0.0213671875 0.9735546875 0.042734375 0.052890625
0 0.0944921875 0.933828125 0.0995703125 0.10125
0 0.1998046875 0.972421875 0.10421875 0.0551171875
0 0.411328125 0.9730078125 0.1033203125 0.053984375
0 0.6221875 0.9730078125 0.10328125 0.053984375
0 0.8329296875 0.974140625 0.100859375 0.0517578125
0 0.9378125 0.9374609375 0.1009375 0.1024609375
0 0.7271875 0.935859375 0.101328125 0.0992578125
0 0.8337890625 0.8762890625 0.0980859375 0.099609375
0 0.93828125 0.8159375 0.0995703125 0.1029296875
0 0.5157421875 0.935234375 0.10015625 0.1002734375
0 0.30515625 0.9358984375 0.100703125 0.1015625
0 0.2014453125 0.87484375 0.0984375 0.1012890625
0 0.095703125 0.81375 0.0989453125 0.103046875
0 0.0977734375 0.69046875 0.0985546875 0.0978515625
0 0.202109375 0.75140625 0.0975390625 0.1001953125
0 0.3073828125 0.8135546875 0.098359375 0.0981640625
0 0.41171875 0.87609375 0.0995703125 0.0992578125
0 0.3075390625 0.6915625 0.098671875 0.1
0 0.098359375 0.5705859375 0.0975 0.099296875
0 0.0990625 0.44578125 0.0966796875 0.0978125
0 0.203671875 0.507421875 0.096171875 0.1015625
0 0.0995703125 0.3243359375 0.0976953125 0.1006640625
0 0.2067578125 0.264375 0.0978125 0.1002734375
0 0.2062109375 0.1408984375 0.098984375 0.1013671875
0 0.1006640625 0.0788671875 0.0998828125 0.099140625
0 0.31296875 0.080234375 0.0982421875 0.0995703125
0 0.4190625 0.0343359375 0.10296875 0.0687109375
0 0.6290625 0.03578125 0.0990234375 0.0715625
0 0.734296875 0.081875 0.0975390625 0.100625
0 0.52265625 0.081015625 0.100390625 0.101171875
0 0.41703125 0.141953125 0.0988671875 0.0990234375
0 0.3120703125 0.204140625 0.098671875 0.099296875
0 0.522734375 0.2037890625 0.1005859375 0.103125
0 0.417265625 0.2662109375 0.10015625 0.0994921875
0 0.310703125 0.3246875 0.0982421875 0.0991796875
0 0.416171875 0.3870703125 0.0994921875 0.095390625
0 0.30859375 0.4465625 0.0984765625 0.0994921875
0 0.3083203125 0.570703125 0.09796875 0.0973046875
0 0.414375 0.5084375 0.098125 0.0990625
0 0.52046875 0.5681640625 0.0983203125 0.0967578125
0 0.4149609375 0.6305859375 0.099296875 0.0975390625
0 0.5180078125 0.6912109375 0.10015625 0.099296875
0 0.517421875 0.8141796875 0.0989453125 0.10171875
0 0.6223046875 0.875625 0.0990234375 0.09828125
0 0.727734375 0.8150390625 0.1001953125 0.103359375
0 0.833828125 0.75359375 0.0981640625 0.097734375
0 0.9383984375 0.6933203125 0.099765625 0.0990234375
0 0.729765625 0.693046875 0.0997265625 0.100703125
0 0.6236328125 0.75546875 0.099453125 0.09921875
0 0.6246875 0.632265625 0.1015234375 0.1008984375
0 0.6258984375 0.5120703125 0.0971875 0.1018359375
0 0.731015625 0.572109375 0.097734375 0.10015625
0 0.833515625 0.6325 0.099765625 0.0991015625
0 0.9407421875 0.573671875 0.097734375 0.101015625
0 0.8347265625 0.510703125 0.0998828125 0.101328125
0 0.7309765625 0.4490234375 0.0998828125 0.0998046875
0 0.93984375 0.45 0.0981640625 0.10171875
0 0.6271484375 0.38734375 0.0974609375 0.1004296875
0 0.627578125 0.265078125 0.1005859375 0.0994140625
0 0.7314453125 0.327265625 0.09859375 0.099765625
0 0.732734375 0.205625 0.0966015625 0.100078125
0 0.8380078125 0.1421484375 0.0997265625 0.099375
0 0.9426171875 0.2059765625 0.09921875 0.10078125
0 0.8384765625 0.264375 0.0983984375 0.1003125
0 0.943203125 0.326640625 0.0981640625 0.10078125
0 0.837578125 0.3880859375 0.10109375 0.0996484375