0 0.0417578125 0.0418359375 0.0677734375 0.06689453125
0 0.18228515625 0.042421875 0.0700390625 0.06771484375
0 0.04060546875 0.1216796875 0.06779296875 0.0676953125
1 0.2544921875 0.166640625 0.0698828125 0.0669921875
0 0.3930078125 0.32775390625 0.0697265625 0.066875
0 0.25306640625 0.40876953125 0.067578125 0.06931640625
0 0.39263671875 0.41060546875 0.07068359375 0.0688671875
0 0.53455078125 0.4110546875 0.07119140625 0.07140625
0 0.03794921875 0.69345703125 0.0676171875 0.06888671875
0 0.0371875 0.8553515625 0.066875 0.0682421875
0 0.3923828125 0.897890625 0.07015625 0.07134765625
0 0.46107421875 0.85947265625 0.06912109375 0.06814453125
0 0.53017578125 0.899609375 0.07005859375 0.06921875
0 0.95501953125 0.90173828125 0.06927734375 0.06724609375
0 0.95765625 0.66009765625 0.06666015625 0.0687890625
0 0.8163671875 0.4948046875 0.06876953125 0.06958984375
0 0.81771484375 0.25072265625 0.0715625 0.068515625
0 0.96109375 0.020078125 0.07103515625 0.04015625
0 0.11447265625 0.018203125 0.06978515625 0.03640625
1 0.1124609375 0.0834375 0.068984375 0.06609375
0 0.25431640625 0.01810546875 0.07056640625 0.0362109375
0 0.04107421875 0.205234375 0.06771484375 0.0671484375
0 0.11060546875 0.1639453125 0.07283203125 0.07017578125
0 0.11232421875 0.24396484375 0.0665625 0.06859375
0 0.04091796875 0.28544921875 0.06626953125 0.07
0 0.04046875 0.36744140625 0.0672265625 0.0676953125
0 0.1113671875 0.3276953125 0.06484375 0.0649609375
0 0.11041015625 0.40767578125 0.06888671875 0.065859375
0 0.04076171875 0.44904296875 0.06845703125 0.06939453125
0 0.0398046875 0.53080078125 0.0694140625 0.06765625
0 0.0396875 0.61103515625 0.06822265625 0.0687890625
1 0.03875 0.77515625 0.0694140625 0.0665625
0 0.036953125 0.93677734375 0.06951171875 0.06326171875
0 0.10671875 0.9730078125 0.0666796875 0.053984375
0 0.1073828125 0.8961328125 0.068671875 0.068125
1 0.107421875 0.816484375 0.070078125 0.0691796875
0 0.10921875 0.7326171875 0.0700390625 0.06708984375
0 0.11021484375 0.65044921875 0.07015625 0.067265625
0 0.10951171875 0.57130859375 0.06896484375 0.0705859375
0 0.11025390625 0.49013671875 0.06638671875 0.0664453125
0 0.18345703125 0.124140625 0.06876953125 0.0677734375
0 0.25484375 0.0833203125 0.06802734375 0.06775390625
0 0.32443359375 0.04373046875 0.07197265625 0.06623046875
0 0.32412109375 0.12552734375 0.07044921875 0.069609375
0 0.3243359375 0.20626953125 0.0684375 0.06611328125
0 0.18359375 0.2041796875 0.0708203125 0.0724609375
0 0.25408203125 0.2451171875 0.0696875 0.07037109375
0 0.182578125 0.2869140625 0.06767578125 0.06810546875
0 0.25259765625 0.32814453125 0.067890625 0.0707421875
0 0.1823828125 0.369296875 0.0695703125 0.0686328125
1 0.1815625 0.450546875 0.0680859375 0.06837890625
0 0.2515625 0.4902734375 0.0669921875 0.07009765625
0 0.18115234375 0.5318359375 0.06962890625 0.0686328125
0 0.2482421875 0.9741015625 0.070234375 0.051796875
0 0.17763671875 0.9379296875 0.06841796875 0.06900390625
0 0.38845703125 0.97333984375 0.06833984375 0.052578125
0 0.31943359375 0.93951171875 0.066796875 0.07025390625
0 0.2478515625 0.8976953125 0.0698046875 0.0677734375
0 0.17826171875 0.856015625 0.0676953125 0.06798828125
0 0.18 0.77564453125 0.0672265625 0.06896484375
0 0.24966796875 0.81650390625 0.07314453125 0.07201171875
0 0.1800390625 0.69462890625 0.06861328125 0.0676953125
0 0.25001953125 0.734765625 0.07095703125 0.0753125
0 0.1795703125 0.614296875 0.06880859375 0.0684765625
1 0.250078125 0.6541796875 0.07046875 0.070078125
0 0.25064453125 0.5727734375 0.0670703125 0.0701171875
0 0.32419921875 0.28767578125 0.0700390625 0.07046875
0 0.32248046875 0.36962890625 0.0719140625 0.07091796875
0 0.32263671875 0.45068359375 0.0671875 0.07001953125
0 0.3925 0.49158203125 0.06916015625 0.0693359375
0 0.32060546875 0.53322265625 0.0687109375 0.06759765625
0 0.39248046875 0.5740234375 0.0666015625 0.06869140625
0 0.32232421875 0.6131640625 0.068125 0.06810546875
0 0.3208984375 0.69525390625 0.06810546875 0.07107421875
0 0.31966796875 0.7750390625 0.06796875 0.068046875
0 0.321015625 0.8576953125 0.06921875 0.068671875
0 0.39064453125 0.8159765625 0.06794921875 0.068125
0 0.53001953125 0.97365234375 0.07072265625 0.0526953125
0 0.46083984375 0.93873046875 0.069765625 0.06806640625
0 0.601015625 0.93962890625 0.06791015625 0.07119140625
0 0.742578125 0.941328125 0.07224609375 0.0715625
0 0.6706640625 0.973515625 0.0708984375 0.0505078125
0 0.814453125 0.974609375 0.07146484375 0.05078125
0 0.95576171875 0.97625 0.07224609375 0.0475
0 0.88353515625 0.94322265625 0.06869140625 0.06876953125
0 0.8136328125 0.89890625 0.0673046875 0.0712109375
0 0.88494140625 0.8607421875 0.06923828125 0.0696875
0 0.9559765625 0.82072265625 0.07029296875 0.06978515625
0 0.88630859375 0.781015625 0.067109375 0.07052734375
0 0.95755859375 0.73896484375 0.07095703125 0.068984375
0 0.8854296875 0.69880859375 0.06923828125 0.0689453125
0 0.95853515625 0.5771875 0.0687109375 0.06505859375
1 0.958203125 0.4967578125 0.0691015625 0.067265625
0 0.958515625 0.41287109375 0.068203125 0.071171875
0 0.95912109375 0.3341015625 0.06560546875 0.065078125
0 0.95794921875 0.16828125 0.06736328125 0.07021484375
0 0.96005859375 0.08765625 0.066875 0.07033203125
0 0.81884765625 0.02072265625 0.0687890625 0.04142578125
0 0.8900390625 0.047421875 0.066640625 0.06685546875
0 0.88916015625 0.12587890625 0.070078125 0.069609375
0 0.8874609375 0.20875 0.0673046875 0.0671484375
0 0.96001953125 0.25048828125 0.0652734375 0.06544921875
0 0.67814453125 0.01943359375 0.073125 0.0388671875
0 0.53466796875 0.02140625 0.06708984375 0.0428125
0 0.466875 0.0433203125 0.06818359375 0.066484375
0 0.3951953125 0.0187890625 0.0703515625 0.037578125
0 0.394609375 0.0837890625 0.06994140625 0.0690234375
0 0.39505859375 0.16443359375 0.069609375 0.0672265625
1 0.46634765625 0.12556640625 0.06912109375 0.070078125
0 0.74771484375 0.04462890625 0.068984375 0.0681640625
0 0.67806640625 0.08607421875 0.06892578125 0.0674609375
1 0.7484375 0.12806640625 0.07046875 0.06958984375
0 0.8185546875 0.086640625 0.06908203125 0.069609375
0 0.88802734375 0.291171875 0.06927734375 0.0686328125
0 0.88857421875 0.3728125 0.0668359375 0.06955078125
0 0.88740234375 0.45380859375 0.07048828125 0.0673046875
0 0.88671875 0.5344140625 0.068515625 0.0676171875
0 0.886953125 0.6178125 0.069609375 0.06783203125
0 0.8158203125 0.5750390625 0.06798828125 0.071015625
0 0.39412109375 0.24673828125 0.06919921875 0.06708984375
0 0.4648828125 0.20685546875 0.07134765625 0.07017578125
0 0.5369140625 0.08552734375 0.0712109375 0.06814453125
0 0.6066796875 0.04677734375 0.07080078125 0.0696484375
0 0.8187890625 0.16978515625 0.0683203125 0.0708203125
0 0.60771484375 0.126640625 0.06833984375 0.06826171875
0 0.5358203125 0.1668359375 0.0715234375 0.0690625
0 0.46517578125 0.4498046875 0.06904296875 0.06708984375
0 0.46369140625 0.53142578125 0.06990234375 0.06810546875
0 0.46287109375 0.6158984375 0.071015625 0.0691796875
0 0.39208984375 0.65560546875 0.06767578125 0.07001953125
0 0.39216796875 0.73552734375 0.06830078125 0.0697265625
0 0.46283203125 0.7758984375 0.0683203125 0.0681640625
0 0.46318359375 0.69568359375 0.06791015625 0.069375
0 0.53453125 0.49046875 0.068359375 0.0665625
0 0.4634765625 0.3684375 0.06955078125 0.0669140625
0 0.46533203125 0.28724609375 0.07251953125 0.07046875
1 0.536875 0.2487109375 0.06994140625 0.07056640625
0 0.60677734375 0.20814453125 0.06861328125 0.06744140625
0 0.677890625 0.168359375 0.06921875 0.067578125
1 0.67654296875 0.24958984375 0.07017578125 0.06916015625
0 0.747578125 0.2097265625 0.0686328125 0.0690234375
0 0.7479296875 0.29068359375 0.066875 0.06951171875
0 0.81857421875 0.33046875 0.06892578125 0.06951171875
0 0.81794921875 0.413125 0.069609375 0.07126953125
0 0.74689453125 0.37142578125 0.07052734375 0.06802734375
0 0.67755859375 0.33169921875 0.06890625 0.0685546875
0 0.6073046875 0.28912109375 0.06982421875 0.06880859375
1 0.535390625 0.33130859375 0.06919921875 0.065546875
0 0.60794921875 0.3711328125 0.06994140625 0.0698828125
0 0.6067578125 0.45384765625 0.0689453125 0.07041015625
0 0.6780078125 0.41201171875 0.06591796875 0.0684765625
0 0.747421875 0.45544921875 0.0684765625 0.06779296875
0 0.6753515625 0.49369140625 0.067421875 0.06865234375
0 0.74521484375 0.53509765625 0.0681640625 0.0659375
0 0.53326171875 0.57455078125 0.07037109375 0.06880859375
0 0.60443359375 0.53439453125 0.06814453125 0.0712109375
0 0.674765625 0.57244140625 0.0675 0.066953125
0 0.6040234375 0.6153515625 0.06953125 0.069375
0 0.533046875 0.65462890625 0.0682421875 0.068984375
0 0.53255859375 0.73650390625 0.07337890625 0.06943359375
0 0.60388671875 0.6955078125 0.06828125 0.06984375
0 0.60400390625 0.77884765625 0.0673828125 0.07021484375
0 0.5315625 0.81794921875 0.07060546875 0.06841796875
1 0.6743359375 0.8209375 0.06841796875 0.06708984375
0 0.60265625 0.86099609375 0.06857421875 0.0707421875
0 0.67193359375 0.9003125 0.06708984375 0.0685546875
0 0.74330078125 0.8587890625 0.06904296875 0.0687109375
0 0.8139453125 0.81955078125 0.06884765625 0.0684765625
0 0.7425390625 0.7766015625 0.06845703125 0.06701171875
0 0.8146875 0.7380078125 0.06841796875 0.0694140625
0 0.673515625 0.7384375 0.0669921875 0.06767578125
0 0.74384765625 0.69603515625 0.06876953125 0.064453125
1 0.67376953125 0.65533203125 0.06986328125 0.06853515625
0 0.74673828125 0.6160546875 0.06685546875 0.06873046875
1 0.81580078125 0.65818359375 0.06966796875 0.0699609375