1 0.03001953125 0.16529296875 0.05859375 0.0542578125
1 0.14720703125 0.23255859375 0.0571484375 0.055703125
1 0.08751953125 0.26439453125 0.05642578125 0.0542578125
1 0.379765625 0.16818359375 0.05787109375 0.0542578125
1 0.6723828125 0.2021875 0.05859375 0.0528125
1 0.84634765625 0.1703515625 0.05642578125 0.0513671875
1 0.84599609375 0.2369140625 0.0571484375 0.0571484375
1 0.78595703125 0.33708984375 0.0571484375 0.05642578125
1 0.96208984375 0.440546875 0.05498046875 0.05208984375
1 0.72953125 0.43763671875 0.055703125 0.05208984375
1 0.84517578125 0.504921875 0.05330078125 0.05498046875
1 0.61234375 0.504921875 0.0542578125 0.05498046875
1 0.26294921875 0.36783203125 0.0571484375 0.0513671875
1 0.14685546875 0.36603515625 0.05787109375 0.05353515625
1 0.3197265625 0.46837890625 0.05787109375 0.055703125
1 0.14466796875 0.5009375 0.05498046875 0.0542578125
1 0.90205078125 0.6080078125 0.05642578125 0.0528125
1 0.99515625 0.6712890625 0.0096875 0.0405078125
1 0.90314453125 0.67455078125 0.055703125 0.0528125
1 0.9009765625 0.8763671875 0.0571484375 0.0542578125
1 0.72736328125 0.77365234375 0.0542578125 0.0513671875
1 0.6694921875 0.60546875 0.055703125 0.05498046875
1 0.55265625 0.60474609375 0.05787109375 0.05353515625
1 0.55375 0.67166015625 0.0542578125 0.0542578125
1 0.609453125 0.8412890625 0.055703125 0.05498046875
1 0.5523046875 0.87529296875 0.0542578125 0.05208984375
1 0.492265625 0.84021484375 0.055703125 0.0542578125
1 0.0853515625 0.66912109375 0.05787109375 0.05498046875
1 0.20181640625 0.73857421875 0.05498046875 0.05353515625
1 0.02748046875 0.76931640625 0.05208984375 0.0528125
1 0.0267578125 0.83767578125 0.05353515625 0.05353515625
1 0.14287109375 0.9056640625 0.0542578125 0.05208984375
0 0.03166015625 0.031328125 0.056640625 0.05197265625
0 0.0319921875 0.0973046875 0.0559765625 0.05197265625
0 0.03109375 0.23212890625 0.053515625 0.053515625
0 0.03072265625 0.30009765625 0.05423828125 0.0520703125
0 0.03037109375 0.36625 0.05640625 0.05134765625
0 0.0296484375 0.433515625 0.053515625 0.05279296875
0 0.02892578125 0.501484375 0.05640625 0.05279296875
0 0.028203125 0.568359375 0.05640625 0.050625
0 0.027109375 0.63525390625 0.05423828125 0.05423828125
0 0.02748046875 0.7025 0.0549609375 0.05712890625
0 0.027109375 0.90388671875 0.05423828125 0.053515625
0 0.02603515625 0.97259765625 0.0520703125 0.0520703125
0 0.084609375 0.9902734375 0.0520703125 0.019453125
0 0.08423828125 0.94041015625 0.05857421875 0.05568359375
0 0.08388671875 0.8731640625 0.0549609375 0.05279296875
0 0.08533203125 0.80375 0.05640625 0.05423828125
0 0.0860546875 0.736484375 0.05640625 0.05134765625
0 0.08677734375 0.600546875 0.0578515625 0.05134765625
0 0.0860546875 0.53546875 0.05640625 0.05279296875
0 0.08712890625 0.4678515625 0.05857421875 0.05640625
0 0.0869140625 0.40041015625 0.053203125 0.0541015625
0 0.08869140625 0.33390625 0.0567578125 0.0541015625
0 0.09046875 0.19955078125 0.05498046875 0.0514453125
0 0.09001953125 0.13302734375 0.0541015625 0.053203125
0 0.0895703125 0.06517578125 0.0567578125 0.05232421875
0 0.0908984375 0.01375 0.050546875 0.0275
0 0.14810546875 0.03236328125 0.0567578125 0.05232421875
0 0.14810546875 0.09888671875 0.0514453125 0.0541015625
0 0.14765625 0.16671875 0.05587890625 0.053203125
0 0.146328125 0.3001953125 0.05498046875 0.05587890625
0 0.14587890625 0.43455078125 0.0594140625 0.053203125
0 0.14412109375 0.5671484375 0.05763671875 0.0541015625
0 0.14544921875 0.6367578125 0.05498046875 0.0567578125
0 0.14279296875 0.7050390625 0.05853515625 0.053203125
0 0.143671875 0.77201171875 0.05498046875 0.05232421875
0 0.14279296875 0.83763671875 0.05498046875 0.05763671875
0 0.14322265625 0.97244140625 0.05587890625 0.050546875
0 0.1991015625 0.99087890625 0.050546875 0.01826171875
0 0.20220703125 0.93962890625 0.05498046875 0.05232421875
0 0.20087890625 0.8735546875 0.0541015625 0.053203125
0 0.20220703125 0.80349609375 0.05498046875 0.0514453125
0 0.20130859375 0.671796875 0.05498046875 0.0541015625
0 0.20263671875 0.60216796875 0.05587890625 0.053203125
0 0.2044140625 0.534765625 0.05587890625 0.05498046875
0 0.20263671875 0.4687109375 0.05763671875 0.0541015625
0 0.2044140625 0.3999609375 0.0541015625 0.053203125
0 0.20486328125 0.33345703125 0.05498046875 0.04966796875
0 0.2053125 0.2687109375 0.05232421875 0.0567578125
0 0.2044140625 0.19955078125 0.05587890625 0.0514453125
0 0.20486328125 0.13525390625 0.0567578125 0.05587890625
0 0.20619140625 0.065625 0.05232421875 0.053203125
0 0.20751953125 0.0128515625 0.053203125 0.025703125
0 0.26517578125 0.03236328125 0.05498046875 0.050546875
0 0.26517578125 0.1006640625 0.053203125 0.05232421875
0 0.26427734375 0.1689453125 0.05498046875 0.0541015625
0 0.2633984375 0.23279296875 0.05498046875 0.050546875
0 0.26427734375 0.3001953125 0.05498046875 0.05232421875
0 0.2633984375 0.435 0.05853515625 0.0541015625
0 0.26162109375 0.5015234375 0.05498046875 0.0541015625
0 0.2620703125 0.56935546875 0.05232421875 0.053203125
0 0.261171875 0.6367578125 0.05587890625 0.0567578125
0 0.2607421875 0.7037109375 0.053203125 0.0541015625
0 0.2594140625 0.76890625 0.0541015625 0.053203125
0 0.2607421875 0.83984375 0.0567578125 0.05498046875
0 0.2594140625 0.90591796875 0.05763671875 0.0541015625
0 0.26029296875 0.97357421875 0.05587890625 0.05283203125
0 0.31705078125 0.98955078125 0.05232421875 0.02091796875
0 0.3175 0.9418359375 0.053203125 0.0514453125
0 0.31970703125 0.873984375 0.0541015625 0.050546875
1 0.31970703125 0.80392578125 0.0541015625 0.05232421875
0 0.3192578125 0.74095703125 0.053203125 0.05587890625
0 0.3192578125 0.6695703125 0.05498046875 0.0514453125
0 0.32015625 0.60482421875 0.05498046875 0.05853515625
0 0.32060546875 0.53609375 0.05763671875 0.05587890625
0 0.321484375 0.40306640625 0.05232421875 0.050546875
0 0.32193359375 0.33478515625 0.05498046875 0.05232421875
0 0.32193359375 0.26693359375 0.05498046875 0.053203125
0 0.3237109375 0.19865234375 0.05853515625 0.04966796875
0 0.32236328125 0.13435546875 0.05587890625 0.05763671875
0 0.324140625 0.06607421875 0.05763671875 0.0541015625
0 0.32193359375 0.01375 0.047890625 0.0275
0 0.383125 0.0328125 0.0567578125 0.053203125
0 0.38134765625 0.10021484375 0.053203125 0.053203125
0 0.38046875 0.2345703125 0.05498046875 0.05232421875
0 0.38046875 0.3015234375 0.05498046875 0.05498046875
0 0.38001953125 0.36849609375 0.05232421875 0.0541015625
0 0.37912109375 0.43544921875 0.05232421875 0.05498046875
0 0.37869140625 0.50328125 0.05498046875 0.05232421875
0 0.37912109375 0.5698046875 0.05587890625 0.0541015625
0 0.37779296875 0.63765625 0.0567578125 0.0514453125
0 0.3769140625 0.7050390625 0.05498046875 0.0514453125
0 0.3769140625 0.772890625 0.05498046875 0.05232421875
0 0.37603515625 0.83984375 0.0567578125 0.05498046875
0 0.37646484375 0.90814453125 0.05232421875 0.05498046875
0 0.37646484375 0.97376953125 0.05232421875 0.04966796875
0 0.43455078125 0.99220703125 0.047890625 0.0155859375
0 0.43544921875 0.9418359375 0.053203125 0.05498046875
0 0.43677734375 0.8748828125 0.0541015625 0.0541015625
0 0.435 0.80748046875 0.0541015625 0.05763671875
0 0.436328125 0.740078125 0.05853515625 0.0541015625
0 0.436328125 0.67134765625 0.05853515625 0.05498046875
0 0.4372265625 0.60306640625 0.0567578125 0.0514453125
0 0.43765625 0.5369921875 0.05587890625 0.0541015625
0 0.4372265625 0.47046875 0.05498046875 0.05232421875
0 0.43810546875 0.4021875 0.05498046875 0.05232421875
0 0.43943359375 0.33390625 0.05763671875 0.0541015625
0 0.4385546875 0.26783203125 0.0541015625 0.053203125
0 0.44033203125 0.20087890625 0.05232421875 0.05587890625
0 0.44033203125 0.13390625 0.0541015625 0.0567578125
0 0.44076171875 0.066953125 0.0567578125 0.0541015625
0 0.44033203125 0.0128515625 0.0541015625 0.025703125
0 0.49884765625 0.03369140625 0.05587890625 0.0514453125
0 0.499296875 0.1006640625 0.053203125 0.050546875
0 0.49796875 0.1676171875 0.05232421875 0.053203125
0 0.49708984375 0.23546875 0.0541015625 0.0541015625
0 0.496640625 0.302421875 0.053203125 0.05498046875
0 0.49751953125 0.36982421875 0.05498046875 0.05498046875
0 0.4953125 0.436328125 0.05587890625 0.053203125
0 0.4953125 0.5055078125 0.0541015625 0.053203125
0 0.49619140625 0.5711328125 0.05232421875 0.053203125
0 0.49486328125 0.63853515625 0.053203125 0.0514453125
0 0.49486328125 0.70548828125 0.05498046875 0.05232421875
0 0.4944140625 0.772890625 0.05587890625 0.05232421875
0 0.49353515625 0.9076953125 0.0541015625 0.05232421875
0 0.49353515625 0.9753515625 0.05587890625 0.049296875
0 0.55162109375 0.99130859375 0.04966796875 0.01736328125
0 0.5520703125 0.9418359375 0.0541015625 0.053203125
0 0.5525 0.80615234375 0.0567578125 0.053203125
0 0.55384765625 0.74095703125 0.05587890625 0.05587890625
0 0.5547265625 0.53744140625 0.0541015625 0.053203125
0 0.55560546875 0.4713671875 0.05587890625 0.05232421875
0 0.5547265625 0.40173828125 0.0541015625 0.0514453125
0 0.55427734375 0.337890625 0.053203125 0.05498046875
0 0.55517578125 0.2673828125 0.0567578125 0.05232421875
0 0.5560546875 0.20220703125 0.05498046875 0.0514453125
0 0.5573828125 0.1361328125 0.0541015625 0.05232421875
0 0.55650390625 0.0678515625 0.05587890625 0.05232421875
0 0.556953125 0.015078125 0.053203125 0.03015625
0 0.61546875 0.03546875 0.05498046875 0.053203125
0 0.61458984375 0.10109375 0.0567578125 0.053203125
0 0.61546875 0.16849609375 0.05498046875 0.05498046875
0 0.6128125 0.236796875 0.05853515625 0.053203125
0 0.61326171875 0.302421875 0.05763671875 0.053203125
0 0.6128125 0.369375 0.05498046875 0.05587890625
0 0.6137109375 0.43677734375 0.0567578125 0.0541015625
0 0.61236328125 0.57201171875 0.05587890625 0.0514453125
0 0.61236328125 0.63853515625 0.05587890625 0.05498046875
0 0.611484375 0.70681640625 0.05587890625 0.0567578125
0 0.61015625 0.77421875 0.05498046875 0.05498046875
0 0.61060546875 0.90857421875 0.05587890625 0.0541015625
0 0.60970703125 0.97490234375 0.0541015625 0.05017578125
0 0.67046875 0.99130859375 0.0514453125 0.01736328125
0 0.6682421875 0.94361328125 0.05232421875 0.05498046875
0 0.6695703125 0.8762109375 0.0567578125 0.05498046875
0 0.66912109375 0.808359375 0.05763671875 0.05587890625
0 0.66912109375 0.740078125 0.0541015625 0.0541015625
0 0.6695703125 0.67400390625 0.0567578125 0.0514453125
0 0.67046875 0.53876953125 0.05498046875 0.0541015625
0 0.6722265625 0.4726953125 0.05498046875 0.0567578125
0 0.6722265625 0.4057421875 0.05853515625 0.05763671875
0 0.67267578125 0.337890625 0.0594140625 0.05498046875
0 0.671796875 0.27181640625 0.0541015625 0.0541015625
0 0.673125 0.1348046875 0.05498046875 0.05498046875
0 0.67400390625 0.0691796875 0.0567578125 0.053203125
0 0.674453125 0.012421875 0.05763671875 0.02482421875
0 0.73208984375 0.03546875 0.05763671875 0.0567578125
0 0.73208984375 0.10154296875 0.0541015625 0.0541015625
0 0.7312109375 0.16849609375 0.05587890625 0.05498046875
0 0.73208984375 0.236796875 0.05232421875 0.05498046875
0 0.7298828125 0.30462890625 0.053203125 0.0541015625
0 0.73076171875 0.37158203125 0.05498046875 0.0514453125
0 0.73033203125 0.5055078125 0.05763671875 0.05498046875
0 0.7285546875 0.57068359375 0.05763671875 0.05232421875
0 0.728984375 0.638984375 0.05498046875 0.0541015625
0 0.7272265625 0.70771484375 0.053203125 0.053203125
0 0.726328125 0.8407421875 0.0567578125 0.05498046875
0 0.72765625 0.90990234375 0.05587890625 0.053203125
0 0.72544921875 0.97447265625 0.0567578125 0.05107421875
0 0.7857421875 0.9917578125 0.04966796875 0.016484375
0 0.7844140625 0.9440625 0.05587890625 0.0541015625
0 0.78619140625 0.8762109375 0.05763671875 0.053203125
0 0.7853125 0.80880859375 0.05763671875 0.05853515625
0 0.78619140625 0.74185546875 0.0541015625 0.0541015625
0 0.78619140625 0.67490234375 0.050546875 0.0514453125
0 0.786640625 0.6075 0.0567578125 0.05498046875
0 0.78884765625 0.53876953125 0.05763671875 0.05232421875
0 0.78751953125 0.47357421875 0.05498046875 0.053203125
0 0.78796875 0.4057421875 0.05763671875 0.05232421875
0 0.7901953125 0.2700390625 0.0567578125 0.0541015625
0 0.78796875 0.203984375 0.05587890625 0.053203125
0 0.79107421875 0.13658203125 0.05498046875 0.0514453125
0 0.78884765625 0.069609375 0.05587890625 0.05763671875
0 0.790625 0.01419921875 0.05232421875 0.02837890625
0 0.84783203125 0.03591796875 0.053203125 0.050546875
0 0.84916015625 0.10287109375 0.0541015625 0.05498046875
0 0.84783203125 0.30462890625 0.0514453125 0.0541015625
0 0.846953125 0.37115234375 0.053203125 0.05587890625
0 0.84517578125 0.4385546875 0.05498046875 0.05232421875
0 0.8447265625 0.5737890625 0.05587890625 0.05498046875
0 0.84560546875 0.6407421875 0.0541015625 0.0541015625
0 0.84384765625 0.70947265625 0.05587890625 0.05498046875
1 0.8447265625 0.7751171875 0.0541015625 0.053203125
0 0.84251953125 0.84294921875 0.053203125 0.05587890625
0 0.84251953125 0.9103515625 0.05498046875 0.0541015625
0 0.8433984375 0.97447265625 0.053203125 0.05107421875
0 0.90193359375 0.99087890625 0.04966796875 0.01826171875
0 0.901484375 0.942734375 0.05587890625 0.05498046875
0 0.90236328125 0.8079296875 0.0541015625 0.05498046875
0 0.904140625 0.7423046875 0.05587890625 0.053203125
0 0.90458984375 0.53919921875 0.05498046875 0.053203125
0 0.9050390625 0.471796875 0.05587890625 0.053203125
0 0.90546875 0.4044140625 0.0567578125 0.04966796875
0 0.90591796875 0.337890625 0.05587890625 0.05498046875
0 0.904140625 0.2709375 0.05232421875 0.0541015625
0 0.9063671875 0.20353515625 0.05853515625 0.05587890625
0 0.90546875 0.13791015625 0.0567578125 0.05587890625
0 0.90458984375 0.069609375 0.053203125 0.0541015625
0 0.90546875 0.01462890625 0.0567578125 0.0292578125
0 0.96400390625 0.038125 0.053203125 0.053203125
0 0.96357421875 0.10419921875 0.0541015625 0.05232421875
0 0.96357421875 0.1716015625 0.05587890625 0.0541015625
0 0.96357421875 0.238125 0.05232421875 0.05232421875
0 0.96267578125 0.30640625 0.05232421875 0.05232421875
0 0.963125 0.37203125 0.0567578125 0.05763671875
0 0.96267578125 0.50595703125 0.05587890625 0.0541015625
0 0.96134765625 0.5751171875 0.0567578125 0.05587890625
0 0.96400390625 0.64119140625 0.0567578125 0.053203125
0 0.9608984375 0.70947265625 0.05232421875 0.053203125
0 0.96001953125 0.7751171875 0.05587890625 0.05498046875
0 0.96046875 0.84427734375 0.0567578125 0.053203125
0 0.95869140625 0.9103515625 0.05498046875 0.05587890625
0 0.95869140625 0.97580078125 0.05498046875 0.0483984375
0 0.99619140625 0.00666015625 0.0076171875 0.01330078125
0 0.99708984375 0.06873046875 0.00583984375 0.03103515625
0 0.996640625 0.1361328125 0.00671875 0.02572265625
0 0.99751953125 0.20353515625 0.00494140625 0.0328125
0 0.99619140625 0.2700390625 0.0076171875 0.03103515625
0 0.996640625 0.33876953125 0.00671875 0.0266015625
0 0.996640625 0.4070703125 0.00671875 0.03193359375
0 0.996640625 0.4726953125 0.00671875 0.02837890625
0 0.99619140625 0.53787109375 0.0076171875 0.0292578125
0 0.99619140625 0.60572265625 0.0076171875 0.02837890625
1 0.99486328125 0.74185546875 0.0102734375 0.04345703125
1 0.9957421875 0.9944140625 0.00849609375 0.01115234375
0 0.99708984375 0.808359375 0.00583984375 0.0363671875
0 0.9953125 0.8748828125 0.00939453125 0.04345703125
0 0.9944140625 0.94361328125 0.01115234375 0.0443359375