0 0.0251171875 0.03181640625 0.0415234375 0.0405078125
0 0.02431640625 0.0816796875 0.03939453125 0.041953125
0 0.06904296875 0.0138671875 0.04181640625 0.02771484375
1 0.11185546875 0.08291015625 0.04359375 0.04361328125
0 0.19943359375 0.0330859375 0.043984375 0.0410546875
1 0.15548828125 0.15927734375 0.0430078125 0.0426953125
1 0.02419921875 0.183203125 0.04302734375 0.04263671875
0 0.24232421875 0.261171875 0.04232421875 0.0423046875
1 0.066640625 0.36140625 0.04423828125 0.0432421875
1 0.06685546875 0.411875 0.04421875 0.0438671875
0 0.28541015625 0.3884375 0.04244140625 0.04298828125
0 0.41716796875 0.46447265625 0.04232421875 0.0429296875
1 0.50275390625 0.6170703125 0.04416015625 0.04357421875
1 0.590703125 0.66884765625 0.04466796875 0.04345703125
1 0.54673828125 0.69361328125 0.045078125 0.04380859375
1 0.85228515625 0.66970703125 0.0439453125 0.04212890625
1 0.7212890625 0.64359375 0.043828125 0.04375
1 0.98130859375 0.69568359375 0.0373828125 0.041328125
0 0.93869140625 0.77140625 0.040859375 0.04099609375
0 0.980625 0.847265625 0.03873046875 0.04099609375
0 0.89646484375 0.59400390625 0.04197265625 0.0419921875
1 0.89791015625 0.39173828125 0.04376953125 0.0440625
1 0.94166015625 0.36638671875 0.04384765625 0.0427734375
0 0.72228515625 0.44123046875 0.0423828125 0.04078125
0 0.72234375 0.3903125 0.04173828125 0.041796875
1 0.89822265625 0.3405078125 0.045078125 0.04458984375
1 0.7678515625 0.26396484375 0.0455859375 0.0449609375
1 0.723671875 0.2393359375 0.0435546875 0.043046875
1 0.63763671875 0.03578125 0.0441015625 0.042109375
1 0.855546875 0.01583984375 0.04513671875 0.0316796875
1 0.50671875 0.06029296875 0.04423828125 0.04427734375
1 0.5488671875 0.28814453125 0.04384765625 0.04421875
0 0.374140625 0.33779296875 0.0422265625 0.04390625
1 0.2419921875 0.5145703125 0.04435546875 0.04369140625
1 0.28494140625 0.5398828125 0.04177734375 0.042734375
1 0.37212890625 0.59076171875 0.04498046875 0.04357421875
0 0.19630859375 0.589765625 0.0415234375 0.04115234375
1 0.19603515625 0.64123046875 0.04513671875 0.04373046875
1 0.1088671875 0.690390625 0.04353515625 0.04375
1 0.065546875 0.56453125 0.04369140625 0.04359375
1 0.02083984375 0.74177734375 0.04166015625 0.04275390625
1 0.15099609375 0.8176171875 0.044609375 0.0432421875
1 0.19431640625 0.9870703125 0.0434765625 0.025859375
1 0.89486328125 0.84697265625 0.04193359375 0.04341796875
1 0.9793359375 0.8980078125 0.041328125 0.04224609375
1 0.63185546875 0.845625 0.04494140625 0.0433203125
1 0.676171875 0.820390625 0.0437890625 0.042890625
0 0.11236328125 0.03248046875 0.0437109375 0.042890625
0 0.06841796875 0.05794921875 0.04357421875 0.0431640625
0 0.06873046875 0.10841796875 0.04154296875 0.0428125
0 0.11171875 0.13423828125 0.04060546875 0.04130859375
0 0.02439453125 0.132421875 0.040625 0.0427734375
0 0.06802734375 0.1590234375 0.0436328125 0.0421484375
0 0.0675390625 0.2091796875 0.04099609375 0.04146484375
0 0.02349609375 0.234296875 0.04201171875 0.042265625
0 0.11052734375 0.184609375 0.04400390625 0.04142578125
0 0.02388671875 0.28548828125 0.0398828125 0.0425
0 0.06748046875 0.26015625 0.043046875 0.04162109375
0 0.1112109375 0.235234375 0.04302734375 0.04322265625
0 0.11013671875 0.2848828125 0.0425390625 0.0422265625
0 0.0667578125 0.3105859375 0.042578125 0.0421484375
0 0.0232421875 0.38607421875 0.0432421875 0.04310546875
0 0.023515625 0.336015625 0.041328125 0.04185546875
1 0.11044921875 0.33625 0.04345703125 0.04310546875
0 0.02306640625 0.43673828125 0.04123046875 0.0436328125
0 0.10890625 0.38560546875 0.043515625 0.04240234375
0 0.0216015625 0.487578125 0.04091796875 0.04357421875
0 0.06583984375 0.4619921875 0.04201171875 0.04203125
1 0.0653125 0.5133984375 0.04427734375 0.043359375
0 0.02201171875 0.53869140625 0.04109375 0.04275390625
0 0.0213671875 0.58962890625 0.040234375 0.04171875
0 0.02005859375 0.689921875 0.0401171875 0.04234375
0 0.0203515625 0.7921875 0.040703125 0.04279296875
0 0.01984375 0.84259765625 0.03970703125 0.04169921875
0 0.01970703125 0.89296875 0.0394140625 0.04302734375
0 0.0193359375 0.943515625 0.03865234375 0.0419921875
0 0.0201171875 0.98591796875 0.04021484375 0.0281640625
0 0.06298828125 0.96927734375 0.04140625 0.0421875
0 0.106171875 0.94453125 0.04296875 0.04146484375
0 0.0627734375 0.91794921875 0.042265625 0.04193359375
0 0.10720703125 0.8930078125 0.0426953125 0.041171875
0 0.06298828125 0.8668359375 0.0437890625 0.04138671875
0 0.0631640625 0.81708984375 0.04361328125 0.04169921875
0 0.10736328125 0.79205078125 0.04314453125 0.04298828125
0 0.063515625 0.7656640625 0.04177734375 0.0417578125
0 0.063515625 0.7165625 0.04251953125 0.0417578125
1 0.108671875 0.74154296875 0.04216796875 0.04138671875
0 0.15197265625 0.66458984375 0.04248046875 0.04263671875
0 0.06548828125 0.6644140625 0.0429296875 0.042421875
0 0.10869140625 0.64025390625 0.04095703125 0.042265625
0 0.02109375 0.639375 0.04046875 0.04134765625
0 0.0640625 0.614609375 0.0422265625 0.0426171875
0 0.108828125 0.5892578125 0.04224609375 0.0412109375
0 0.10943359375 0.53904296875 0.04166015625 0.04197265625
0 0.1096484375 0.48931640625 0.04146484375 0.0410546875
0 0.1532421875 0.5642578125 0.0423046875 0.040703125
0 0.109375 0.43685546875 0.04197265625 0.04220703125
0 0.1537109375 0.5137109375 0.04146484375 0.04205078125
0 0.15388671875 0.4629296875 0.04119140625 0.0421875
0 0.15408203125 0.41150390625 0.0412890625 0.04193359375
0 0.15453125 0.36119140625 0.04146484375 0.040390625
0 0.155 0.31072265625 0.04228515625 0.041328125
0 0.1551171875 0.26029296875 0.0411328125 0.041953125
0 0.15595703125 0.20904296875 0.04048828125 0.04080078125
0 0.2001953125 0.13357421875 0.0407421875 0.0416015625
0 0.1561328125 0.10810546875 0.0429296875 0.04203125
0 0.15619140625 0.05701171875 0.04296875 0.0424609375
0 0.156875 0.01419921875 0.04388671875 0.0283984375
0 0.24345703125 0.0583203125 0.04076171875 0.04255859375
0 0.2443359375 0.0143359375 0.0429296875 0.02865234375
0 0.33154296875 0.014453125 0.04150390625 0.02890625
1 0.37548828125 0.0341015625 0.0415234375 0.04232421875
0 0.28830078125 0.03279296875 0.04259765625 0.041328125
0 0.24259765625 0.10943359375 0.0412109375 0.0416796875
0 0.199921875 0.08408203125 0.0426953125 0.0426953125
0 0.242734375 0.15845703125 0.04154296875 0.04142578125
0 0.19869140625 0.23486328125 0.04255859375 0.04240234375
0 0.19853515625 0.285234375 0.04296875 0.04224609375
0 0.198046875 0.33654296875 0.0428515625 0.0414453125
0 0.198515625 0.3876953125 0.04181640625 0.04197265625
0 0.24259765625 0.31130859375 0.04130859375 0.041328125
0 0.24251953125 0.36216796875 0.04197265625 0.0420703125
0 0.19646484375 0.4378125 0.04162109375 0.0416796875
0 0.24109375 0.4130859375 0.042109375 0.04173828125
0 0.1972265625 0.48787109375 0.04197265625 0.04123046875
0 0.19697265625 0.53884765625 0.04033203125 0.04189453125
0 0.327109375 0.51447265625 0.0415625 0.0428515625
0 0.24056640625 0.56419921875 0.043046875 0.0432421875
0 0.28435546875 0.58986328125 0.042109375 0.04228515625
0 0.15259765625 0.61501953125 0.04125 0.04052734375
0 0.2403125 0.61587890625 0.04162109375 0.0413671875
0 0.19494140625 0.69201171875 0.04171875 0.0403125
0 0.15212890625 0.71626953125 0.04212890625 0.042578125
0 0.15166015625 0.76705078125 0.04201171875 0.04154296875
0 0.107109375 0.84328125 0.04208984375 0.04171875
0 0.1946875 0.8430859375 0.04181640625 0.04166015625
0 0.15115234375 0.86830078125 0.04240234375 0.04193359375
0 0.15099609375 0.91810546875 0.04125 0.0416796875
0 0.10728515625 0.98650390625 0.04369140625 0.0269921875
0 0.2805859375 0.9869921875 0.04236328125 0.026015625
0 0.15009765625 0.96900390625 0.0412109375 0.0409375
0 0.19400390625 0.9438671875 0.0410546875 0.04046875
1 0.23751953125 0.9696484375 0.04404296875 0.04275390625
0 0.2390625 0.86880859375 0.04029296875 0.04072265625
1 0.194765625 0.89421875 0.04138671875 0.0418359375
0 0.23888671875 0.81818359375 0.04228515625 0.04140625
0 0.1946875 0.79298828125 0.04146484375 0.0401953125
0 0.194921875 0.74203125 0.041640625 0.04322265625
0 0.2381640625 0.767265625 0.041875 0.0416015625
0 0.2389453125 0.7173046875 0.04068359375 0.042265625
0 0.23962890625 0.6660546875 0.0408984375 0.042421875
0 0.3279296875 0.5653515625 0.0421875 0.04193359375
0 0.2412109375 0.46419921875 0.04232421875 0.04291015625
0 0.285390625 0.4385546875 0.041796875 0.04083984375
0 0.3293359375 0.4133203125 0.04263671875 0.0423046875
0 0.285546875 0.33705078125 0.04146484375 0.04158203125
0 0.28642578125 0.2859375 0.0408984375 0.04162109375
0 0.2855859375 0.236484375 0.04240234375 0.04201171875
0 0.24279296875 0.209921875 0.04203125 0.041328125
0 0.1990234375 0.1837109375 0.0422265625 0.042734375
0 0.28748046875 0.084765625 0.04251953125 0.04267578125
0 0.3315625 0.0594921875 0.0415625 0.0420703125
0 0.33001953125 0.10947265625 0.0418359375 0.04060546875
1 0.28689453125 0.1335546875 0.0441015625 0.0428515625
0 0.33140625 0.16001953125 0.0430078125 0.04087890625
0 0.28658203125 0.18474609375 0.04220703125 0.0421484375
0 0.3303125 0.21091796875 0.04255859375 0.04234375
0 0.41818359375 0.21125 0.04220703125 0.04263671875
0 0.3743359375 0.18470703125 0.04103515625 0.04140625
0 0.4616015625 0.18587890625 0.04181640625 0.0403125
0 0.41759765625 0.1606640625 0.0397265625 0.04154296875
0 0.462578125 0.13544921875 0.04080078125 0.0403515625
0 0.46244140625 0.2373046875 0.04189453125 0.04099609375
0 0.37427734375 0.13513671875 0.0423046875 0.04091796875
0 0.37462890625 0.0834375 0.04251953125 0.042578125
0 0.46255859375 0.08498046875 0.04203125 0.0417578125
1 0.46271484375 0.03470703125 0.04244140625 0.041484375
0 0.41873046875 0.10875 0.04076171875 0.04150390625
0 0.41990234375 0.05947265625 0.0416015625 0.040234375
1 0.41931640625 0.0154296875 0.04375 0.030859375
0 0.549765625 0.0340234375 0.0394921875 0.04107421875
0 0.506015625 0.01513671875 0.04103515625 0.03025390625
0 0.50623046875 0.110234375 0.04115234375 0.0421484375
0 0.54978515625 0.08525390625 0.04154296875 0.04216796875
0 0.50521484375 0.16119140625 0.04158203125 0.0416796875
1 0.54958984375 0.135859375 0.043359375 0.04310546875
0 0.54916015625 0.18595703125 0.04130859375 0.042421875
0 0.5052734375 0.21244140625 0.04185546875 0.0416015625
0 0.54876953125 0.23705078125 0.0409765625 0.04115234375
0 0.50580078125 0.26228515625 0.04044921875 0.04107421875
0 0.59212890625 0.26328125 0.0418359375 0.04255859375
0 0.46060546875 0.28748046875 0.04291015625 0.041171875
0 0.4175 0.31275390625 0.04208984375 0.0414453125
0 0.41791015625 0.261796875 0.04201171875 0.0419140625
0 0.3741015625 0.23673828125 0.0417578125 0.04271484375
0 0.330234375 0.26162109375 0.041796875 0.04220703125
0 0.3741796875 0.286875 0.04236328125 0.04208984375
0 0.33025390625 0.31220703125 0.0418359375 0.04234375
0 0.32974609375 0.36134765625 0.04189453125 0.042890625
0 0.37361328125 0.3878125 0.0408203125 0.0418359375
0 0.3284375 0.46451171875 0.04291015625 0.04248046875
0 0.41669921875 0.41431640625 0.0420703125 0.0421484375
0 0.37236328125 0.438671875 0.04212890625 0.04197265625
0 0.28515625 0.4890234375 0.04158203125 0.042578125
0 0.37306640625 0.48890625 0.04134765625 0.04306640625
0 0.37271484375 0.54015625 0.0417578125 0.04212890625
0 0.28357421875 0.64052734375 0.0423046875 0.041484375
0 0.32806640625 0.61544921875 0.04267578125 0.04173828125
0 0.4162109375 0.61576171875 0.041875 0.04259765625
1 0.37068359375 0.64181640625 0.04099609375 0.04142578125
0 0.2835546875 0.69126953125 0.04255859375 0.041328125
0 0.32685546875 0.718046875 0.0425390625 0.0426953125
0 0.28275390625 0.74224609375 0.04248046875 0.04185546875
0 0.283046875 0.793046875 0.0428125 0.04197265625
0 0.3265625 0.76775390625 0.040625 0.04078125
0 0.37123046875 0.6924609375 0.0418359375 0.0419140625
0 0.32583984375 0.868671875 0.0423828125 0.04072265625
0 0.32642578125 0.81875 0.0411328125 0.04263671875
0 0.370390625 0.742578125 0.04212890625 0.039765625
0 0.370546875 0.79359375 0.04150390625 0.04037109375
1 0.28228515625 0.84349609375 0.04279296875 0.04283203125
0 0.28244140625 0.893984375 0.040546875 0.0408203125
0 0.41375 0.76775390625 0.0423046875 0.04314453125
0 0.4133203125 0.81876953125 0.04185546875 0.04138671875
0 0.3699609375 0.8443359375 0.0421875 0.0422265625
0 0.32548828125 0.91955078125 0.04109375 0.04248046875
0 0.45828125 0.743203125 0.0414453125 0.0413671875
0 0.457265625 0.79337890625 0.0421875 0.04107421875
0 0.45796875 0.84404296875 0.04232421875 0.04048828125
0 0.45716796875 0.89466796875 0.04021484375 0.04138671875
0 0.50275390625 0.7184375 0.041328125 0.0419140625
0 0.2816796875 0.9441015625 0.0405859375 0.04138671875
0 0.238046875 0.9193359375 0.04126953125 0.041171875
1 0.3250390625 0.97103515625 0.04279296875 0.04169921875
0 0.368203125 0.98791015625 0.04099609375 0.0241796875
0 0.3694921875 0.89412109375 0.04134765625 0.0403515625
1 0.36927734375 0.9452734375 0.04076171875 0.0425
0 0.4134765625 0.8698828125 0.04181640625 0.04181640625
1 0.456796875 0.94515625 0.04234375 0.04421875
0 0.455390625 0.98794921875 0.042265625 0.02412109375
0 0.41234375 0.970546875 0.04099609375 0.0403125
0 0.5441015625 0.9886328125 0.04181640625 0.02271484375
0 0.41361328125 0.918359375 0.0414453125 0.04248046875
0 0.50064453125 0.97046875 0.04076171875 0.040625
1 0.63142578125 0.9881640625 0.04248046875 0.02365234375
0 0.54478515625 0.94681640625 0.04048828125 0.0415234375
0 0.63181640625 0.94599609375 0.04076171875 0.0421875
0 0.50037109375 0.9198046875 0.041640625 0.04125
0 0.5008203125 0.87078125 0.04197265625 0.0418359375
0 0.5013671875 0.81923828125 0.0408203125 0.04076171875
0 0.54458984375 0.89509765625 0.0405859375 0.041015625
0 0.58849609375 0.9208203125 0.04173828125 0.0405859375
0 0.5446484375 0.84564453125 0.04078125 0.04037109375
0 0.50296875 0.76912109375 0.04109375 0.04169921875
0 0.58759765625 0.87056640625 0.04232421875 0.04138671875
0 0.5456640625 0.79482421875 0.04072265625 0.04123046875
0 0.5888671875 0.82044921875 0.040546875 0.04025390625
0 0.32751953125 0.66673828125 0.04017578125 0.0415234375
0 0.415078125 0.7180859375 0.0408203125 0.04158203125
1 0.45875 0.692578125 0.0411328125 0.0423828125
0 0.459375 0.6420703125 0.0421875 0.0402734375
0 0.41537109375 0.6669921875 0.04158203125 0.03978515625
0 0.4159765625 0.56576171875 0.0398046875 0.04138671875
0 0.45904296875 0.54052734375 0.0416015625 0.04234375
0 0.45978515625 0.5914453125 0.041875 0.042578125
0 0.503671875 0.51525390625 0.04130859375 0.0425
0 0.5471875 0.592421875 0.0413671875 0.04134765625
0 0.5021875 0.667890625 0.0408984375 0.04123046875
0 0.5466796875 0.64267578125 0.0412890625 0.0423046875
0 0.5455078125 0.74412109375 0.04158203125 0.041953125
0 0.58984375 0.718984375 0.04072265625 0.04138671875
0 0.58947265625 0.76904296875 0.0405078125 0.04171875
0 0.63328125 0.7442578125 0.0409375 0.04037109375
0 0.46 0.49076171875 0.04228515625 0.04017578125
0 0.41623046875 0.51515625 0.042265625 0.0422265625
0 0.50462890625 0.46544921875 0.04109375 0.0403515625
0 0.54783203125 0.4903125 0.04111328125 0.04193359375
0 0.5478515625 0.439375 0.040546875 0.0415625
0 0.5048828125 0.414609375 0.04099609375 0.0418359375
0 0.460390625 0.43892578125 0.04150390625 0.04193359375
0 0.460390625 0.38873046875 0.04111328125 0.04076171875
0 0.46126953125 0.33828125 0.04150390625 0.041953125
0 0.417421875 0.36333984375 0.04119140625 0.04224609375
0 0.63650390625 0.18775390625 0.041171875 0.04076171875
0 0.63634765625 0.237578125 0.04216796875 0.0414453125
0 0.59294921875 0.21275390625 0.0416796875 0.0415234375
0 0.50498046875 0.3122265625 0.04130859375 0.040234375
0 0.59259765625 0.31298828125 0.0416796875 0.042421875
0 0.549296875 0.33884765625 0.04140625 0.04203125
0 0.5041015625 0.3631640625 0.04140625 0.0420703125
0 0.592734375 0.4152734375 0.0412890625 0.04099609375
0 0.5486328125 0.38900390625 0.04169921875 0.04033203125
0 0.59154296875 0.46587890625 0.04046875 0.04048828125
0 0.59111328125 0.51638671875 0.0420703125 0.04099609375
0 0.63625 0.44025390625 0.0402734375 0.0405859375
0 0.5930078125 0.05943359375 0.04021484375 0.04056640625
0 0.59439453125 0.01529296875 0.041484375 0.03060546875
0 0.7256640625 0.03548828125 0.04107421875 0.04171875
0 0.59384765625 0.11115234375 0.0401171875 0.04173828125
0 0.63755859375 0.08544921875 0.04126953125 0.0416015625
0 0.59322265625 0.16220703125 0.04099609375 0.04091796875
0 0.6819140625 0.0154296875 0.04080078125 0.03087890625
0 0.6806640625 0.06009765625 0.0405078125 0.04068359375
0 0.6805078125 0.161875 0.04095703125 0.041953125
0 0.63759765625 0.136328125 0.040859375 0.04140625
0 0.6803515625 0.2125390625 0.0410546875 0.0407421875
0 0.72447265625 0.1876953125 0.04048828125 0.04017578125
0 0.63607421875 0.28916015625 0.04109375 0.041796875
0 0.63619140625 0.33890625 0.04142578125 0.0403125
0 0.7253515625 0.13814453125 0.0425 0.04130859375
0 0.68029296875 0.263671875 0.03953125 0.04162109375
0 0.6801171875 0.3138671875 0.04041015625 0.04115234375
0 0.59259765625 0.3644140625 0.0420703125 0.04109375
0 0.63580078125 0.3897265625 0.04208984375 0.04205078125
0 0.6788671875 0.36494140625 0.04126953125 0.03994140625
0 0.7669140625 0.36505859375 0.0407421875 0.04052734375
0 0.67919921875 0.41568359375 0.04072265625 0.04119140625
0 0.67876953125 0.46576171875 0.0419921875 0.040703125
0 0.63572265625 0.490703125 0.04041015625 0.040546875
0 0.5480078125 0.541171875 0.0409375 0.0404296875
0 0.59166015625 0.56671875 0.0414453125 0.0401953125
0 0.503515625 0.56603515625 0.041875 0.041875
0 0.635078125 0.5426953125 0.04048828125 0.04080078125
0 0.59009765625 0.61818359375 0.04173828125 0.04138671875
0 0.63482421875 0.59189453125 0.04255859375 0.041640625
0 0.6338671875 0.6931640625 0.0408984375 0.041484375
0 0.63287109375 0.7945703125 0.04115234375 0.0419140625
0 0.7628515625 0.92056640625 0.04197265625 0.04083984375
0 0.632265625 0.896015625 0.04189453125 0.04298828125
0 0.67666015625 0.87111328125 0.0404296875 0.0409765625
0 0.58841796875 0.97169921875 0.041171875 0.0402734375
0 0.7193359375 0.94693359375 0.04109375 0.0416796875
0 0.71830078125 0.9888671875 0.04166015625 0.02228515625
0 0.8047265625 0.98873046875 0.04185546875 0.02255859375
0 0.67490234375 0.97115234375 0.0408984375 0.04080078125
0 0.76267578125 0.97158203125 0.04271484375 0.04240234375
0 0.89330078125 0.98904296875 0.04306640625 0.0219140625
0 0.93650390625 0.972109375 0.0421484375 0.040546875
0 0.97955078125 0.988671875 0.04091796875 0.02267578125
0 0.8502734375 0.971796875 0.04041015625 0.042265625
0 0.89203125 0.94673828125 0.04275390625 0.042421875
0 0.80599609375 0.946328125 0.0410546875 0.04125
1 0.6754296875 0.921796875 0.04177734375 0.04099609375
0 0.71966796875 0.89712890625 0.0414453125 0.04076171875
0 0.7195703125 0.8448046875 0.040859375 0.0400390625
0 0.71974609375 0.79568359375 0.03990234375 0.04109375
0 0.8507421875 0.82267578125 0.04134765625 0.04056640625
0 0.76236328125 0.87015625 0.04140625 0.03916015625
0 0.80712890625 0.8965234375 0.03927734375 0.03970703125
0 0.8073828125 0.84595703125 0.04119140625 0.0414453125
0 0.763359375 0.82103515625 0.0415234375 0.04029296875
0 0.85068359375 0.8719921875 0.0430078125 0.04236328125
0 0.84966796875 0.92126953125 0.0415234375 0.04154296875
0 0.8941015625 0.8964453125 0.0412109375 0.0411328125
0 0.9373828125 0.92162109375 0.04130859375 0.04005859375
0 0.9796484375 0.946953125 0.04068359375 0.0404296875
0 0.93806640625 0.8718359375 0.04138671875 0.040859375
0 0.9384765625 0.82162109375 0.041015625 0.04169921875
0 0.89458984375 0.7958984375 0.04025390625 0.0410546875
0 0.895625 0.74521484375 0.04060546875 0.0398828125
0 0.98037109375 0.79708984375 0.0392578125 0.04126953125
1 0.76423828125 0.77044921875 0.04236328125 0.041640625
1 0.807578125 0.795546875 0.0426171875 0.0425
0 0.80833984375 0.74603515625 0.040078125 0.04130859375
0 0.67654296875 0.77025390625 0.03966796875 0.03974609375
0 0.6776171875 0.71923828125 0.0409765625 0.040703125
0 0.7205078125 0.74541015625 0.04111328125 0.0411328125
0 0.72078125 0.6940625 0.040546875 0.04109375
0 0.63439453125 0.64306640625 0.04083984375 0.04185546875
0 0.678046875 0.56701171875 0.0418359375 0.041953125
0 0.6778515625 0.6178125 0.0417578125 0.04291015625
0 0.7654296875 0.6687109375 0.0406640625 0.0398828125
0 0.76521484375 0.61853515625 0.03982421875 0.040859375
0 0.80818359375 0.6941015625 0.0415234375 0.04115234375
0 0.67748046875 0.66904296875 0.04 0.03970703125
0 0.6784375 0.5157421875 0.04177734375 0.04115234375
0 0.72158203125 0.54263671875 0.0415234375 0.04189453125
0 0.765546875 0.56779296875 0.0412890625 0.0406640625
0 0.808984375 0.6436328125 0.0397265625 0.03986328125
0 0.72265625 0.49138671875 0.04111328125 0.04115234375
0 0.76734375 0.41572265625 0.04048828125 0.03990234375
0 0.7659375 0.51634765625 0.0398046875 0.0409375
0 0.80955078125 0.5426953125 0.03974609375 0.03890625
0 0.766796875 0.46671875 0.0396875 0.0408984375
0 0.81130859375 0.39078125 0.04185546875 0.04140625
0 0.85462890625 0.36484375 0.04041015625 0.04046875
1 0.723984375 0.339453125 0.042578125 0.0428515625
0 0.72328125 0.288828125 0.0408984375 0.0420703125
0 0.7673828125 0.31453125 0.04171875 0.04162109375
0 0.7684375 0.21408203125 0.04072265625 0.0409765625
0 0.76896484375 0.1623046875 0.0401953125 0.04142578125
0 0.681328125 0.1121484375 0.04103515625 0.04138671875
0 0.7687890625 0.1117578125 0.04052734375 0.04078125
0 0.724921875 0.08673828125 0.0416796875 0.04166015625
0 0.76919921875 0.06134765625 0.04103515625 0.04
0 0.81298828125 0.03744140625 0.0409375 0.0407421875
0 0.768828125 0.01572265625 0.03875 0.0314453125
0 0.94439453125 0.0166015625 0.04111328125 0.033203125
0 0.98287109375 0.038046875 0.03423828125 0.0413671875
0 0.9433203125 0.06328125 0.03875 0.0394140625
0 0.9828515625 0.08908203125 0.03431640625 0.04060546875
0 0.942890625 0.11322265625 0.04181640625 0.04169921875
0 0.983046875 0.13806640625 0.03390625 0.0409375
0 0.8566015625 0.06224609375 0.0409765625 0.04017578125
0 0.81169921875 0.08607421875 0.03947265625 0.04154296875
0 0.90015625 0.0377734375 0.04142578125 0.04171875
0 0.89984375 0.08755859375 0.0419140625 0.040625
1 0.81251953125 0.13759765625 0.041953125 0.041796875
0 0.98283203125 0.1896484375 0.0343359375 0.0400390625
0 0.94248046875 0.16419921875 0.041640625 0.04123046875
0 0.89888671875 0.13837890625 0.040625 0.04126953125
0 0.89828125 0.188359375 0.04017578125 0.0422265625
1 0.8561328125 0.1132421875 0.04341796875 0.041171875
0 0.8119921875 0.18859375 0.0403515625 0.0410546875
0 0.8558984375 0.16333984375 0.04005859375 0.03990234375
1 0.81173828125 0.2391796875 0.04375 0.04146484375
0 0.9430859375 0.21505859375 0.039921875 0.04091796875
0 0.98279296875 0.240546875 0.03439453125 0.04119140625
0 0.9824609375 0.2907421875 0.035078125 0.0402734375
0 0.94212890625 0.2653515625 0.0401171875 0.0408203125
0 0.85431640625 0.21373046875 0.0405078125 0.0406640625
0 0.85439453125 0.26466796875 0.04021484375 0.04103515625
0 0.89794921875 0.23931640625 0.041015625 0.04224609375
0 0.94123046875 0.467109375 0.04125 0.03859375
0 0.9822265625 0.34134765625 0.035546875 0.0421484375
0 0.98212890625 0.392421875 0.03572265625 0.040625
0 0.9421484375 0.31548828125 0.04080078125 0.0413671875
0 0.9823046875 0.4425390625 0.03541015625 0.0410546875
0 0.94119140625 0.4169140625 0.04166015625 0.03998046875
0 0.98228515625 0.49248046875 0.03541015625 0.04126953125
0 0.98171875 0.54373046875 0.0365625 0.04138671875
0 0.8112109375 0.289765625 0.04052734375 0.0405078125
0 0.85404296875 0.31505859375 0.04001953125 0.04041015625
0 0.81068359375 0.3394140625 0.04255859375 0.0414453125
0 0.89884765625 0.2898828125 0.040546875 0.04107421875
0 0.85458984375 0.46603515625 0.0421484375 0.04208984375
0 0.8543359375 0.4158203125 0.04103515625 0.0403125
0 0.89767578125 0.4417578125 0.0421875 0.04142578125
0 0.80978515625 0.44109375 0.0404296875 0.0425390625
0 0.89765625 0.49287109375 0.04197265625 0.04013671875
0 0.80982421875 0.4917578125 0.04185546875 0.04171875
0 0.89689453125 0.54267578125 0.04041015625 0.04033203125
0 0.853203125 0.51748046875 0.03984375 0.0400390625
0 0.8525390625 0.5691015625 0.04125 0.03884765625
0 0.9405859375 0.5181640625 0.0410546875 0.04125
0 0.98205078125 0.5946875 0.03587890625 0.04025390625
0 0.9813671875 0.6449609375 0.03724609375 0.0418359375
0 0.80890625 0.59375 0.0403515625 0.03974609375
0 0.85240234375 0.619375 0.04041015625 0.04041015625
0 0.7215625 0.59271484375 0.04056640625 0.0396484375
0 0.89517578125 0.69376953125 0.0416796875 0.0397265625
0 0.8946875 0.64388671875 0.0403125 0.03919921875
0 0.94044921875 0.56896484375 0.04134765625 0.0420703125
0 0.98080078125 0.74689453125 0.0383984375 0.0398828125
0 0.93955078125 0.619453125 0.0416015625 0.04083984375
0 0.852109375 0.71990234375 0.04001953125 0.0402734375
0 0.93953125 0.6698046875 0.04087890625 0.040390625
0 0.9393359375 0.72048828125 0.04015625 0.0412109375
0 0.85177734375 0.7702734375 0.0415234375 0.0430078125
0 0.76458984375 0.719296875 0.03962890625 0.04025390625