1 0.11439453125 0.11056640625 0.0432421875 0.04115234375
1 0.33517578125 0.03626953125 0.04115234375 0.03767578125
1 0.11439453125 0.26158203125 0.04185546875 0.0390625
1 0.02685546875 0.36271484375 0.04115234375 0.04044921875
1 0.2451953125 0.238203125 0.039765625 0.039765625
1 0.816484375 0.063828125 0.039765625 0.04115234375
1 0.94935546875 0.19287109375 0.04185546875 0.039765625
1 0.4209765625 0.2392578125 0.04115234375 0.04185546875
1 0.46595703125 0.2640234375 0.0446484375 0.04255859375
1 0.727890625 0.26716796875 0.04255859375 0.0390625
1 0.639296875 0.31599609375 0.04115234375 0.0390625
1 0.2880859375 0.3135546875 0.04044921875 0.039765625
1 0.5517578125 0.36759765625 0.04044921875 0.04044921875
1 0.98478515625 0.36865234375 0.03041015625 0.039765625
1 0.98513671875 0.41921875 0.02970703125 0.04044921875
1 0.507109375 0.3909765625 0.04185546875 0.04115234375
1 0.4645703125 0.41642578125 0.0432421875 0.04185546875
1 0.1573046875 0.4398046875 0.04115234375 0.039765625
1 0.375625 0.46630859375 0.0439453125 0.039765625
1 0.5510546875 0.41677734375 0.04185546875 0.039765625
1 0.63859375 0.4676953125 0.0439453125 0.039765625
1 0.77009765625 0.49455078125 0.0432421875 0.04185546875
1 0.8583203125 0.49560546875 0.04115234375 0.04115234375
1 0.98478515625 0.52140625 0.03041015625 0.039765625
1 0.984453125 0.5719921875 0.03109375 0.0390625
1 0.81369140625 0.56990234375 0.04115234375 0.03767578125
1 0.8583203125 0.59708984375 0.04115234375 0.0390625
1 0.54966796875 0.56884765625 0.04044921875 0.039765625
1 0.59396484375 0.645234375 0.04115234375 0.0432421875
1 0.507109375 0.59431640625 0.04044921875 0.0390625
1 0.46177734375 0.61873046875 0.0432421875 0.04044921875
1 0.111953125 0.567109375 0.04255859375 0.04185546875
1 0.19984375 0.56814453125 0.04115234375 0.038359375
1 0.50501953125 0.69509765625 0.04044921875 0.038359375
1 0.33064453125 0.69474609375 0.04185546875 0.04044921875
1 0.94447265625 0.748125 0.04185546875 0.039765625
1 0.899140625 0.92564453125 0.04044921875 0.04185546875
1 0.54896484375 0.87263671875 0.04185546875 0.04185546875
1 0.50501953125 0.947265625 0.04044921875 0.04185546875
1 0.37248046875 0.9225 0.0390625 0.039765625
1 0.11125 0.76833984375 0.039765625 0.039765625
1 0.11125 0.8192578125 0.04255859375 0.04255859375
1 0.0244140625 0.81892578125 0.0446484375 0.0432421875
1 0.02267578125 0.9190234375 0.04255859375 0.04255859375
1 0.06765625 0.94552734375 0.04044921875 0.038359375
1 0.2861328125 0.76953125 0.0390625 0.04296875
1 0.375 0.72021484375 0.041015625 0.0419921875
0 0.0041015625 0.03462890625 0.00818359375 0.02904296875
0 0.00298828125 0.083046875 0.00595703125 0.02755859375
0 0.00373046875 0.13482421875 0.00744140625 0.02234375
0 0.00298828125 0.1876953125 0.00595703125 0.02830078125
0 0.00298828125 0.2327734375 0.00595703125 0.0245703125
0 0.003359375 0.29048828125 0.00669921875 0.02234375
0 0.02755859375 0.016015625 0.03873046875 0.03203125
0 0.0294140625 0.06033203125 0.04095703125 0.04021484375
0 0.02830078125 0.10875 0.04171875 0.043203125
0 0.0271875 0.20966796875 0.04095703125 0.04095703125
0 0.0271875 0.2614453125 0.04095703125 0.04171875
0 0.02755859375 0.31171875 0.03873046875 0.04095703125
0 0.0271875 0.4133984375 0.03947265625 0.03873046875
0 0.0264453125 0.4658984375 0.04095703125 0.03947265625
0 0.02681640625 0.51505859375 0.043203125 0.03947265625
1 0.00298828125 0.43796875 0.00595703125 0.01638671875
0 0.02533203125 0.567578125 0.04171875 0.03873046875
0 0.02681640625 0.6163671875 0.04171875 0.03798828125
0 0.025703125 0.66701171875 0.04095703125 0.03947265625
0 0.0264453125 0.716171875 0.04095703125 0.03947265625
0 0.025703125 0.76681640625 0.0424609375 0.04095703125
0 0.02345703125 0.869609375 0.04095703125 0.04095703125
0 0.02234375 0.970546875 0.04021484375 0.03724609375
0 0.065546875 0.988984375 0.03724609375 0.02201171875
0 0.06703125 0.896796875 0.04021484375 0.04171875
0 0.06814453125 0.84390625 0.04095703125 0.04171875
0 0.0677734375 0.7936328125 0.03873046875 0.04095703125
0 0.0677734375 0.7441015625 0.04171875 0.043203125
0 0.06814453125 0.69345703125 0.04095703125 0.04021484375
0 0.06927734375 0.64205078125 0.04171875 0.04171875
0 0.06927734375 0.592890625 0.04171875 0.04021484375
0 0.06927734375 0.5426171875 0.04171875 0.0424609375
0 0.06927734375 0.489375 0.04021484375 0.0446875
0 0.07001953125 0.4387109375 0.04021484375 0.04021484375
0 0.070390625 0.3884375 0.03947265625 0.03947265625
0 0.07076171875 0.33853515625 0.04171875 0.0424609375
0 0.07076171875 0.287890625 0.04171875 0.04095703125
0 0.071875 0.23759765625 0.03947265625 0.04171875
0 0.07150390625 0.18806640625 0.04021484375 0.04095703125
0 0.02755859375 0.161640625 0.04171875 0.03873046875
0 0.071875 0.1359375 0.03947265625 0.03947265625
0 0.071875 0.084921875 0.03947265625 0.04021484375
0 0.07298828125 0.03462890625 0.04171875 0.03798828125
0 0.073359375 0.00373046875 0.035 0.00744140625
0 0.11693359375 0.01490234375 0.04171875 0.02978515625
0 0.11693359375 0.05958984375 0.04171875 0.04171875
0 0.11470703125 0.16087890625 0.04021484375 0.04021484375
0 0.11359375 0.2119140625 0.0424609375 0.0424609375
0 0.11396484375 0.31283203125 0.03873046875 0.04021484375
0 0.1143359375 0.36423828125 0.0424609375 0.04171875
0 0.1143359375 0.414140625 0.04095703125 0.03873046875
0 0.11396484375 0.46552734375 0.04021484375 0.04171875
0 0.11171875 0.513203125 0.03724609375 0.04021484375
0 0.112109375 0.61748046875 0.03947265625 0.04171875
0 0.11171875 0.666640625 0.03873046875 0.04021484375
0 0.112109375 0.71916015625 0.04095703125 0.03947265625
0 0.11060546875 0.87072265625 0.03798828125 0.03873046875
0 0.11171875 0.91951171875 0.03873046875 0.03947265625
0 0.11060546875 0.968671875 0.03947265625 0.03947265625
0 0.15306640625 0.9882421875 0.04095703125 0.02349609375
0 0.1541796875 0.9478125 0.04021484375 0.0424609375
0 0.1556640625 0.89419921875 0.04021484375 0.04095703125
0 0.1560546875 0.84578125 0.04095703125 0.0439453125
0 0.1556640625 0.79326171875 0.043203125 0.04171875
0 0.15529296875 0.74484375 0.04095703125 0.04171875
0 0.15529296875 0.69271484375 0.0424609375 0.03873046875
0 0.154921875 0.644296875 0.04021484375 0.04021484375
0 0.15642578125 0.59177734375 0.04021484375 0.04095703125
0 0.1560546875 0.54150390625 0.0424609375 0.04021484375
0 0.15642578125 0.49197265625 0.04171875 0.0424609375
0 0.1590234375 0.3891796875 0.0454296875 0.0454296875
0 0.1575390625 0.33853515625 0.0424609375 0.04095703125
0 0.15791015625 0.28751953125 0.046171875 0.04171875
0 0.1590234375 0.23685546875 0.0439453125 0.04171875
0 0.159765625 0.188828125 0.04095703125 0.04095703125
0 0.16087890625 0.13630859375 0.043203125 0.04021484375
0 0.1605078125 0.08677734375 0.03798828125 0.04095703125
0 0.159765625 0.036875 0.03947265625 0.03798828125
0 0.163125 0.00484375 0.02830078125 0.0096875
0 0.2037109375 0.016015625 0.0439453125 0.03203125
0 0.20408203125 0.060703125 0.043203125 0.03947265625
0 0.20408203125 0.11171875 0.04171875 0.03873046875
0 0.20259765625 0.1605078125 0.04171875 0.04095703125
0 0.20259765625 0.211171875 0.04171875 0.03947265625
0 0.2022265625 0.26255859375 0.03947265625 0.04095703125
0 0.20185546875 0.31208984375 0.0446875 0.04021484375
0 0.20037109375 0.364609375 0.04171875 0.0424609375
0 0.20185546875 0.41302734375 0.04021484375 0.03798828125
0 0.201484375 0.46478515625 0.03947265625 0.043203125
0 0.20185546875 0.51580078125 0.043203125 0.0424609375
0 0.2 0.615625 0.0424609375 0.0424609375
0 0.2 0.6688671875 0.04095703125 0.04021484375
0 0.19923828125 0.71916015625 0.0439453125 0.04095703125
0 0.19849609375 0.76869140625 0.04095703125 0.04021484375
0 0.19849609375 0.8193359375 0.0424609375 0.04171875
0 0.198125 0.87146484375 0.04021484375 0.04021484375
0 0.19775390625 0.921015625 0.03947265625 0.03947265625
0 0.1973828125 0.97017578125 0.04021484375 0.03798828125
0 0.2420703125 0.989375 0.043203125 0.02125
0 0.2428125 0.9478125 0.04171875 0.04095703125
0 0.24244140625 0.89791015625 0.04095703125 0.04095703125
0 0.24244140625 0.8465234375 0.04095703125 0.03650390625
0 0.24244140625 0.79625 0.03947265625 0.04021484375
0 0.24244140625 0.74298828125 0.0439453125 0.03798828125
0 0.24505859375 0.69419921875 0.04171875 0.03873046875
0 0.2428125 0.64578125 0.04171875 0.043203125
0 0.24431640625 0.59328125 0.04171875 0.03947265625
0 0.24431640625 0.54298828125 0.04171875 0.04021484375
0 0.24431640625 0.490859375 0.043203125 0.04171875
0 0.2454296875 0.44021484375 0.03947265625 0.03873046875
0 0.24431640625 0.3910546875 0.04171875 0.04171875
0 0.2446875 0.33927734375 0.0439453125 0.04095703125
0 0.246171875 0.289375 0.04095703125 0.0424609375
0 0.2469140625 0.1876953125 0.03947265625 0.04171875
0 0.2469140625 0.13779296875 0.04095703125 0.04171875
0 0.24802734375 0.08677734375 0.04021484375 0.0424609375
0 0.24765625 0.03537109375 0.03947265625 0.03947265625
0 0.24802734375 0.0041015625 0.03724609375 0.00818359375
0 0.29123046875 0.016015625 0.04171875 0.03203125
0 0.29234375 0.060703125 0.0424609375 0.0424609375
0 0.29048828125 0.1109765625 0.043203125 0.04021484375
0 0.2916015625 0.161640625 0.0424609375 0.04171875
0 0.289375 0.21302734375 0.03947265625 0.04021484375
0 0.2901171875 0.26330078125 0.04095703125 0.04095703125
0 0.289375 0.364609375 0.0424609375 0.03947265625
0 0.28751953125 0.41525390625 0.043203125 0.0424609375
0 0.28826171875 0.4658984375 0.03873046875 0.03798828125
0 0.28900390625 0.51693359375 0.04171875 0.04171875
0 0.287890625 0.567578125 0.03798828125 0.04021484375
0 0.28751953125 0.61822265625 0.043203125 0.04171875
0 0.287890625 0.668125 0.0439453125 0.04171875
0 0.2867578125 0.7202734375 0.03873046875 0.04021484375
0 0.287890625 0.8193359375 0.03947265625 0.04171875
0 0.28564453125 0.86998046875 0.04095703125 0.04171875
0 0.2852734375 0.92138671875 0.04021484375 0.04021484375
0 0.28416015625 0.97166015625 0.0424609375 0.03947265625
0 0.33033203125 0.988984375 0.0424609375 0.02201171875
0 0.32884765625 0.946328125 0.0424609375 0.03947265625
0 0.33033203125 0.896796875 0.04095703125 0.04021484375
0 0.32958984375 0.84689453125 0.04095703125 0.03873046875
0 0.3299609375 0.7969921875 0.04021484375 0.043203125
0 0.33072265625 0.7441015625 0.043203125 0.0446875
0 0.33072265625 0.64466796875 0.03873046875 0.04095703125
0 0.3318359375 0.59328125 0.04095703125 0.0424609375
0 0.332578125 0.54373046875 0.04095703125 0.043203125
0 0.3318359375 0.49271484375 0.0424609375 0.0424609375
0 0.33294921875 0.44318359375 0.04021484375 0.04171875
0 0.33369140625 0.3906640625 0.03873046875 0.0424609375
0 0.33294921875 0.3411328125 0.043203125 0.04021484375
0 0.33369140625 0.29048828125 0.04021484375 0.04171875
0 0.3333203125 0.23873046875 0.04095703125 0.04095703125
0 0.3340625 0.18732421875 0.0424609375 0.0424609375
0 0.3348046875 0.1381640625 0.04095703125 0.03947265625
0 0.335546875 0.0871484375 0.04095703125 0.04021484375
0 0.3348046875 0.0041015625 0.033515625 0.00818359375
0 0.37875 0.01564453125 0.04095703125 0.0312890625
0 0.3794921875 0.06033203125 0.04095703125 0.04021484375
0 0.3794921875 0.11322265625 0.0439453125 0.043203125
0 0.37875 0.163125 0.03947265625 0.04021484375
0 0.377265625 0.2133984375 0.04095703125 0.0424609375
0 0.37763671875 0.26255859375 0.03873046875 0.04095703125
0 0.37689453125 0.315078125 0.03724609375 0.04021484375
0 0.37689453125 0.3638671875 0.03873046875 0.04095703125
0 0.37763671875 0.4163671875 0.04171875 0.03873046875
0 0.37541015625 0.51693359375 0.043203125 0.03873046875
0 0.37578125 0.56794921875 0.0424609375 0.04095703125
0 0.37353515625 0.6193359375 0.0424609375 0.0439453125
0 0.37427734375 0.66849609375 0.04095703125 0.03947265625
0 0.37541015625 0.77017578125 0.043203125 0.03873046875
0 0.37427734375 0.82044921875 0.04095703125 0.03947265625
0 0.37427734375 0.87072265625 0.04095703125 0.04171875
0 0.37353515625 0.97203125 0.03947265625 0.04021484375
0 0.41861328125 0.988984375 0.04171875 0.02201171875
0 0.4182421875 0.9504296875 0.04095703125 0.043203125
0 0.41748046875 0.89828125 0.0439453125 0.043203125
0 0.4182421875 0.84763671875 0.0424609375 0.04021484375
0 0.4182421875 0.79736328125 0.0424609375 0.0424609375
0 0.4178515625 0.74783203125 0.04171875 0.04171875
0 0.41861328125 0.69568359375 0.04171875 0.04021484375
0 0.41861328125 0.64541015625 0.04171875 0.0439453125
0 0.42009765625 0.59439453125 0.04171875 0.04021484375
0 0.4197265625 0.543359375 0.04095703125 0.04095703125
0 0.42009765625 0.49458984375 0.04171875 0.04171875
0 0.4197265625 0.4428125 0.04095703125 0.04095703125
0 0.42046875 0.391796875 0.03947265625 0.043203125
0 0.42046875 0.34076171875 0.03947265625 0.04095703125
0 0.42046875 0.289375 0.04095703125 0.03947265625
0 0.42232421875 0.18845703125 0.0446875 0.04169921875
0 0.42306640625 0.13705078125 0.0446875 0.03724609375
0 0.42306640625 0.08677734375 0.0446875 0.03798828125
0 0.42158203125 0.03576171875 0.04171875 0.03724609375
0 0.4234375 0.00447265625 0.03203125 0.0089453125
0 0.46701171875 0.01564453125 0.04171875 0.0312890625
0 0.46701171875 0.06181640625 0.043203125 0.04171875
0 0.466640625 0.11322265625 0.0439453125 0.043203125
0 0.466640625 0.16423828125 0.0424609375 0.0439453125
0 0.46515625 0.21451171875 0.04095703125 0.04171875
0 0.46515625 0.3143359375 0.0439453125 0.043203125
0 0.46404296875 0.36609375 0.03873046875 0.03947265625
0 0.46330078125 0.4658984375 0.04021484375 0.0424609375
0 0.4629296875 0.51693359375 0.0424609375 0.0446875
0 0.46255859375 0.56720703125 0.043203125 0.04095703125
0 0.46181640625 0.66849609375 0.043203125 0.04095703125
0 0.46181640625 0.7203515625 0.04171875 0.040390625
0 0.46142578125 0.77146484375 0.04095703125 0.0439453125
0 0.46181640625 0.82025390625 0.03873046875 0.04171875
0 0.46142578125 0.87259765625 0.0424609375 0.04095703125
0 0.4603125 0.92212890625 0.04021484375 0.03873046875
0 0.4610546875 0.9712890625 0.04021484375 0.04021484375
0 0.505 0.9901171875 0.04021484375 0.01978515625
0 0.5061328125 0.89978515625 0.03947265625 0.0446875
0 0.505 0.84875 0.04021484375 0.03947265625
0 0.50650390625 0.79662109375 0.04021484375 0.0439453125
0 0.50576171875 0.74671875 0.0446875 0.0424609375
0 0.5061328125 0.64578125 0.03798828125 0.043203125
0 0.5076171875 0.54298828125 0.03947265625 0.03576171875
0 0.5076171875 0.4930859375 0.03947265625 0.04171875
0 0.5076171875 0.44392578125 0.0439453125 0.046171875
0 0.50873046875 0.340390625 0.03873046875 0.04021484375
0 0.50873046875 0.2916015625 0.04021484375 0.04095703125
0 0.5091015625 0.24021484375 0.04095703125 0.0439453125
0 0.50873046875 0.18919921875 0.043203125 0.04021484375
0 0.5105859375 0.13966796875 0.04095703125 0.0424609375
0 0.5105859375 0.087890625 0.03947265625 0.04171875
0 0.51171875 0.03947265625 0.04171875 0.04171875
0 0.5124609375 0.00447265625 0.02978515625 0.0089453125
1 0.7727734375 0.0055859375 0.033515625 0.011171875
0 0.55341796875 0.01638671875 0.04171875 0.0327734375
0 0.55416015625 0.06255859375 0.04171875 0.04171875
0 0.55453125 0.11322265625 0.04095703125 0.043203125
0 0.55341796875 0.16349609375 0.043203125 0.04095703125
0 0.553046875 0.2148828125 0.04095703125 0.03947265625
0 0.55267578125 0.2662890625 0.0446875 0.0424609375
0 0.5523046875 0.31470703125 0.04095703125 0.04095703125
0 0.55193359375 0.46814453125 0.043203125 0.04095703125
0 0.5515625 0.5173046875 0.04095703125 0.0439453125
0 0.5508203125 0.62046875 0.04095703125 0.043203125
0 0.5508203125 0.67037109375 0.03947265625 0.04171875
0 0.54970703125 0.72287109375 0.04021484375 0.04095703125
0 0.55044921875 0.77166015625 0.04021484375 0.04171875
0 0.550078125 0.82193359375 0.0424609375 0.04095703125
0 0.54857421875 0.923984375 0.03947265625 0.04095703125
0 0.54857421875 0.973515625 0.04095703125 0.043203125
0 0.59328125 0.9901171875 0.0424609375 0.01978515625
0 0.5921484375 0.95080078125 0.04021484375 0.04095703125
0 0.592890625 0.89904296875 0.04171875 0.0446875
0 0.59365234375 0.84875 0.03873046875 0.04095703125
0 0.592890625 0.79810546875 0.04021484375 0.0424609375
0 0.5940234375 0.7474609375 0.04095703125 0.04095703125
0 0.59400390625 0.69642578125 0.0424609375 0.043203125
0 0.594765625 0.594765625 0.0439453125 0.0424609375
0 0.59439453125 0.54486328125 0.043203125 0.0424609375
0 0.59587890625 0.49419921875 0.04021484375 0.0424609375
0 0.5955078125 0.4450390625 0.0424609375 0.0439453125
0 0.59625 0.3925390625 0.03947265625 0.04171875
0 0.597734375 0.340390625 0.04095703125 0.04021484375
0 0.5969921875 0.290859375 0.04095703125 0.0424609375
0 0.59736328125 0.24169921875 0.04171875 0.04095703125
0 0.5969921875 0.19068359375 0.0424609375 0.04021484375
0 0.597734375 0.14041015625 0.04095703125 0.04095703125
0 0.59736328125 0.087890625 0.04021484375 0.03873046875
0 0.59849609375 0.03798828125 0.04095703125 0.04021484375
0 0.59736328125 0.00521484375 0.0342578125 0.0104296875
0 0.6428125 0.0167578125 0.04171875 0.033515625
0 0.64318359375 0.0633203125 0.0439453125 0.03873046875
0 0.64205078125 0.11396484375 0.04171875 0.0446875
0 0.6409375 0.16498046875 0.0424609375 0.04693359375
0 0.6409375 0.2167578125 0.04095703125 0.04171875
0 0.6416796875 0.265546875 0.04095703125 0.04095703125
0 0.639453125 0.36794921875 0.0424609375 0.04171875
0 0.6401953125 0.4182421875 0.0424609375 0.03947265625
0 0.6387109375 0.51953125 0.04095703125 0.0439453125
0 0.63833984375 0.5690625 0.04021484375 0.04171875
0 0.6387109375 0.6193359375 0.04095703125 0.04095703125
0 0.63796875 0.6707421875 0.04095703125 0.0424609375
0 0.6387109375 0.721015625 0.04095703125 0.03873046875
0 0.63796875 0.77240234375 0.03947265625 0.04171875
0 0.63759765625 0.82193359375 0.04171875 0.04095703125
0 0.63609375 0.87296875 0.03873046875 0.04021484375
0 0.6372265625 0.9225 0.04095703125 0.04095703125
0 0.63498046875 0.97388671875 0.03947265625 0.03650390625
0 0.68080078125 0.99197265625 0.04171875 0.0160546875
0 0.6800390625 0.95080078125 0.04021484375 0.04095703125
0 0.6800390625 0.8994140625 0.04021484375 0.0439453125
0 0.68080078125 0.8498828125 0.04171875 0.03873046875
0 0.681171875 0.79884765625 0.0424609375 0.03947265625
0 0.6819140625 0.74783203125 0.04095703125 0.043203125
0 0.68228515625 0.69755859375 0.04021484375 0.0424609375
0 0.68265625 0.64765625 0.04095703125 0.0424609375
0 0.68228515625 0.59513671875 0.04021484375 0.04021484375
0 0.68302734375 0.5459765625 0.04171875 0.04171875
0 0.6833984375 0.49458984375 0.03947265625 0.03873046875
0 0.6833984375 0.444296875 0.04095703125 0.0424609375
0 0.68376953125 0.39439453125 0.04171875 0.0424609375
0 0.68451171875 0.34337890625 0.04171875 0.04171875
0 0.68525390625 0.29384765625 0.04021484375 0.0424609375
0 0.6848828125 0.241328125 0.03798828125 0.04171875
0 0.68451171875 0.1903125 0.04021484375 0.04095703125
0 0.685625 0.13927734375 0.04095703125 0.043203125
0 0.68638671875 0.089375 0.04095703125 0.0446875
0 0.68638671875 0.03947265625 0.04095703125 0.03873046875
0 0.685625 0.0041015625 0.035 0.00818359375
0 0.73107421875 0.01712890625 0.0424609375 0.0342578125
0 0.72919921875 0.0648046875 0.04171875 0.04021484375
0 0.7299609375 0.11470703125 0.04171875 0.04171875
0 0.728828125 0.164609375 0.04095703125 0.04021484375
0 0.72771484375 0.2148828125 0.04021484375 0.0424609375
0 0.72771484375 0.31767578125 0.04021484375 0.0424609375
0 0.72697265625 0.36609375 0.04021484375 0.04095703125
0 0.7280859375 0.41673828125 0.0424609375 0.04095703125
0 0.72548828125 0.4677734375 0.04171875 0.043203125
0 0.72548828125 0.51767578125 0.04171875 0.04021484375
0 0.72697265625 0.570546875 0.04171875 0.04171875
0 0.72548828125 0.62046875 0.03724609375 0.04021484375
0 0.725859375 0.671484375 0.03947265625 0.04095703125
0 0.72474609375 0.7217578125 0.04171875 0.043203125
0 0.72474609375 0.77240234375 0.03873046875 0.03724609375
0 0.72474609375 0.82306640625 0.03873046875 0.04171875
0 0.7232421875 0.87408203125 0.04021484375 0.03947265625
0 0.72361328125 0.9232421875 0.03798828125 0.04095703125
0 0.7232421875 0.975 0.043203125 0.04169921875
0 0.76533203125 0.99048828125 0.0424609375 0.0190234375
0 0.7683203125 0.9496875 0.0439453125 0.04021484375
0 0.76755859375 0.8994140625 0.0424609375 0.03798828125
0 0.7683203125 0.8498828125 0.0439453125 0.04171875
0 0.76869140625 0.79810546875 0.043203125 0.0439453125
0 0.76794921875 0.74857421875 0.04021484375 0.04171875
0 0.76943359375 0.69755859375 0.04021484375 0.04095703125
0 0.77017578125 0.647265625 0.04171875 0.046171875
0 0.77017578125 0.59810546875 0.043203125 0.043203125
0 0.7712890625 0.54486328125 0.03798828125 0.03947265625
0 0.77203125 0.44466796875 0.03947265625 0.043203125
0 0.77240234375 0.394765625 0.03873046875 0.04171875
0 0.77240234375 0.34337890625 0.03873046875 0.04021484375
0 0.77353515625 0.2934765625 0.03947265625 0.04171875
0 0.77203125 0.24431640625 0.0424609375 0.0446875
0 0.7746484375 0.1903125 0.0446875 0.04095703125
0 0.77314453125 0.1400390625 0.04171875 0.04021484375
0 0.7727734375 0.09125 0.03947265625 0.04095703125
0 0.77427734375 0.03984375 0.04095703125 0.03947265625
0 0.8178515625 0.0175 0.043203125 0.035
0 0.817109375 0.1143359375 0.04171875 0.0424609375
0 0.81671875 0.1653515625 0.04095703125 0.04171875
0 0.8159765625 0.216015625 0.04095703125 0.04021484375
0 0.81486328125 0.26740234375 0.043203125 0.043203125
0 0.81634765625 0.3165625 0.04021484375 0.04171875
0 0.81560546875 0.369453125 0.04171875 0.043203125
0 0.81375 0.4178515625 0.04095703125 0.03873046875
0 0.815234375 0.46888671875 0.03947265625 0.04095703125
0 0.81375 0.5202734375 0.04095703125 0.04095703125
0 0.81337890625 0.6212109375 0.04021484375 0.0446875
0 0.8130078125 0.6737109375 0.03947265625 0.04095703125
0 0.81263671875 0.72361328125 0.04171875 0.04095703125
0 0.812265625 0.77314453125 0.0454296875 0.04171875
0 0.81263671875 0.8241796875 0.04021484375 0.04095703125
0 0.81189453125 0.87556640625 0.04021484375 0.03947265625
0 0.8111328125 0.92583984375 0.0446875 0.04171875
0 0.81189453125 0.97650390625 0.043203125 0.03724609375
0 0.85470703125 0.990859375 0.0439453125 0.01828125
0 0.85658203125 0.9519140625 0.04171875 0.04171875
0 0.8562109375 0.9008984375 0.04095703125 0.0439453125
0 0.856953125 0.84875 0.0424609375 0.04095703125
0 0.856953125 0.79958984375 0.03947265625 0.0439453125
0 0.856953125 0.74931640625 0.03947265625 0.03873046875
0 0.8576953125 0.6994140625 0.03947265625 0.04171875
0 0.8584375 0.64876953125 0.0439453125 0.043203125
0 0.8584375 0.54708984375 0.04095703125 0.04095703125
0 0.85880859375 0.44466796875 0.043203125 0.04171875
0 0.8584375 0.39439453125 0.0424609375 0.04095703125
0 0.86029296875 0.34412109375 0.0446875 0.043203125
0 0.8591796875 0.2934765625 0.04095703125 0.043203125
0 0.8610546875 0.241328125 0.04171875 0.04021484375
0 0.86029296875 0.1925390625 0.03724609375 0.04095703125
0 0.8606640625 0.14263671875 0.03650390625 0.04095703125
0 0.86142578125 0.0905078125 0.0424609375 0.03947265625
0 0.8606640625 0.04021484375 0.0424609375 0.04021484375
0 0.86328125 0.00521484375 0.0327734375 0.0104296875
0 0.90611328125 0.01787109375 0.04095703125 0.0357421875
0 0.905 0.0648046875 0.043203125 0.04021484375
0 0.90537109375 0.1143359375 0.0424609375 0.03947265625
0 0.90423828125 0.16609375 0.04021484375 0.04171875
0 0.9057421875 0.21638671875 0.043203125 0.0439453125
0 0.9023828125 0.2662890625 0.0424609375 0.04095703125
0 0.903125 0.31693359375 0.04095703125 0.04095703125
0 0.90423828125 0.36794921875 0.04171875 0.04171875
0 0.903125 0.418984375 0.03947265625 0.03947265625
0 0.9023828125 0.4692578125 0.04095703125 0.04171875
0 0.90275390625 0.52064453125 0.04171875 0.043203125
0 0.901640625 0.57130859375 0.03947265625 0.04171875
0 0.9008984375 0.62158203125 0.03947265625 0.0424609375
0 0.9008984375 0.67259765625 0.04095703125 0.04171875
0 0.90126953125 0.7225 0.04171875 0.04171875
0 0.9008984375 0.77314453125 0.03947265625 0.04171875
0 0.89978515625 0.82455078125 0.04171875 0.04171875
0 0.89978515625 0.87408203125 0.04021484375 0.0424609375
0 0.89904296875 0.97462890625 0.03873046875 0.03947265625
0 0.943359375 0.990859375 0.0439453125 0.01828125
0 0.94298828125 0.95154296875 0.04021484375 0.04095703125
0 0.94298828125 0.90052734375 0.04171875 0.043203125
0 0.9441015625 0.850625 0.0454296875 0.04171875
0 0.94447265625 0.79958984375 0.04171875 0.04095703125
0 0.94521484375 0.69904296875 0.03873046875 0.03947265625
0 0.94521484375 0.65025390625 0.04021484375 0.04021484375
0 0.94521484375 0.597734375 0.04021484375 0.04095703125
0 0.94484375 0.5459765625 0.0424609375 0.0446875
0 0.94595703125 0.4964453125 0.04021484375 0.04095703125
0 0.94669921875 0.4454296875 0.03873046875 0.04171875
0 0.946328125 0.39587890625 0.03947265625 0.0439453125
0 0.948203125 0.34337890625 0.03724609375 0.04171875
0 0.9478125 0.29421875 0.03947265625 0.04021484375
0 0.9489453125 0.2405859375 0.04021484375 0.03724609375
0 0.95005859375 0.14041015625 0.0424609375 0.04095703125
0 0.9489453125 0.09236328125 0.04021484375 0.04171875
0 0.9489453125 0.04134765625 0.04171875 0.04095703125
0 0.948203125 0.0055859375 0.02830078125 0.011171875
0 0.98564453125 0.01712890625 0.0287109375 0.0342578125
0 0.9875 0.06517578125 0.025 0.03947265625
0 0.9867578125 0.11544921875 0.026484375 0.03576171875
0 0.98638671875 0.16201171875 0.0272265625 0.03798828125
0 0.986015625 0.214140625 0.02796875 0.03798828125
0 0.98638671875 0.26814453125 0.0272265625 0.03873046875
0 0.986015625 0.31841796875 0.02796875 0.0439453125
0 0.9837890625 0.46814453125 0.03244140625 0.03798828125
0 0.9852734375 0.62083984375 0.029453125 0.03947265625
0 0.9837890625 0.67185546875 0.03244140625 0.04021484375
0 0.9833984375 0.72287109375 0.03318359375 0.03798828125
0 0.98416015625 0.77240234375 0.03169921875 0.043203125
0 0.9837890625 0.82529296875 0.03244140625 0.04171875
0 0.98416015625 0.8759375 0.03169921875 0.0446875
0 0.98302734375 0.923984375 0.03392578125 0.04095703125
0 0.9837890625 0.975 0.03244140625 0.04171875