0 0.0167578125 0.0334765625 0.0334765625 0.066953125
0 0.01953125 0.128359375 0.0390625 0.078125
0 0.0209375 0.2301953125 0.0418359375 0.0753515625
1 0.0223046875 0.331328125 0.0446484375 0.0851171875
0 0.018125 0.430390625 0.0362890625 0.07953125
0 0.020234375 0.525234375 0.04046875 0.0711328125
1 0.018125 0.63265625 0.0362890625 0.087890625
0 0.018125 0.7358984375 0.0362890625 0.07953125
0 0.017421875 0.837734375 0.0348828125 0.0823046875
0 0.020234375 0.9347265625 0.04046875 0.0837109375
1 0.0830078125 0.9722265625 0.087890625 0.0555078125
0 0.0844140625 0.0125390625 0.0823046875 0.0251171875
0 0.0871875 0.0816015625 0.087890625 0.0711328125
0 0.08578125 0.1799609375 0.0851171875 0.0725390625
0 0.08578125 0.284609375 0.07671875 0.069765625
0 0.086484375 0.3780859375 0.0837109375 0.078125
0 0.0830078125 0.486875 0.0823046875 0.078125
0 0.0844140625 0.585234375 0.0823046875 0.0711328125
0 0.0816015625 0.6821875 0.0823046875 0.0753515625
1 0.080234375 0.7882421875 0.087890625 0.0725390625
0 0.078828125 0.8844921875 0.07953125 0.078125
0 0.1708984375 0.0348828125 0.0711328125 0.066953125
0 0.1716015625 0.1325390625 0.078125 0.0753515625
0 0.1694921875 0.2294921875 0.07953125 0.07953125
1 0.1708984375 0.334140625 0.087890625 0.0823046875
0 0.1694921875 0.4366796875 0.0739453125 0.0753515625
0 0.16671875 0.5315234375 0.0851171875 0.0753515625
0 0.168125 0.6375390625 0.087890625 0.078125
0 0.1687890625 0.7380078125 0.0808984375 0.0753515625
0 0.16671875 0.8384375 0.0823046875 0.0753515625
0 0.1625390625 0.9347265625 0.0823046875 0.0725390625
0 0.2608984375 0.0132421875 0.069765625 0.0265234375
0 0.2608984375 0.07953125 0.078125 0.0753515625
0 0.2580859375 0.1806640625 0.0837109375 0.07671875
0 0.2587890625 0.2825 0.07953125 0.0739453125
0 0.2566796875 0.3857421875 0.0753515625 0.07671875
0 0.2573828125 0.4848046875 0.07953125 0.0823046875
0 0.2511328125 0.5831640625 0.0808984375 0.0837109375
0 0.2490234375 0.685 0.07953125 0.0837109375
0 0.2553125 0.79171875 0.089296875 0.07953125
0 0.251796875 0.8956640625 0.087890625 0.0837109375
0 0.2525 0.97640625 0.0920703125 0.0471484375
0 0.3480859375 0.0355859375 0.0823046875 0.0627734375
0 0.3473828125 0.136015625 0.086484375 0.0851171875
0 0.350859375 0.2316015625 0.0851171875 0.0725390625
0 0.3466796875 0.33203125 0.0823046875 0.078125
0 0.3396875 0.4366796875 0.0823046875 0.078125
0 0.3459765625 0.5343359375 0.086484375 0.078125
0 0.3396875 0.633359375 0.0851171875 0.078125
0 0.34390625 0.7380078125 0.09625 0.0725390625
0 0.34109375 0.8356640625 0.0823046875 0.0837109375
0 0.34109375 0.9423828125 0.0851171875 0.07671875
0 0.4324609375 0.011875 0.0641796875 0.0237109375
0 0.4324609375 0.07671875 0.0808984375 0.069765625
0 0.4296875 0.1834375 0.0725390625 0.0823046875
1 0.4331640625 0.2853125 0.087890625 0.0739453125
0 0.42828125 0.3836328125 0.089296875 0.069765625
0 0.431796875 0.488984375 0.0851171875 0.07953125
0 0.42828125 0.5887109375 0.0837109375 0.0725390625
0 0.43109375 0.68359375 0.089296875 0.0753515625
0 0.4269140625 0.79171875 0.078125 0.07953125
0 0.42828125 0.888671875 0.089296875 0.089296875
0 0.4296875 0.9736328125 0.0920703125 0.052734375
0 0.518984375 0.0341796875 0.086484375 0.068359375
1 0.5231640625 0.1297265625 0.0948828125 0.0808984375
0 0.516875 0.2273828125 0.07953125 0.078125
0 0.5217578125 0.3362109375 0.0837109375 0.0920703125
0 0.516875 0.4324609375 0.0851171875 0.078125
0 0.5203515625 0.5343359375 0.078125 0.0808984375
0 0.516171875 0.6389453125 0.0808984375 0.0808984375
0 0.516171875 0.7373046875 0.086484375 0.07953125
0 0.51546875 0.8363671875 0.0823046875 0.07671875
0 0.607578125 0.017421875 0.07671875 0.0348828125
0 0.5133984375 0.938203125 0.0837109375 0.07953125
1 0.613125 0.0851171875 0.0823046875 0.086484375
0 0.6019921875 0.18765625 0.0851171875 0.07671875
1 0.6026953125 0.284609375 0.078125 0.0837109375
1 0.607578125 0.3878515625 0.07953125 0.0808984375
0 0.606171875 0.4924609375 0.07953125 0.089296875
0 0.6019921875 0.5894140625 0.07953125 0.07671875
0 0.5991796875 0.6905859375 0.0823046875 0.0837109375
0 0.603359375 0.78890625 0.0823046875 0.0823046875
1 0.5998828125 0.8942578125 0.086484375 0.086484375
0 0.603359375 0.970859375 0.0851171875 0.0583203125
0 0.6961328125 0.0390625 0.0808984375 0.0641796875
0 0.6940625 0.1339453125 0.0851171875 0.0920703125
0 0.6940625 0.232265625 0.0823046875 0.0823046875
0 0.69546875 0.331328125 0.0851171875 0.0823046875
1 0.69265625 0.44015625 0.0851171875 0.087890625
0 0.693359375 0.5398828125 0.078125 0.0808984375
0 0.6891796875 0.6389453125 0.078125 0.086484375
0 0.6884765625 0.741484375 0.0851171875 0.0823046875
0 0.6863671875 0.840546875 0.0837109375 0.087890625
0 0.68359375 0.9409765625 0.0837109375 0.0851171875
1 0.7840234375 0.0160546875 0.069765625 0.0320703125
0 0.77984375 0.089296875 0.086484375 0.078125
0 0.77984375 0.18484375 0.086484375 0.087890625
0 0.7784765625 0.28109375 0.0837109375 0.087890625
0 0.78125 0.388515625 0.078125 0.07953125
0 0.7777734375 0.4910546875 0.0823046875 0.0808984375
1 0.7777734375 0.5887109375 0.0851171875 0.086484375
0 0.7770703125 0.6884765625 0.0837109375 0.0906640625
0 0.7770703125 0.7875390625 0.0808984375 0.087890625
1 0.7770703125 0.889375 0.086484375 0.0990625
1 0.7756640625 0.9757421875 0.0808984375 0.0485546875
0 0.87125 0.038359375 0.07953125 0.0711328125
1 0.87125 0.1297265625 0.0851171875 0.086484375
1 0.8663671875 0.235078125 0.089296875 0.0823046875
1 0.8635546875 0.3369140625 0.0808984375 0.0906640625
0 0.8663671875 0.4338671875 0.089296875 0.0808984375
1 0.867734375 0.5441015625 0.089296875 0.089296875
0 0.8663671875 0.643125 0.086484375 0.086484375
0 0.8628515625 0.7380078125 0.087890625 0.0808984375
0 0.858671875 0.8426171875 0.07953125 0.086484375
1 0.8642578125 0.9444921875 0.0934765625 0.0837109375
0 0.958984375 0.0132421875 0.0792578125 0.0265234375
1 0.95703125 0.08578125 0.0837109375 0.07953125
0 0.95703125 0.18484375 0.0808984375 0.087890625
1 0.9555078125 0.2853125 0.0890234375 0.0711328125
0 0.954921875 0.3871484375 0.0823046875 0.07671875
0 0.9528515625 0.486875 0.089296875 0.086484375
0 0.9542578125 0.5901171875 0.086484375 0.0837109375
0 0.9521484375 0.6905859375 0.0851171875 0.086484375
0 0.9562109375 0.7882421875 0.0876171875 0.0837109375
0 0.9507421875 0.8914453125 0.0934765625 0.0808984375
0 0.9528515625 0.977109375 0.086484375 0.0457421875