1 0.04791015625 0.06873046875 0.0958203125 0.0833203125
1 0.136953125 0.12080078125 0.094765625 0.0895703125
1 0.32857421875 0.02603515625 0.0926953125 0.0520703125
1 0.41970703125 0.0661328125 0.091640625 0.088515625
1 0.701953125 0.0265625 0.091640625 0.05310546875
1 0.8894140625 0.0255078125 0.097890625 0.05103515625
1 0.79359375 0.06091796875 0.09373046875 0.08435546875
1 0.89044921875 0.11404296875 0.09998046875 0.088515625
1 0.8925390625 0.21974609375 0.097890625 0.09373046875
1 0.79515625 0.16767578125 0.09060546875 0.0895703125
1 0.60560546875 0.169765625 0.09685546875 0.091640625
1 0.3244140625 0.1192578125 0.0926953125 0.09060546875
1 0.420234375 0.1733984375 0.094765625 0.09060546875
1 0.23328125 0.17548828125 0.091640625 0.0926953125
1 0.32544921875 0.22755859375 0.0926953125 0.09060546875
1 0.13904296875 0.23015625 0.0926953125 0.0895703125
1 0.0458203125 0.28484375 0.091640625 0.088515625
1 0.23224609375 0.28380859375 0.097890625 0.09060546875
1 0.42126953125 0.28380859375 0.09060546875 0.09060546875
1 0.51396484375 0.22755859375 0.0926953125 0.0864453125
1 0.703515625 0.22599609375 0.0926953125 0.091640625
1 0.7008984375 0.33326171875 0.09373046875 0.091640625
1 0.7977734375 0.3869140625 0.091640625 0.09060546875
1 0.96970703125 0.3853515625 0.0605859375 0.08748046875
1 0.89201171875 0.437421875 0.088515625 0.08541015625
1 0.97126953125 0.49470703125 0.0574609375 0.08748046875
1 0.89462890625 0.54572265625 0.08748046875 0.091640625
1 0.79880859375 0.49365234375 0.0895703125 0.08748046875
1 0.7040234375 0.442109375 0.0895703125 0.0864453125
1 0.60978515625 0.38794921875 0.09060546875 0.0864453125
1 0.51396484375 0.33431640625 0.09685546875 0.0895703125
1 0.138515625 0.3384765625 0.091640625 0.0895703125
1 0.04791015625 0.39419921875 0.0958203125 0.09060546875
1 0.141640625 0.44939453125 0.0958203125 0.088515625
1 0.23380859375 0.39107421875 0.0926953125 0.09060546875
1 0.32857421875 0.44314453125 0.09060546875 0.09060546875
1 0.3306640625 0.55302734375 0.094765625 0.08748046875
1 0.5165625 0.44314453125 0.0895703125 0.08435546875
1 0.60978515625 0.4978125 0.094765625 0.0895703125
1 0.8008984375 0.60404296875 0.09373046875 0.091640625
1 0.89306640625 0.6561328125 0.09685546875 0.0895703125
1 0.97126953125 0.709765625 0.0574609375 0.0864453125
1 0.518125 0.55197265625 0.09060546875 0.0895703125
1 0.42388671875 0.60666015625 0.091640625 0.088515625
1 0.0484375 0.5025 0.09685546875 0.0926953125
1 0.14373046875 0.55615234375 0.09373046875 0.08748046875
1 0.04791015625 0.60978515625 0.09373046875 0.09060546875
1 0.23537109375 0.60978515625 0.09373046875 0.088515625
1 0.33119140625 0.6608203125 0.0958203125 0.0864453125
1 0.0505078125 0.719140625 0.094765625 0.088515625
1 0.14373046875 0.662890625 0.09373046875 0.0864453125
1 0.23537109375 0.717578125 0.0958203125 0.091640625
1 0.33482421875 0.77224609375 0.0926953125 0.08228515625
1 0.51708984375 0.661328125 0.0926953125 0.08748046875
1 0.70611328125 0.65873046875 0.0895703125 0.08435546875
1 0.89619140625 0.76548828125 0.094765625 0.0895703125
1 0.7993359375 0.71236328125 0.094765625 0.0895703125
1 0.6123828125 0.71236328125 0.091640625 0.09373046875
1 0.70611328125 0.76705078125 0.0958203125 0.0864453125
1 0.8008984375 0.82275390625 0.09373046875 0.08748046875
1 0.89619140625 0.87326171875 0.094765625 0.088515625
1 0.97177734375 0.81859375 0.05642578125 0.08541015625
1 0.89826171875 0.96865234375 0.0864453125 0.06267578125
1 0.9769921875 0.99314453125 0.046015625 0.0137109375
1 0.80140625 0.9269140625 0.094765625 0.08748046875
1 0.6123828125 0.82275390625 0.09373046875 0.0895703125
1 0.518125 0.76912109375 0.0926953125 0.09060546875
1 0.5191796875 0.87744140625 0.09060546875 0.088515625
1 0.61603515625 0.92951171875 0.094765625 0.08435546875
1 0.5207421875 0.96970703125 0.08748046875 0.0605859375
1 0.42751953125 0.82380859375 0.0926953125 0.08748046875
1 0.42701171875 0.9284765625 0.09373046875 0.09060546875
1 0.3322265625 0.8769140625 0.091640625 0.0833203125
1 0.2374609375 0.82587890625 0.0895703125 0.08748046875
1 0.14267578125 0.88056640625 0.091640625 0.09060546875
1 0.2405859375 0.933671875 0.09373046875 0.0864453125
1 0.05310546875 0.935234375 0.09373046875 0.0895703125
1 0.04759765625 0.00611328125 0.05859375 0.01220703125
0 0.04455078125 0.17701171875 0.081796875 0.08544921875
0 0.05248046875 0.8288671875 0.08056640625 0.08056640625
0 0.14220703125 0.0274609375 0.0915625 0.05494140625
0 0.14404296875 0.77271484375 0.0830078125 0.087890625
0 0.146484375 0.9736328125 0.0927734375 0.052734375
0 0.2362109375 0.50109375 0.08177734375 0.08666015625
0 0.23009765625 0.0665234375 0.08912109375 0.0866796875
1 0.32654296875 0.3369140625 0.0866796875 0.08544921875
0 0.42359375 0.3894140625 0.087890625 0.087890625
0 0.41931640625 0.003671875 0.062265625 0.00732421875
0 0.4248046875 0.49744140625 0.0830078125 0.08423828125
0 0.42603515625 0.7159375 0.0830078125 0.08423828125
0 0.3338671875 0.97423828125 0.08421875 0.0515234375
0 0.5157421875 0.02625 0.08423828125 0.0525
0 0.51330078125 0.1171875 0.08421875 0.08544921875
0 0.6073046875 0.06103515625 0.08423828125 0.08056640625
0 0.608515625 0.2783203125 0.08421875 0.08544921875
0 0.6121875 0.60486328125 0.08423828125 0.081796875
0 0.700078125 0.11658203125 0.08423828125 0.0793359375
0 0.70556640625 0.549921875 0.0830078125 0.0866796875
0 0.70984375 0.875234375 0.0866796875 0.08544921875
0 0.7080078125 0.96875 0.087890625 0.0625
0 0.79650390625 0.2783203125 0.08666015625 0.0830078125
0 0.89171875 0.33203125 0.0866796875 0.08056640625
0 0.96814453125 0.0604296875 0.06373046875 0.08423828125
0 0.97302734375 0.166015625 0.05396484375 0.087890625
0 0.971796875 0.27771484375 0.05638671875 0.0891015625
0 0.97240234375 0.602421875 0.05517578125 0.08421875
0 0.97302734375 0.92833984375 0.0539453125 0.08666015625
1 0.426640625 0.9931640625 0.05736328125 0.013671875
1 0.60974609375 0.995 0.0598046875 0.01001953125
1 0.80138671875 0.99560546875 0.06712890625 0.0087890625
1 0.97912109375 0.9931640625 0.0417578125 0.013671875
1 0.00548828125 0.98888671875 0.01099609375 0.0222265625