1 0.03822265625 0.00806640625 0.05775390625 0.0161328125
1 0.03693359375 0.062421875 0.07388671875 0.0721875
1 0.0386328125 0.15201171875 0.077265625 0.071328125
1 0.03693359375 0.2445703125 0.07388671875 0.071328125
1 0.1146484375 0.199140625 0.07642578125 0.0721875
1 0.19404296875 0.24330078125 0.07728515625 0.07048828125
1 0.03822265625 0.42119140625 0.07642578125 0.0679296875
1 0.11505859375 0.37873046875 0.07388671875 0.071328125
1 0.11505859375 0.46748046875 0.0755859375 0.07388671875
1 0.11421875 0.55580078125 0.0721875 0.0687890625
1 0.1919140625 0.33287109375 0.0747265625 0.071328125
1 0.2708984375 0.28873046875 0.071328125 0.0679296875
1 0.2708984375 0.3774609375 0.071328125 0.0721875
1 0.4271484375 0.02759765625 0.0747265625 0.0551953125
1 0.58083984375 0.0288671875 0.07642578125 0.057734375
1 0.50314453125 0.065390625 0.0755859375 0.071328125
1 0.503984375 0.1566796875 0.0755859375 0.07728515625
1 0.65939453125 0.00763671875 0.06029296875 0.01529296875
1 0.73666015625 0.029296875 0.07388671875 0.05859375
1 0.89291015625 0.02845703125 0.0755859375 0.05689453125
1 0.96662109375 0.06708984375 0.06673828125 0.0679296875
1 0.735390625 0.11166015625 0.0747265625 0.0721875
1 0.8139453125 0.15794921875 0.07388671875 0.07302734375
1 0.65853515625 0.15708984375 0.07388671875 0.07302734375
1 0.73666015625 0.20083984375 0.0755859375 0.07388671875
1 0.65853515625 0.244140625 0.07388671875 0.0721875
1 0.42544921875 0.1987109375 0.07302734375 0.06962890625
1 0.34603515625 0.24330078125 0.07728515625 0.07388671875
1 0.58041015625 0.2904296875 0.07388671875 0.071328125
1 0.73708984375 0.29 0.07302734375 0.07048828125
1 0.88994140625 0.29380859375 0.078125 0.07642578125
1 0.96578125 0.33669921875 0.0684375 0.0687890625
1 0.81478515625 0.335 0.0806640625 0.07048828125
1 0.73625 0.380859375 0.0747265625 0.0721875
1 0.347734375 0.3345703125 0.0755859375 0.071328125
1 0.425859375 0.38001953125 0.07048828125 0.0721875
1 0.50314453125 0.422890625 0.0721875 0.071328125
1 0.65853515625 0.42416015625 0.07388671875 0.0721875
1 0.579140625 0.4683203125 0.0747265625 0.07048828125
1 0.42544921875 0.46705078125 0.0747265625 0.06962890625
1 0.34732421875 0.51291015625 0.071328125 0.06962890625
1 0.42544921875 0.55833984375 0.07302734375 0.06708984375
1 0.42458984375 0.648359375 0.071328125 0.07048828125
1 0.50357421875 0.6029296875 0.07642578125 0.06962890625
1 0.58 0.55791015625 0.0747265625 0.06962890625
1 0.65853515625 0.60376953125 0.07728515625 0.071328125
1 0.58 0.648359375 0.0747265625 0.0687890625
1 0.8912109375 0.4691796875 0.07388671875 0.0721875
1 0.81267578125 0.51375 0.0747265625 0.06962890625
1 0.81267578125 0.6025 0.0747265625 0.07048828125
1 0.891640625 0.64962890625 0.0747265625 0.06962890625
1 0.8130859375 0.693359375 0.07388671875 0.07048828125
1 0.5795703125 0.73921875 0.0755859375 0.07388671875
1 0.81267578125 0.78421875 0.071328125 0.07048828125
1 0.89080078125 0.8305078125 0.07642578125 0.071328125
1 0.81181640625 0.87337890625 0.071328125 0.0721875
1 0.34603515625 0.7816796875 0.07388671875 0.07048828125
1 0.501015625 0.87296875 0.078125 0.07302734375
1 0.18978515625 0.86787109375 0.0755859375 0.07302734375
1 0.03693359375 0.9566015625 0.07388671875 0.07388671875
1 0.26919921875 0.98275390625 0.06962890625 0.03447265625
1 0.7349609375 0.9848828125 0.0687890625 0.030234375
1 0.88994140625 0.98404296875 0.07302734375 0.03193359375
1 0.9653515625 0.96169921875 0.069296875 0.07048828125
0 0.0384765625 0.33283203125 0.07025390625 0.07248046875
0 0.0390234375 0.51123046875 0.06912109375 0.0680078125
0 0.0390234375 0.599296875 0.06912109375 0.07470703125
0 0.0384765625 0.68962890625 0.07025390625 0.0680078125
0 0.03958984375 0.7776953125 0.0680078125 0.07025390625
0 0.03623046875 0.86802734375 0.0680078125 0.07025390625
0 0.11373046875 0.98333984375 0.0713671875 0.03330078125
0 0.11427734375 0.91484375 0.07025390625 0.07025390625
0 0.11484375 0.82564453125 0.0713671875 0.07025390625
0 0.11595703125 0.73533203125 0.06912109375 0.07470703125
0 0.11595703125 0.64724609375 0.07359375 0.07248046875
0 0.1170703125 0.2887890625 0.0713671875 0.06912109375
0 0.11763671875 0.10703125 0.07470703125 0.06689453125
0 0.11541015625 0.02732421875 0.07025390625 0.05462890625
0 0.1945703125 0.00724609375 0.05462890625 0.0144921875
0 0.19400390625 0.06466796875 0.06912109375 0.0713671875
0 0.1945703125 0.15443359375 0.07025390625 0.0680078125
0 0.1945703125 0.42369140625 0.07025390625 0.06912109375
0 0.19400390625 0.51234375 0.0713671875 0.0680078125
0 0.19234375 0.60265625 0.0680078125 0.07248046875
0 0.192890625 0.6907421875 0.0713671875 0.07248046875
0 0.1945703125 0.78216796875 0.0680078125 0.07025390625
0 0.1912109375 0.95888671875 0.0680078125 0.06689453125
0 0.270390625 0.914296875 0.07025390625 0.06689453125
0 0.26927734375 0.8267578125 0.07025390625 0.07025390625
0 0.270390625 0.73478515625 0.07248046875 0.06912109375
0 0.26982421875 0.648359375 0.0713671875 0.07248046875
0 0.26927734375 0.55861328125 0.07248046875 0.07359375
0 0.26982421875 0.467734375 0.07359375 0.07025390625
0 0.27150390625 0.200703125 0.0680078125 0.06689453125
0 0.27205078125 0.110390625 0.06689453125 0.06912109375
0 0.27150390625 0.0262109375 0.07248046875 0.05240234375
0 0.34732421875 0.00724609375 0.05240234375 0.0144921875
0 0.35009765625 0.06689453125 0.06912109375 0.06689453125
0 0.34787109375 0.15275390625 0.0713671875 0.06912109375
0 0.34955078125 0.4242578125 0.07025390625 0.07248046875
0 0.3484375 0.6004296875 0.07025390625 0.07025390625
0 0.3484375 0.69185546875 0.0680078125 0.07025390625
0 0.34787109375 0.8696875 0.07359375 0.06912109375
0 0.3467578125 0.95888671875 0.07359375 0.06689453125
0 0.42982421875 0.98669921875 0.06578125 0.02662109375
0 0.42591796875 0.9165234375 0.06912109375 0.06689453125
0 0.4242578125 0.82787109375 0.07025390625 0.07248046875
0 0.4248046875 0.73701171875 0.06912109375 0.0713671875
0 0.42703125 0.2887890625 0.0713671875 0.06912109375
0 0.4242578125 0.1087109375 0.07248046875 0.07025390625
0 0.50341796875 0.00724609375 0.05462890625 0.0144921875
0 0.5028515625 0.24474609375 0.0713671875 0.07025390625
0 0.5028515625 0.3339453125 0.06912109375 0.07025390625
0 0.50119140625 0.51234375 0.07248046875 0.0680078125
0 0.5023046875 0.69296875 0.07248046875 0.07025390625
0 0.50119140625 0.7816015625 0.07025390625 0.06912109375
0 0.500625 0.95833984375 0.0713671875 0.0680078125
0 0.58146484375 0.98669921875 0.07025390625 0.02662109375
0 0.57923828125 0.91763671875 0.07025390625 0.0713671875
0 0.5803515625 0.8284375 0.07248046875 0.0713671875
0 0.58091796875 0.38021484375 0.0713671875 0.0713671875
0 0.5803515625 0.20125 0.07248046875 0.07248046875
0 0.58091796875 0.11150390625 0.0713671875 0.06912109375
0 0.65896484375 0.06857421875 0.0713671875 0.07248046875
0 0.65896484375 0.33505859375 0.06912109375 0.07025390625
0 0.6583984375 0.512890625 0.07025390625 0.0713671875
0 0.6578515625 0.69296875 0.06912109375 0.07025390625
0 0.65951171875 0.78328125 0.0680078125 0.06578125
0 0.6578515625 0.87025390625 0.06912109375 0.07025390625
0 0.65728515625 0.96111328125 0.07025390625 0.06912109375
0 0.73533203125 0.9165234375 0.0680078125 0.06912109375
0 0.7358984375 0.828984375 0.06912109375 0.0680078125
0 0.7364453125 0.73701171875 0.0680078125 0.06912109375
0 0.73533203125 0.6500390625 0.0680078125 0.06689453125
0 0.73533203125 0.5597265625 0.07025390625 0.0713671875
0 0.7364453125 0.47107421875 0.07248046875 0.07025390625
0 0.81115234375 0.00669921875 0.05685546875 0.01337890625
0 0.96892578125 0.008359375 0.053515625 0.01671875
0 0.81505859375 0.0680078125 0.0713671875 0.0713671875
0 0.81283203125 0.24640625 0.0713671875 0.06689453125
0 0.81283203125 0.42537109375 0.06912109375 0.07025390625
0 0.81171875 0.9622265625 0.0713671875 0.06689453125
0 0.8903125 0.9165234375 0.07025390625 0.0713671875
0 0.8903125 0.73923828125 0.07025390625 0.06912109375
0 0.89142578125 0.5597265625 0.07025390625 0.0713671875
0 0.8925390625 0.3796484375 0.06578125 0.07025390625
0 0.893671875 0.20125 0.07248046875 0.0680078125
0 0.8919921875 0.1109375 0.06689453125 0.0680078125
0 0.9671875 0.155546875 0.06564453125 0.07025390625
0 0.96830078125 0.24640625 0.06341796875 0.06466796875
0 0.96607421875 0.42537109375 0.06787109375 0.07248046875
0 0.96607421875 0.51400390625 0.06787109375 0.06912109375
0 0.96662109375 0.60265625 0.0667578125 0.06578125
0 0.96607421875 0.69462890625 0.06787109375 0.0713671875
0 0.9655078125 0.78328125 0.068984375 0.07025390625
0 0.96607421875 0.874140625 0.06787109375 0.06912109375