0 0.15228515625 0.17263671875 0.055703125 0.05541015625
1 0.03779296875 0.03833984375 0.056875 0.0572265625
1 0.50373046875 0.1072265625 0.0576171875 0.05837890625
1 0.5615625 0.07544921875 0.05701171875 0.056171875
1 0.96873046875 0.17794921875 0.05724609375 0.0565625
1 0.50203125 0.310546875 0.05677734375 0.0595703125
1 0.0924609375 0.54439453125 0.05798828125 0.05787109375
1 0.09396484375 0.408046875 0.05609375 0.054453125
1 0.2098828125 0.4768359375 0.0555078125 0.0555078125
1 0.501640625 0.4447265625 0.055546875 0.056328125
1 0.96849609375 0.31322265625 0.05642578125 0.05615234375
1 0.90947265625 0.41376953125 0.05763671875 0.05564453125
1 0.73404296875 0.5138671875 0.05591796875 0.05607421875
1 0.559140625 0.61396484375 0.05572265625 0.05400390625
1 0.5001171875 0.6466015625 0.0550390625 0.05466796875
1 0.79111328125 0.7496875 0.0562109375 0.05515625
1 0.90701171875 0.75072265625 0.0575 0.05576171875
1 0.84916015625 0.784296875 0.05619140625 0.055390625
1 0.789140625 0.8844921875 0.059375 0.05716796875
1 0.78935546875 0.9523046875 0.056875 0.053828125
1 0.4988671875 0.84875 0.0546875 0.05546875
1 0.09150390625 0.746015625 0.05685546875 0.057421875
1 0.0320703125 0.84619140625 0.05755859375 0.05833984375
1 0.20640625 0.8140625 0.05470703125 0.05666015625
1 0.26529296875 0.84783203125 0.05697265625 0.0581640625
1 0.38173828125 0.91587890625 0.0571484375 0.0584375
1 0.49828125 0.97791015625 0.0584375 0.04419921875
1 0.09623046875 0.07208984375 0.0572265625 0.05650390625
0 0.03716796875 0.1058203125 0.0556640625 0.05619140625
0 0.03623046875 0.17291015625 0.05638671875 0.05552734375
0 0.03591796875 0.23978515625 0.0553515625 0.0552734375
0 0.03525390625 0.3064453125 0.05607421875 0.054609375
0 0.0358984375 0.37583984375 0.05654296875 0.05720703125
0 0.03552734375 0.441640625 0.05404296875 0.05587890625
0 0.03494140625 0.508984375 0.0561328125 0.054765625
0 0.0340234375 0.57630859375 0.056015625 0.0545703125
0 0.03326171875 0.64369140625 0.05576171875 0.05541015625
0 0.032421875 0.9134375 0.0551171875 0.05537109375
0 0.03255859375 0.77857421875 0.05708984375 0.0534375
0 0.03271484375 0.71080078125 0.05498046875 0.05544921875
0 0.03154296875 0.9756640625 0.055859375 0.0478515625
0 0.09591796875 0.015703125 0.0571875 0.03140625
0 0.15369140625 0.0380859375 0.05513671875 0.05345703125
0 0.15248046875 0.1062109375 0.0559765625 0.0559765625
0 0.38654296875 0.0403125 0.05208984375 0.05369140625
0 0.3278515625 0.140546875 0.05349609375 0.0548828125
0 0.2693359375 0.10703125 0.05591796875 0.05546875
0 0.3266796875 0.34240234375 0.0526171875 0.05435546875
0 0.7953125 0.075703125 0.05615234375 0.05595703125
0 0.21005859375 0.2740625 0.05529296875 0.056875
0 0.97080078125 0.04220703125 0.05482421875 0.053984375
0 0.91201171875 0.018359375 0.0553125 0.03671875
0 0.97015625 0.11048828125 0.055390625 0.05791015625
0 0.9114453125 0.0758203125 0.05794921875 0.05697265625
0 0.8538671875 0.04205078125 0.05521484375 0.05275390625
0 0.79509765625 0.0181640625 0.05484375 0.036328125
0 0.91091796875 0.14349609375 0.054453125 0.053828125
0 0.089765625 0.94796875 0.05318359375 0.05416015625
1 0.21220703125 0.0161328125 0.05412109375 0.03224609375
1 0.67916015625 0.017734375 0.05625 0.03546875
0 0.5628515625 0.01791015625 0.05515625 0.0358203125
0 0.44509765625 0.01701171875 0.05333984375 0.0340234375
0 0.3295703125 0.01640625 0.05498046875 0.03279296875
0 0.26978515625 0.0380859375 0.05498046875 0.0540625
0 0.3284375 0.0722265625 0.055546875 0.0543359375
0 0.4451953125 0.0740625 0.0544140625 0.0551953125
0 0.50328125 0.040625 0.05384765625 0.056328125
0 0.21080078125 0.07212890625 0.05427734375 0.055234375
0 0.0954296875 0.139765625 0.05453125 0.055234375
0 0.21169921875 0.139765625 0.0550390625 0.05318359375
0 0.09439453125 0.2069140625 0.0550390625 0.05421875
0 0.21080078125 0.207421875 0.05478515625 0.0547265625
0 0.26970703125 0.17283203125 0.0558203125 0.05498046875
0 0.153046875 0.24046875 0.05298828125 0.0534375
0 0.09466796875 0.27275390625 0.05556640625 0.05369140625
0 0.09337890625 0.34181640625 0.05556640625 0.05498046875
0 0.15279296875 0.3072265625 0.05453125 0.05267578125
0 0.15150390625 0.375 0.05556640625 0.05498046875
0 0.15111328125 0.44265625 0.0558203125 0.05548828125
0 0.09337890625 0.47609375 0.0550390625 0.0565234375
0 0.1503515625 0.50927734375 0.0553125 0.0539453125
0 0.09208984375 0.610625 0.05349609375 0.05447265625
0 0.73658203125 0.04166015625 0.05439453125 0.0516015625
0 0.61970703125 0.0404296875 0.05412109375 0.05515625
0 0.6791796875 0.075 0.05494140625 0.0548828125
0 0.6195703125 0.108359375 0.05603515625 0.0559765625
0 0.853515625 0.10984375 0.05546875 0.05484375
0 0.85224609375 0.17732421875 0.0568359375 0.0534765625
0 0.7947265625 0.14373046875 0.05390625 0.0546484375
0 0.73642578125 0.11013671875 0.0552734375 0.05384765625
0 0.9109375 0.211484375 0.0552734375 0.05408203125
0 0.96931640625 0.2451953125 0.05583984375 0.05548828125
0 0.85228515625 0.2443359375 0.05583984375 0.05548828125
0 0.79431640625 0.21021484375 0.05330078125 0.05435546875
0 0.91052734375 0.2783203125 0.05443359375 0.0546484375
0 0.9684765625 0.3795703125 0.054140625 0.0546484375
0 0.9099609375 0.346015625 0.05443359375 0.05576171875
0 0.8521484375 0.311171875 0.0538671875 0.05322265625
0 0.968203125 0.447109375 0.054140625 0.0537890625
0 0.96720703125 0.5148046875 0.0561328125 0.05662109375
0 0.96677734375 0.58220703125 0.054140625 0.05435546875
0 0.908828125 0.54794921875 0.0538671875 0.05521484375
0 0.90939453125 0.48025390625 0.05330078125 0.05408203125
0 0.9083984375 0.61478515625 0.05302734375 0.0523828125
0 0.96650390625 0.6503125 0.05470703125 0.05689453125
0 0.90798828125 0.682890625 0.05556640625 0.054921875
0 0.96677734375 0.71587890625 0.05583984375 0.052109375
0 0.9655078125 0.78357421875 0.05443359375 0.054921875
0 0.90755859375 0.8176953125 0.05640625 0.05548828125
0 0.96580078125 0.85154296875 0.05556640625 0.0537890625
0 0.96466796875 0.98 0.05724609375 0.03998046875
0 0.84748046875 0.9790234375 0.05583984375 0.041953125
0 0.84875 0.9178125 0.0578125 0.0571875
0 0.90642578125 0.95166015625 0.054140625 0.0537890625
0 0.9649609375 0.92021484375 0.05443359375 0.0546484375
0 0.9065625 0.885390625 0.05556640625 0.0537890625
0 0.848046875 0.85154296875 0.054140625 0.05548828125
0 0.79037109375 0.81728515625 0.05443359375 0.05689453125
0 0.73091796875 0.9781640625 0.05541015625 0.04369140625
0 0.73716796875 0.1765234375 0.05265625 0.05640625
0 0.6783203125 0.14216796875 0.05513671875 0.0555859375
0 0.61892578125 0.1753515625 0.05583984375 0.0547265625
0 0.6781640625 0.2094140625 0.05482421875 0.05392578125
0 0.793828125 0.2772265625 0.0544921875 0.05189453125
0 0.7355078125 0.2427734375 0.0541796875 0.05345703125
0 0.7348046875 0.3109375 0.0555859375 0.057109375
0 0.67650390625 0.2777734375 0.05474609375 0.05572265625
0 0.61853515625 0.24396484375 0.053671875 0.05552734375
0 0.85140625 0.37876953125 0.055546875 0.0549609375
0 0.7931640625 0.34609375 0.0541015625 0.0534765625
0 0.7351171875 0.3794140625 0.053046875 0.0532421875
0 0.79259765625 0.41287109375 0.055625 0.052421875
0 0.85076171875 0.44640625 0.05525390625 0.05390625
0 0.7924609375 0.4791796875 0.05470703125 0.05359375
0 0.73376953125 0.44630859375 0.054921875 0.0537109375
0 0.8502734375 0.51423828125 0.05580078125 0.05326171875
0 0.85033203125 0.5816796875 0.05490234375 0.05380859375
0 0.7919921875 0.5471875 0.0548046875 0.05427734375
0 0.791796875 0.61484375 0.05236328125 0.05275390625
0 0.8493359375 0.64849609375 0.05443359375 0.05314453125
0 0.84884765625 0.71666015625 0.05296875 0.05466796875
0 0.7909765625 0.68322265625 0.0527734375 0.0546875
0 0.61396484375 0.9783984375 0.05642578125 0.043203125
0 0.67251953125 0.95166015625 0.05603515625 0.0565625
0 0.73154296875 0.91716796875 0.05587890625 0.0543359375
0 0.61400390625 0.91697265625 0.053671875 0.053515625
0 0.67341796875 0.88466796875 0.055 0.055234375
0 0.7314453125 0.8508203125 0.05494140625 0.05390625
0 0.614765625 0.850078125 0.0551953125 0.0538671875
0 0.67318359375 0.81591796875 0.05357421875 0.0528125
0 0.73275390625 0.783203125 0.0530859375 0.0541796875
0 0.67392578125 0.749296875 0.0555078125 0.054140625
0 0.73248046875 0.71552734375 0.054375 0.05494140625
0 0.7325390625 0.648671875 0.056171875 0.055234375
0 0.674296875 0.68203125 0.05626953125 0.05560546875
0 0.67482421875 0.61462890625 0.05447265625 0.0539453125
0 0.73384765625 0.58150390625 0.05544921875 0.055
0 0.67505859375 0.5473046875 0.05400390625 0.05439453125
0 0.67623046875 0.47951171875 0.0539453125 0.05384765625
0 0.67583984375 0.41216796875 0.05318359375 0.0532421875
0 0.67712890625 0.34533203125 0.0548046875 0.05462890625
0 0.56138671875 0.14076171875 0.053203125 0.05357421875
0 0.5610546875 0.2080859375 0.053828125 0.05361328125
0 0.5030078125 0.1745703125 0.05296875 0.055234375
0 0.44447265625 0.14068359375 0.0543359375 0.054375
0 0.38654296875 0.1073046875 0.0544921875 0.05615234375
0 0.38599609375 0.17462890625 0.05498046875 0.0550390625
0 0.44357421875 0.20876953125 0.0548828125 0.05353515625
0 0.56056640625 0.2761328125 0.05451171875 0.05521484375
0 0.50291015625 0.2428125 0.05369140625 0.054453125
0 0.61859375 0.31083984375 0.05501953125 0.05369140625
0 0.56078125 0.34369140625 0.0549609375 0.0540625
0 0.6182421875 0.37845703125 0.05484375 0.053828125
0 0.61798828125 0.444921875 0.05490234375 0.0526171875
0 0.55986328125 0.4104296875 0.05501953125 0.05287109375
0 0.5012890625 0.3770703125 0.05380859375 0.05439453125
0 0.61775390625 0.51287109375 0.054453125 0.05294921875
0 0.6167578125 0.5803515625 0.05466796875 0.05333984375
0 0.61623046875 0.647734375 0.05529296875 0.05578125
0 0.5573828125 0.68076171875 0.0559765625 0.05537109375
0 0.61564453125 0.71521484375 0.05466796875 0.05435546875
0 0.615078125 0.78173828125 0.05580078125 0.05576171875
0 0.55609375 0.81640625 0.05451171875 0.0552734375
0 0.5565234375 0.8836328125 0.05369140625 0.0551953125
0 0.55609375 0.9508203125 0.05451171875 0.05443359375
0 0.49783203125 0.91611328125 0.05357421875 0.0537109375
0 0.38111328125 0.977734375 0.05544921875 0.04453125
0 0.43912109375 0.94951171875 0.0534765625 0.05291015625
0 0.439453125 0.88345703125 0.05458984375 0.05486328125
0 0.44015625 0.81546875 0.0546484375 0.0534765625
0 0.498046875 0.78271484375 0.052890625 0.053203125
0 0.5572265625 0.7488671875 0.05478515625 0.05419921875
0 0.49916015625 0.7150390625 0.05546875 0.0555078125
0 0.440234375 0.74806640625 0.054296875 0.0548046875
0 0.44125 0.68119140625 0.05447265625 0.05365234375
0 0.44115234375 0.61287109375 0.05611328125 0.05505859375
0 0.49982421875 0.57970703125 0.0568359375 0.05390625
0 0.55849609375 0.5461328125 0.05482421875 0.05439453125
0 0.55865234375 0.4790625 0.05521484375 0.05544921875
0 0.50005859375 0.5119140625 0.056015625 0.05412109375
0 0.26400390625 0.97796875 0.0529296875 0.0440625
0 0.14787109375 0.97740234375 0.054375 0.0451953125
0 0.20583984375 0.948125 0.05384765625 0.05580078125
0 0.32205078125 0.94908203125 0.05404296875 0.05392578125
0 0.1483203125 0.91458984375 0.0552734375 0.05560546875
0 0.2064453125 0.8809765625 0.0550390625 0.05494140625
0 0.264296875 0.91462890625 0.05353515625 0.054921875
0 0.32279296875 0.8819140625 0.055546875 0.05486328125
0 0.08990234375 0.880078125 0.0527734375 0.0537109375
0 0.09015625 0.81263671875 0.05509765625 0.055234375
0 0.14830078125 0.84708984375 0.054609375 0.05443359375
0 0.14845703125 0.78013671875 0.05287109375 0.05484375
0 0.2069921875 0.74623046875 0.05400390625 0.05408203125
0 0.09138671875 0.678125 0.05455078125 0.054921875
0 0.149765625 0.7126171875 0.05455078125 0.05359375
0 0.2075 0.67904296875 0.0544140625 0.0549609375
0 0.149765625 0.6444921875 0.05455078125 0.05498046875
0 0.15095703125 0.57681640625 0.05455078125 0.05544921875
0 0.20826171875 0.5440234375 0.054765625 0.05244140625
0 0.20826171875 0.61056640625 0.054765625 0.05564453125
0 0.38173828125 0.848515625 0.05419921875 0.054765625
0 0.3233984375 0.81533203125 0.05470703125 0.054609375
0 0.26533203125 0.77990234375 0.053671875 0.0533984375
0 0.3818359375 0.78158203125 0.054375 0.0537890625
0 0.3234765625 0.747734375 0.0548828125 0.05318359375
0 0.38265625 0.714609375 0.0564453125 0.05251953125
0 0.2661328125 0.71328125 0.05443359375 0.0530859375
0 0.32474609375 0.6794921875 0.05234375 0.05345703125
0 0.2670703125 0.64576171875 0.05458984375 0.0539453125
0 0.32486328125 0.61171875 0.053828125 0.0537890625
0 0.3821875 0.64576171875 0.05466796875 0.0539453125
0 0.3835546875 0.57953125 0.053984375 0.05357421875
0 0.2669140625 0.57775390625 0.0538671875 0.0533984375
0 0.3255859375 0.54505859375 0.0544140625 0.0525390625
0 0.2671875 0.5109765625 0.05400390625 0.054453125
0 0.26767578125 0.44396484375 0.05541015625 0.0546484375
0 0.32568359375 0.47775390625 0.05419921875 0.0559765625
0 0.21001953125 0.409296875 0.05509765625 0.054453125
0 0.21001953125 0.34220703125 0.05509765625 0.05462890625
0 0.26833984375 0.37595703125 0.05498046875 0.0545703125
0 0.26837890625 0.30869140625 0.05583984375 0.05322265625
0 0.268984375 0.2413671875 0.0540625 0.05171875
0 0.32775390625 0.207578125 0.055703125 0.05310546875
0 0.32708984375 0.2758203125 0.05482421875 0.0534765625
0 0.38568359375 0.24154296875 0.0532421875 0.05328125
0 0.44376953125 0.27634765625 0.0561328125 0.0536328125
0 0.385234375 0.3103515625 0.055625 0.05376953125
0 0.44306640625 0.34373046875 0.0556640625 0.05591796875
0 0.38470703125 0.376328125 0.05595703125 0.05369140625
0 0.32564453125 0.41029296875 0.0546484375 0.05423828125
0 0.38423828125 0.4440234375 0.05501953125 0.05525390625
0 0.44318359375 0.4101953125 0.0554296875 0.0540625
0 0.44177734375 0.47845703125 0.0544921875 0.0534375
0 0.38353515625 0.511015625 0.05455078125 0.0553515625
0 0.4419921875 0.5457421875 0.054453125 0.05552734375