0 0.045625 0.0634375 0.09126953125 0.10802734375
0 0.1512890625 0.02716796875 0.10978515625 0.05431640625
0 0.3778515625 0.02787109375 0.11232421875 0.05572265625
0 0.6023828125 0.027109375 0.11712890625 0.05421875
0 0.8315625 0.02822265625 0.11861328125 0.0564453125
0 0.717109375 0.06572265625 0.1097265625 0.10630859375
1 0.9421484375 0.069921875 0.11134765625 0.1083984375
1 0.37662109375 0.26083984375 0.11248046875 0.11
1 0.26099609375 0.458515625 0.10931640625 0.1123828125
1 0.488125 0.32841796875 0.11283203125 0.10984375
1 0.3729296875 0.6552734375 0.11294921875 0.11390625
1 0.26001953125 0.7206640625 0.11345703125 0.11056640625
1 0.1475 0.78638671875 0.11265625 0.1099609375
1 0.825546875 0.790078125 0.1078125 0.1065625
1 0.9397265625 0.46181640625 0.110703125 0.1126171875
0 0.94205078125 0.1991015625 0.10568359375 0.11060546875
0 0.94001953125 0.330625 0.1042578125 0.10978515625
0 0.83078125 0.13326171875 0.11005859375 0.10556640625
0 0.8271484375 0.26345703125 0.1107421875 0.1073828125
0 0.71556640625 0.19859375 0.1091796875 0.10693359375
0 0.8272265625 0.39513671875 0.10453125 0.10380859375
0 0.93958984375 0.5918359375 0.1068359375 0.10974609375
0 0.93912109375 0.72556640625 0.1058984375 0.1069140625
0 0.93734375 0.85357421875 0.107109375 0.10462890625
0 0.9359765625 0.96640625 0.10916015625 0.0671875
0 0.82255859375 0.9180859375 0.1071875 0.10208984375
0 0.71158203125 0.96640625 0.10765625 0.0671875
0 0.71041015625 0.85279296875 0.10771484375 0.1078515625
0 0.82578125 0.6567578125 0.11123046875 0.1080078125
0 0.71189453125 0.7224609375 0.10494140625 0.1079296875
0 0.8264453125 0.5266796875 0.11017578125 0.106171875
0 0.7147265625 0.3289453125 0.1067578125 0.1077734375
0 0.71357421875 0.4609375 0.10923828125 0.10626953125
0 0.71333984375 0.5930078125 0.10640625 0.10728515625
0 0.60357421875 0.13177734375 0.10453125 0.1033203125
0 0.48935546875 0.0662890625 0.11048828125 0.10626953125
0 0.601953125 0.2622265625 0.1084375 0.10828125
0 0.48966796875 0.19734375 0.11111328125 0.10765625
0 0.60140625 0.39419921875 0.10732421875 0.10673828125
0 0.6001953125 0.524140625 0.10732421875 0.1058984375
0 0.60017578125 0.65708984375 0.107265625 0.10630859375
0 0.5994140625 0.78802734375 0.110546875 0.10505859375
0 0.59759765625 0.91806640625 0.1069140625 0.10921875
0 0.48505859375 0.96521484375 0.11384765625 0.0695703125
0 0.37029296875 0.91703125 0.11037109375 0.10716796875
0 0.4853125 0.85373046875 0.10716796875 0.10970703125
0 0.25908203125 0.96640625 0.10916015625 0.0671875
0 0.04251953125 0.96341796875 0.08505859375 0.0731640625
0 0.04322265625 0.8500390625 0.0864453125 0.1047265625
0 0.14576171875 0.91619140625 0.10736328125 0.10548828125
0 0.043046875 0.7191015625 0.08609375 0.108359375
0 0.2594921875 0.85171875 0.11 0.10498046875
0 0.37228515625 0.7860546875 0.11072265625 0.11068359375
0 0.4866015625 0.722109375 0.109765625 0.10716796875
0 0.48796875 0.59078125 0.10533203125 0.10521484375
0 0.37267578125 0.523046875 0.10912109375 0.11087890625
0 0.4873046875 0.45849609375 0.10875 0.10853515625
0 0.37486328125 0.3944921875 0.10873046875 0.10732421875
0 0.26408203125 0.3275390625 0.1048046875 0.10974609375
0 0.2648046875 0.19587890625 0.10865234375 0.10712890625
0 0.37748046875 0.1303125 0.1091796875 0.1075390625
0 0.26328125 0.06435546875 0.10521484375 0.1077734375
0 0.148984375 0.1281640625 0.106640625 0.10564453125
0 0.04541015625 0.1944921875 0.09080078125 0.10673828125
0 0.04408203125 0.32578125 0.08814453125 0.10689453125
0 0.15017578125 0.2603125 0.11140625 0.111640625
0 0.1479296875 0.391015625 0.109296875 0.11232421875
0 0.04431640625 0.45921875 0.08861328125 0.10759765625
0 0.04435546875 0.58857421875 0.0887109375 0.105625
0 0.14986328125 0.52189453125 0.11078125 0.1085546875
0 0.146171875 0.6555859375 0.1081640625 0.1080859375
0 0.2594921875 0.59052734375 0.107578125 0.107109375