0 0.0462109375 0.02201171875 0.0698046875 0.0440234375
0 0.04572265625 0.08888671875 0.0666015625 0.06720703125
0 0.2581640625 0.132265625 0.06845703125 0.06677734375
1 0.397265625 0.37697265625 0.069296875 0.0699609375
0 0.2565625 0.37642578125 0.0675 0.067109375
0 0.04212890625 0.66005859375 0.06779296875 0.0678125
0 0.0402734375 0.8239453125 0.06595703125 0.06912109375
1 0.32333984375 0.9771875 0.07015625 0.04560546875
1 0.3933984375 0.94765625 0.06919921875 0.06998046875
1 0.46396484375 0.908125 0.0678515625 0.0675390625
0 0.53396484375 0.948359375 0.06677734375 0.06849609375
0 0.74625 0.9090625 0.066171875 0.06740234375
0 0.9580078125 0.95072265625 0.06603515625 0.0676953125
0 0.9587890625 0.78833984375 0.06619140625 0.067421875
0 0.88921875 0.66388671875 0.06609375 0.067109375
0 0.81984375 0.5430859375 0.06869140625 0.06826171875
0 0.9607421875 0.3801953125 0.06494140625 0.06759765625
0 0.8196484375 0.46107421875 0.0670703125 0.06748046875
0 0.82162109375 0.2982421875 0.06513671875 0.0695703125
0 0.96326171875 0.0548046875 0.0664453125 0.06654296875
0 0.75267578125 0.023515625 0.06890625 0.04705078125
0 0.116171875 0.04986328125 0.06619140625 0.06765625
0 0.18857421875 0.02140625 0.06943359375 0.0428125
0 0.18798828125 0.09181640625 0.06775390625 0.06779296875
0 0.1162890625 0.13142578125 0.067265625 0.0671875
0 0.04591796875 0.172421875 0.06732421875 0.06869140625
0 0.045078125 0.2540234375 0.06896484375 0.066953125
0 0.11513671875 0.21271484375 0.066796875 0.06685546875
0 0.11541015625 0.2933984375 0.06669921875 0.06775390625
0 0.04380859375 0.33404296875 0.06732421875 0.0675
0 0.114140625 0.37669921875 0.06703125 0.066640625
0 0.04384765625 0.41638671875 0.06640625 0.06845703125
0 0.043046875 0.49640625 0.06828125 0.0640234375
0 0.11369140625 0.4571875 0.0684375 0.06837890625
0 0.1132421875 0.537890625 0.0665234375 0.06646484375
0 0.04248046875 0.74189453125 0.06720703125 0.06810546875
1 0.0403125 0.9049609375 0.068203125 0.0678125
0 0.03958984375 0.97599609375 0.068671875 0.0480078125
0 0.10990234375 0.9453515625 0.06544921875 0.0638671875
0 0.11171875 0.78255859375 0.0678125 0.068203125
0 0.042265625 0.57826171875 0.067265625 0.0664453125
0 0.33037109375 0.02150390625 0.06849609375 0.0430078125
0 0.258671875 0.05068359375 0.06521484375 0.0654296875
0 0.32896484375 0.09224609375 0.06673828125 0.0686328125
1 0.328515625 0.173671875 0.06974609375 0.067734375
0 0.187734375 0.17220703125 0.06822265625 0.06892578125
0 0.25685546875 0.2123828125 0.06666015625 0.06693359375
0 0.1862109375 0.2537890625 0.068125 0.06833984375
0 0.185234375 0.33466796875 0.065 0.0673046875
0 0.25712890625 0.29572265625 0.06736328125 0.0663671875
0 0.1848828125 0.4169140625 0.06453125 0.06701171875
0 0.2554296875 0.45818359375 0.06498046875 0.06607421875
0 0.184921875 0.499140625 0.06615234375 0.06802734375
0 0.112890625 0.62 0.06625 0.06697265625
0 0.1134375 0.70048828125 0.066796875 0.0681640625
0 0.11109375 0.8651171875 0.06638671875 0.0695703125
0 0.18078125 0.97716796875 0.06982421875 0.0456640625
0 0.25203125 0.94658203125 0.06578125 0.06724609375
0 0.18294921875 0.9061328125 0.06869140625 0.0720703125
1 0.25333984375 0.86541015625 0.0671484375 0.07025390625
0 0.18234375 0.82361328125 0.068671875 0.06865234375
0 0.25328125 0.7844921875 0.06708984375 0.0674609375
0 0.1826953125 0.74279296875 0.06677734375 0.06724609375
0 0.25359375 0.7019921875 0.06505859375 0.06513671875
0 0.18310546875 0.6599609375 0.06564453125 0.06720703125
0 0.18357421875 0.58009765625 0.06625 0.0678125
0 0.2539453125 0.62171875 0.06662109375 0.06556640625
0 0.25443359375 0.53947265625 0.06587890625 0.06564453125
0 0.3266015625 0.25431640625 0.06873046875 0.06654296875
0 0.32626953125 0.33603515625 0.068203125 0.06787109375
0 0.3259765625 0.41841796875 0.06728515625 0.06580078125
0 0.32443359375 0.4988671875 0.06466796875 0.065625
0 0.396171875 0.45875 0.06705078125 0.06775390625
0 0.39599609375 0.53953125 0.06744140625 0.06931640625
0 0.32451171875 0.580546875 0.06560546875 0.06662109375
1 0.3958203125 0.6220703125 0.07021484375 0.0687890625
0 0.3235546875 0.66287109375 0.06810546875 0.06591796875
0 0.32357421875 0.74455078125 0.06529296875 0.065546875
0 0.32396484375 0.824921875 0.067578125 0.06556640625
0 0.32326171875 0.906015625 0.0670703125 0.0655859375
0 0.39380859375 0.8661328125 0.06669921875 0.06541015625
1 0.46384765625 0.97740234375 0.0684375 0.04517578125
0 0.60521484375 0.97775390625 0.06783203125 0.0444921875
0 0.6758203125 0.948515625 0.06427734375 0.0689453125
0 0.74572265625 0.97919921875 0.07109375 0.0416015625
0 0.887265625 0.9790234375 0.06896484375 0.041953125
0 0.88685546875 0.9096875 0.06630859375 0.0687109375
0 0.816328125 0.950078125 0.06521484375 0.0680859375
0 0.9584765625 0.87033203125 0.0658203125 0.0677734375
0 0.8878125 0.8288671875 0.0669921875 0.0658203125
1 0.88873046875 0.7478125 0.06958984375 0.067109375
0 0.95896484375 0.70587890625 0.06599609375 0.06671875
0 0.960859375 0.54373046875 0.06544921875 0.0669921875
0 0.96126953125 0.46251953125 0.0676171875 0.067890625
0 0.9627734375 0.29912109375 0.066484375 0.065
0 0.96228515625 0.217265625 0.06900390625 0.06748046875
0 0.96228515625 0.13607421875 0.06798828125 0.06875
0 0.89421875 0.02349609375 0.06615234375 0.0469921875
0 0.8225 0.05408203125 0.0673828125 0.06669921875
0 0.89236328125 0.0944140625 0.06640625 0.06703125
0 0.47056640625 0.0223046875 0.06677734375 0.044609375
0 0.46853515625 0.09146484375 0.06763671875 0.06830078125
0 0.39884765625 0.05107421875 0.0660546875 0.06546875
0 0.3990234375 0.13267578125 0.0658984375 0.06791015625
0 0.5407421875 0.05298828125 0.0683984375 0.06943359375
0 0.6119921875 0.0234765625 0.0672265625 0.04697265625
0 0.68212890625 0.0533984375 0.06931640625 0.0684375
0 0.822890625 0.21583984375 0.06763671875 0.06982421875
0 0.82208984375 0.13595703125 0.06962890625 0.06625
0 0.89224609375 0.17595703125 0.0663671875 0.0678515625
0 0.8914453125 0.25802734375 0.06841796875 0.0688671875
0 0.89076171875 0.33927734375 0.06822265625 0.06662109375
0 0.89005859375 0.50220703125 0.06833984375 0.0687890625
0 0.88986328125 0.5834375 0.06658203125 0.067890625
1 0.95978515625 0.62578125 0.06677734375 0.06970703125
0 0.81814453125 0.624453125 0.06673828125 0.0682421875
0 0.397890625 0.213515625 0.067265625 0.06791015625
0 0.46837890625 0.1726953125 0.0678125 0.06517578125
0 0.53978515625 0.13302734375 0.06623046875 0.06630859375
0 0.61044921875 0.09314453125 0.067421875 0.069140625
0 0.7512890625 0.09431640625 0.06787109375 0.06859375
0 0.68087890625 0.1341015625 0.06638671875 0.06822265625
0 0.751171875 0.17576171875 0.06587890625 0.06666015625
0 0.60955078125 0.17494140625 0.06646484375 0.06861328125
0 0.53904296875 0.2148828125 0.06630859375 0.06705078125
0 0.468359375 0.25568359375 0.06912109375 0.0703515625
0 0.3971875 0.2960546875 0.06703125 0.0677734375
0 0.46703125 0.4997265625 0.06583984375 0.0683203125
0 0.4656640625 0.581875 0.06775390625 0.0695703125
1 0.466015625 0.66400390625 0.0668359375 0.0688671875
0 0.395078125 0.7019921875 0.063828125 0.06568359375
0 0.39359375 0.78423828125 0.0661328125 0.06751953125
0 0.53541015625 0.8662109375 0.0674609375 0.06736328125
0 0.4642578125 0.82658203125 0.06708984375 0.068046875
0 0.46412109375 0.7444140625 0.06626953125 0.06736328125
0 0.46818359375 0.41865234375 0.0680078125 0.06837890625
0 0.4678125 0.33732421875 0.0665625 0.068515625
0 0.53939453125 0.296484375 0.06798828125 0.06712890625
0 0.6797265625 0.2155859375 0.06669921875 0.06623046875
0 0.6793359375 0.2973828125 0.06482421875 0.06853515625
0 0.750546875 0.2575390625 0.0671484375 0.06650390625
0 0.8908984375 0.421640625 0.06728515625 0.06755859375
0 0.820078125 0.38013671875 0.0662890625 0.065625
0 0.74990234375 0.33890625 0.06662109375 0.068984375
0 0.67916015625 0.37873046875 0.0670703125 0.06791015625
0 0.6098828125 0.2553515625 0.0664453125 0.0678125
0 0.538046875 0.3771484375 0.066875 0.06626953125
0 0.609296875 0.33716796875 0.0660546875 0.06576171875
0 0.6079296875 0.41876953125 0.06453125 0.06759765625
0 0.538359375 0.4597265625 0.06830078125 0.06734375
0 0.748984375 0.4205859375 0.06701171875 0.06787109375
0 0.67822265625 0.45970703125 0.066953125 0.06669921875
0 0.74818359375 0.50138671875 0.06697265625 0.06724609375
1 0.6777734375 0.541953125 0.06697265625 0.06826171875
0 0.537734375 0.5397265625 0.0665234375 0.06662109375
0 0.6072265625 0.58220703125 0.065546875 0.06630859375
0 0.6084765625 0.5007421875 0.06623046875 0.0673046875
0 0.67765625 0.62345703125 0.06466796875 0.0681640625
1 0.53669921875 0.62248046875 0.0700390625 0.068125
0 0.536015625 0.7031640625 0.06763671875 0.06796875
0 0.60705078125 0.66341796875 0.0671875 0.06638671875
0 0.60671875 0.74509765625 0.065546875 0.06646484375
0 0.53521484375 0.784765625 0.0673046875 0.06642578125
0 0.67603515625 0.7873046875 0.0653125 0.0659765625
0 0.6055859375 0.82630859375 0.0651171875 0.06775390625
0 0.60568359375 0.9080078125 0.0660546875 0.0675390625
0 0.6755859375 0.86841796875 0.06640625 0.0645703125
0 0.816171875 0.86939453125 0.06783203125 0.06625
0 0.746953125 0.82818359375 0.0643359375 0.066171875
0 0.81767578125 0.78703125 0.06658203125 0.06640625
0 0.74826171875 0.74583984375 0.0669921875 0.06744140625
0 0.67697265625 0.70509765625 0.06634765625 0.06740234375
0 0.7470703125 0.66453125 0.06822265625 0.066796875
1 0.818515625 0.705703125 0.0670703125 0.06810546875
0 0.74765625 0.58287109375 0.06765625 0.0633984375