1 0.32552734375 0.0546875 0.05599609375 0.0546875
1 0.15005859375 0.15396484375 0.05404296875 0.05142578125
1 0.08951171875 0.38931640625 0.05404296875 0.0546875
1 0.14876953125 0.423828125 0.05923828125 0.0546875
1 0.03091796875 0.75912109375 0.05794921875 0.05728515625
1 0.02962890625 0.89388671875 0.05923828125 0.05728515625
1 0.14583984375 0.96126953125 0.0546875 0.052734375
1 0.3232421875 0.25619140625 0.056640625 0.05533203125
1 0.2626953125 0.62533203125 0.05533203125 0.05404296875
1 0.2041015625 0.7265625 0.05533203125 0.05337890625
1 0.20376953125 0.79427734375 0.05599609375 0.05337890625
1 0.55630859375 0.19107421875 0.05923828125 0.05404296875
1 0.671875 0.25814453125 0.05728515625 0.05404296875
1 0.55501953125 0.32486328125 0.05533203125 0.0546875
1 0.9658203125 0.091796875 0.05533203125 0.0546875
1 0.96419921875 0.22591796875 0.05728515625 0.05337890625
1 0.96224609375 0.4287109375 0.0546875 0.052734375
1 0.380859375 0.42513671875 0.05728515625 0.05337890625
1 0.37955078125 0.55923828125 0.05599609375 0.0546875
1 0.43716796875 0.59212890625 0.05533203125 0.05533203125
1 0.49609375 0.62728515625 0.05728515625 0.05533203125
1 0.55337890625 0.52734375 0.0546875 0.05337890625
1 0.669921875 0.59537109375 0.05208984375 0.05404296875
1 0.73013671875 0.62955078125 0.056640625 0.05208984375
1 0.9609375 0.63052734375 0.05599609375 0.05533203125
1 0.84439453125 0.69759765625 0.0546875 0.05533203125
1 0.96029296875 0.76626953125 0.05599609375 0.0546875
1 0.9599609375 0.900390625 0.056640625 0.05337890625
0 0.037109375 0.02294921875 0.056640625 0.0458984375
0 0.03466796875 0.08544921875 0.0537109375 0.0537109375
0 0.03515625 0.1533203125 0.052734375 0.056640625
0 0.03466796875 0.220703125 0.0517578125 0.05078125
0 0.033203125 0.2890625 0.0546875 0.0546875
0 0.03271484375 0.35498046875 0.0556640625 0.0556640625
0 0.03271484375 0.4228515625 0.0537109375 0.052734375
0 0.03173828125 0.48828125 0.0517578125 0.052734375
0 0.0322265625 0.5556640625 0.052734375 0.0546875
0 0.03173828125 0.62353515625 0.0537109375 0.0517578125
0 0.03076171875 0.69091796875 0.0537109375 0.0537109375
0 0.03271484375 0.8251953125 0.0537109375 0.052734375
0 0.03076171875 0.95947265625 0.0537109375 0.0517578125
0 0.09375 0.00634765625 0.048828125 0.0126953125
0 0.09423828125 0.052734375 0.0556640625 0.0546875
0 0.0927734375 0.11962890625 0.0546875 0.0537109375
0 0.09326171875 0.1865234375 0.0537109375 0.052734375
0 0.09326171875 0.25634765625 0.0576171875 0.0576171875
0 0.0927734375 0.3203125 0.056640625 0.056640625
0 0.0888671875 0.45654296875 0.056640625 0.0556640625
0 0.08935546875 0.5244140625 0.0537109375 0.0546875
0 0.08935546875 0.5927734375 0.0537109375 0.052734375
0 0.08740234375 0.658203125 0.0537109375 0.052734375
0 0.08837890625 0.72509765625 0.0537109375 0.0556640625
0 0.0869140625 0.79248046875 0.056640625 0.0556640625
0 0.087890625 0.859375 0.056640625 0.056640625
0 0.0869140625 0.92724609375 0.056640625 0.0576171875
0 0.08740234375 0.98291015625 0.0556640625 0.0341796875
0 0.150390625 0.0244140625 0.052734375 0.048828125
0 0.1513671875 0.0869140625 0.0546875 0.052734375
0 0.1513671875 0.22216796875 0.052734375 0.0537109375
0 0.1494140625 0.28857421875 0.052734375 0.0576171875
0 0.14892578125 0.35400390625 0.0556640625 0.0537109375
0 0.14794921875 0.4931640625 0.0556640625 0.056640625
0 0.14794921875 0.5556640625 0.0556640625 0.052734375
0 0.14697265625 0.62451171875 0.0576171875 0.0576171875
0 0.1455078125 0.69140625 0.0546875 0.052734375
0 0.146484375 0.75830078125 0.052734375 0.0537109375
0 0.1455078125 0.82666015625 0.0546875 0.0537109375
0 0.14501953125 0.89453125 0.0517578125 0.052734375
0 0.2109375 0.0087890625 0.048828125 0.017578125
0 0.21044921875 0.05322265625 0.0537109375 0.0537109375
0 0.208984375 0.12158203125 0.0546875 0.0537109375
0 0.21044921875 0.18798828125 0.0556640625 0.0498046875
0 0.20703125 0.25732421875 0.056640625 0.0556640625
0 0.20654296875 0.32373046875 0.0537109375 0.0556640625
0 0.20556640625 0.39013671875 0.0556640625 0.0556640625
0 0.20458984375 0.45654296875 0.0537109375 0.0537109375
0 0.20654296875 0.52490234375 0.0537109375 0.0537109375
0 0.20654296875 0.591796875 0.0537109375 0.05078125
0 0.20361328125 0.66015625 0.0537109375 0.052734375
0 0.205078125 0.8623046875 0.0546875 0.052734375
0 0.203125 0.92724609375 0.0546875 0.0517578125
0 0.2021484375 0.98388671875 0.056640625 0.0322265625
0 0.2685546875 0.0244140625 0.056640625 0.048828125
0 0.26708984375 0.0888671875 0.0556640625 0.056640625
0 0.26513671875 0.15673828125 0.0556640625 0.0556640625
0 0.2666015625 0.22119140625 0.0546875 0.0556640625
0 0.26513671875 0.28955078125 0.0556640625 0.0537109375
0 0.26611328125 0.35546875 0.0556640625 0.052734375
0 0.265625 0.42333984375 0.0546875 0.0537109375
0 0.26416015625 0.490234375 0.0556640625 0.052734375
0 0.26318359375 0.55859375 0.0556640625 0.0546875
0 0.26318359375 0.6923828125 0.0517578125 0.0546875
0 0.26318359375 0.76123046875 0.0556640625 0.0537109375
0 0.26171875 0.82861328125 0.052734375 0.0556640625
0 0.26220703125 0.89599609375 0.0537109375 0.0537109375
0 0.26123046875 0.9638671875 0.0556640625 0.056640625
0 0.3251953125 0.00732421875 0.048828125 0.0146484375
0 0.32470703125 0.12158203125 0.0576171875 0.0537109375
0 0.32275390625 0.1904296875 0.0556640625 0.052734375
0 0.3232421875 0.32568359375 0.056640625 0.0517578125
0 0.32373046875 0.39111328125 0.0537109375 0.0556640625
0 0.3212890625 0.45751953125 0.056640625 0.0537109375
0 0.32177734375 0.52587890625 0.0556640625 0.0517578125
0 0.32080078125 0.5927734375 0.0517578125 0.05078125
0 0.32080078125 0.65966796875 0.0537109375 0.0537109375
0 0.3203125 0.7275390625 0.0546875 0.052734375
0 0.3212890625 0.79443359375 0.0546875 0.0556640625
0 0.32080078125 0.8603515625 0.0517578125 0.0546875
0 0.31982421875 0.92822265625 0.0517578125 0.0517578125
0 0.31884765625 0.98388671875 0.0478515625 0.0322265625
0 0.38330078125 0.025390625 0.0498046875 0.05078125
0 0.38330078125 0.087890625 0.0517578125 0.052734375
0 0.3828125 0.15576171875 0.052734375 0.0517578125
0 0.380859375 0.2236328125 0.0546875 0.05078125
0 0.3828125 0.29150390625 0.0546875 0.0517578125
0 0.380859375 0.3564453125 0.052734375 0.05078125
0 0.380859375 0.49267578125 0.0546875 0.0537109375
0 0.37939453125 0.62744140625 0.0556640625 0.0517578125
0 0.38037109375 0.69580078125 0.0537109375 0.0556640625
0 0.37890625 0.76171875 0.0546875 0.0546875
0 0.37841796875 0.828125 0.0537109375 0.0546875
0 0.37744140625 0.89599609375 0.0576171875 0.0576171875
0 0.3779296875 0.96142578125 0.05859375 0.0537109375
0 0.44189453125 0.0078125 0.0478515625 0.015625
0 0.44140625 0.05517578125 0.0546875 0.0556640625
0 0.44091796875 0.12255859375 0.0556640625 0.0576171875
0 0.44091796875 0.18896484375 0.0537109375 0.0537109375
0 0.439453125 0.2568359375 0.0546875 0.0546875
0 0.43994140625 0.32470703125 0.0556640625 0.0517578125
0 0.4384765625 0.392578125 0.0546875 0.0546875
0 0.43798828125 0.45751953125 0.0537109375 0.0537109375
0 0.4384765625 0.5263671875 0.0546875 0.0546875
0 0.4365234375 0.66015625 0.052734375 0.0546875
0 0.43701171875 0.72705078125 0.0556640625 0.0537109375
0 0.43701171875 0.794921875 0.0556640625 0.056640625
0 0.43505859375 0.86279296875 0.0576171875 0.0556640625
0 0.43603515625 0.9306640625 0.0517578125 0.056640625
0 0.43701171875 0.98486328125 0.0537109375 0.0302734375
0 0.5 0.02392578125 0.052734375 0.0478515625
0 0.49853515625 0.08984375 0.0576171875 0.052734375
0 0.49853515625 0.15625 0.0537109375 0.05078125
0 0.49853515625 0.22314453125 0.0556640625 0.0517578125
0 0.49853515625 0.29150390625 0.0537109375 0.0517578125
0 0.4951171875 0.35693359375 0.0546875 0.0556640625
0 0.49609375 0.42578125 0.0546875 0.0546875
0 0.49560546875 0.48974609375 0.0537109375 0.0537109375
0 0.49609375 0.5595703125 0.052734375 0.056640625
0 0.4951171875 0.69482421875 0.052734375 0.0517578125
0 0.49609375 0.7626953125 0.056640625 0.056640625
0 0.49560546875 0.828125 0.0517578125 0.056640625
0 0.494140625 0.896484375 0.05078125 0.056640625
0 0.4931640625 0.96533203125 0.052734375 0.0537109375
0 0.55810546875 0.00927734375 0.0419921875 0.0185546875
0 0.55810546875 0.0576171875 0.0517578125 0.05078125
0 0.55859375 0.123046875 0.0546875 0.052734375
0 0.556640625 0.255859375 0.0546875 0.056640625
0 0.55615234375 0.39208984375 0.0556640625 0.0576171875
0 0.556640625 0.458984375 0.0546875 0.0546875
0 0.55517578125 0.59521484375 0.0517578125 0.0537109375
0 0.55517578125 0.66015625 0.0537109375 0.052734375
0 0.552734375 0.72802734375 0.0546875 0.0556640625
0 0.55322265625 0.79541015625 0.0537109375 0.0537109375
0 0.552734375 0.86279296875 0.0546875 0.0517578125
0 0.552734375 0.92822265625 0.052734375 0.0556640625
0 0.5498046875 0.98583984375 0.060546875 0.0283203125
0 0.61572265625 0.025390625 0.0517578125 0.05078125
0 0.6142578125 0.08984375 0.052734375 0.052734375
0 0.61572265625 0.15673828125 0.0537109375 0.0537109375
0 0.61474609375 0.22216796875 0.0537109375 0.0537109375
0 0.61474609375 0.291015625 0.0537109375 0.0546875
0 0.61376953125 0.3583984375 0.0556640625 0.056640625
0 0.61376953125 0.4267578125 0.0537109375 0.0546875
0 0.61376953125 0.49365234375 0.0556640625 0.0556640625
0 0.61181640625 0.55859375 0.0537109375 0.056640625
0 0.6103515625 0.62744140625 0.052734375 0.0556640625
0 0.61181640625 0.6962890625 0.0537109375 0.056640625
0 0.611328125 0.76220703125 0.056640625 0.0556640625
0 0.61083984375 0.82861328125 0.0537109375 0.0537109375
0 0.60986328125 0.89697265625 0.0537109375 0.0556640625
0 0.6103515625 0.96533203125 0.0546875 0.0556640625
0 0.6748046875 0.009765625 0.05078125 0.01953125
0 0.67431640625 0.0556640625 0.0576171875 0.056640625
0 0.67333984375 0.1240234375 0.0576171875 0.056640625
0 0.6728515625 0.18896484375 0.0546875 0.0556640625
0 0.67236328125 0.32568359375 0.0537109375 0.0537109375
0 0.67236328125 0.39208984375 0.0556640625 0.0556640625
0 0.669921875 0.46044921875 0.056640625 0.0556640625
0 0.67138671875 0.52734375 0.0537109375 0.0546875
0 0.6689453125 0.662109375 0.056640625 0.052734375
0 0.6708984375 0.72998046875 0.0546875 0.0537109375
0 0.6689453125 0.7958984375 0.0546875 0.0546875
0 0.6689453125 0.86376953125 0.0546875 0.0576171875
0 0.66845703125 0.9306640625 0.0556640625 0.056640625
0 0.6669921875 0.986328125 0.052734375 0.02734375
0 0.72802734375 0.96630859375 0.0537109375 0.0537109375
0 0.7275390625 0.89990234375 0.052734375 0.0556640625
0 0.7265625 0.83154296875 0.056640625 0.0517578125
0 0.72802734375 0.763671875 0.0537109375 0.0546875
0 0.72802734375 0.69677734375 0.0556640625 0.0576171875
0 0.728515625 0.56201171875 0.052734375 0.0537109375
0 0.72900390625 0.49658203125 0.0537109375 0.0576171875
0 0.7294921875 0.4267578125 0.0546875 0.0546875
0 0.73095703125 0.359375 0.0576171875 0.0546875
0 0.73193359375 0.291015625 0.0576171875 0.052734375
0 0.732421875 0.22509765625 0.0546875 0.0556640625
0 0.73095703125 0.158203125 0.0537109375 0.052734375
0 0.73193359375 0.08984375 0.0537109375 0.052734375
0 0.73193359375 0.02587890625 0.0537109375 0.0498046875
0 0.7919921875 0.0087890625 0.05078125 0.017578125
0 0.7900390625 0.05615234375 0.0546875 0.0556640625
0 0.78955078125 0.1240234375 0.0576171875 0.0546875
0 0.78857421875 0.18994140625 0.0537109375 0.0576171875
0 0.79150390625 0.25927734375 0.0537109375 0.0576171875
0 0.79052734375 0.3271484375 0.0556640625 0.052734375
0 0.78857421875 0.3935546875 0.0517578125 0.0546875
0 0.78955078125 0.46044921875 0.0556640625 0.0517578125
0 0.787109375 0.52880859375 0.0546875 0.0556640625
0 0.787109375 0.59716796875 0.0546875 0.0576171875
0 0.78564453125 0.66162109375 0.0517578125 0.0576171875
0 0.7861328125 0.72802734375 0.052734375 0.0537109375
0 0.78564453125 0.79541015625 0.0517578125 0.0517578125
0 0.7861328125 0.8671875 0.052734375 0.0546875
0 0.7841796875 0.93115234375 0.0546875 0.0576171875
0 0.78369140625 0.986328125 0.0537109375 0.02734375
0 0.85009765625 0.025390625 0.0556640625 0.05078125
0 0.84765625 0.08935546875 0.052734375 0.0498046875
0 0.84814453125 0.15771484375 0.0537109375 0.0537109375
0 0.8486328125 0.2275390625 0.0546875 0.056640625
0 0.8466796875 0.29296875 0.0546875 0.052734375
0 0.8466796875 0.3583984375 0.052734375 0.0546875
0 0.8447265625 0.42724609375 0.052734375 0.0556640625
0 0.8466796875 0.49462890625 0.05078125 0.0556640625
0 0.8447265625 0.560546875 0.0546875 0.056640625
0 0.8447265625 0.62841796875 0.052734375 0.0537109375
0 0.8447265625 0.765625 0.056640625 0.056640625
0 0.84375 0.8310546875 0.052734375 0.0546875
0 0.84326171875 0.89892578125 0.0556640625 0.0556640625
0 0.8427734375 0.96533203125 0.0546875 0.0556640625
0 0.908203125 0.00927734375 0.046875 0.0185546875
0 0.90869140625 0.05712890625 0.0537109375 0.0537109375
0 0.90673828125 0.12646484375 0.0556640625 0.0537109375
0 0.90576171875 0.18994140625 0.0556640625 0.0556640625
0 0.90478515625 0.26025390625 0.0556640625 0.0537109375
0 0.9072265625 0.3251953125 0.056640625 0.05859375
0 0.90478515625 0.39306640625 0.0556640625 0.0556640625
0 0.90478515625 0.46142578125 0.0537109375 0.0556640625
0 0.90380859375 0.52880859375 0.0537109375 0.0537109375
0 0.9033203125 0.5947265625 0.052734375 0.0546875
0 0.90283203125 0.66455078125 0.0537109375 0.0556640625
0 0.9033203125 0.73095703125 0.0546875 0.0537109375
0 0.90283203125 0.79833984375 0.0537109375 0.0537109375
0 0.90283203125 0.865234375 0.0537109375 0.0546875
0 0.89990234375 0.931640625 0.0537109375 0.05859375
0 0.90087890625 0.986328125 0.0517578125 0.02734375
0 0.95751953125 0.96728515625 0.0537109375 0.0537109375
0 0.9609375 0.83203125 0.0546875 0.05859375
0 0.9609375 0.69677734375 0.05078125 0.0537109375
0 0.9619140625 0.56201171875 0.05078125 0.0537109375
0 0.9638671875 0.4970703125 0.05078125 0.05859375
0 0.96337890625 0.361328125 0.0537109375 0.052734375
0 0.9609375 0.2919921875 0.056640625 0.0546875
0 0.9638671875 0.15771484375 0.052734375 0.0537109375
0 0.96728515625 0.0263671875 0.0537109375 0.052734375