0 0.07283203125 0.19197265625 0.06236328125 0.06056640625
0 0.20017578125 0.33921875 0.06400390625 0.061875
0 0.32794921875 0.4164453125 0.06126953125 0.05927734375
0 0.4571484375 0.3420703125 0.0631640625 0.06080078125
0 0.32765625 0.48962890625 0.06470703125 0.060390625
0 0.06861328125 0.93322265625 0.06103515625 0.0614453125
0 0.26140625 0.82427734375 0.0651171875 0.0613671875
0 0.325625 0.71208984375 0.06455078125 0.06126953125
0 0.390546875 0.82365234375 0.06392578125 0.06115234375
0 0.32703125 0.63890625 0.0612109375 0.06033203125
0 0.52013671875 0.5287109375 0.0622265625 0.06107421875
0 0.84205078125 0.418828125 0.06302734375 0.06193359375
0 0.9044921875 0.45681640625 0.0616015625 0.06171875
0 0.71130859375 0.715859375 0.0603515625 0.060390625
0 0.8394140625 0.7144140625 0.05857421875 0.0598828125
1 0.966640625 0.64236328125 0.064453125 0.0609765625
1 0.964609375 0.9911328125 0.05953125 0.017734375
0 0.77740234375 0.30693359375 0.0646875 0.06365234375
1 0.90583984375 0.0219140625 0.0660546875 0.043828125
0 0.02029296875 0.01861328125 0.04056640625 0.03720703125
0 0.02013671875 0.07966796875 0.04029296875 0.06154296875
0 0.07251953125 0.04404296875 0.063203125 0.06375
0 0.137578125 0.01935546875 0.06283203125 0.03873046875
0 0.1373828125 0.08015625 0.06228515625 0.060859375
0 0.07359375 0.1174609375 0.06078125 0.059140625
0 0.02025390625 0.15330078125 0.04052734375 0.06248046875
1 0.20056640625 0.1921484375 0.06416015625 0.0621484375
0 0.135546875 0.229765625 0.0599609375 0.0612109375
0 0.0726171875 0.2658984375 0.06125 0.06068359375
0 0.01970703125 0.37783203125 0.0394140625 0.06107421875
0 0.01943359375 0.4502734375 0.03888671875 0.061015625
0 0.0187890625 0.52568359375 0.03755859375 0.0609765625
0 0.01861328125 0.59876953125 0.0372265625 0.06361328125
0 0.018046875 0.6730078125 0.03609375 0.0613671875
0 0.01859375 0.7478515625 0.0371875 0.06072265625
0 0.01751953125 0.8228125 0.0350390625 0.06056640625
0 0.01720703125 0.96927734375 0.03439453125 0.0614453125
0 0.066953125 0.988203125 0.0535546875 0.02361328125
0 0.1320703125 0.969609375 0.0616015625 0.06076171875
0 0.20306640625 0.04451171875 0.06271484375 0.06005859375
0 0.200859375 0.11927734375 0.06220703125 0.0616796875
0 0.13658203125 0.15451171875 0.06236328125 0.0621875
0 0.01962890625 0.2281640625 0.03927734375 0.05939453125
0 0.1358984375 0.30466796875 0.060703125 0.0581640625
0 0.07103515625 0.33908203125 0.06201171875 0.06056640625
0 0.07162109375 0.411875 0.063125 0.06123046875
0 0.07138671875 0.4883984375 0.06005859375 0.063828125
0 0.19548828125 0.989140625 0.0526171875 0.02173828125
0 0.2009375 0.267265625 0.06314453125 0.063359375
0 0.01931640625 0.3030078125 0.03865234375 0.06087890625
0 0.13619140625 0.37666015625 0.0619921875 0.06181640625
0 0.135390625 0.45216796875 0.0616015625 0.06021484375
0 0.13494140625 0.52638671875 0.06119140625 0.05873046875
1 0.2010546875 0.48888671875 0.0647265625 0.06384765625
0 0.263515625 0.60017578125 0.06208984375 0.06328125
0 0.1971875 0.93310546875 0.0627734375 0.06310546875
1 0.2602734375 0.9697265625 0.0630078125 0.060546875
0 0.26015625 0.89677734375 0.06224609375 0.061171875
1 0.26234375 0.748984375 0.06423828125 0.06271484375
1 0.2622265625 0.672734375 0.063359375 0.06337890625
0 0.26298828125 0.52625 0.0621875 0.0606640625
0 0.2644921875 0.45234375 0.06130859375 0.05927734375
0 0.19826171875 0.41486328125 0.061796875 0.06158203125
0 0.2634375 0.37861328125 0.06263671875 0.06212890625
0 0.26505859375 0.3034375 0.06322265625 0.0619140625
0 0.26470703125 0.2295703125 0.0625 0.06244140625
0 0.265546875 0.1557421875 0.06111328125 0.06259765625
0 0.2653125 0.08060546875 0.06177734375 0.06009765625
0 0.26490234375 0.0194140625 0.06330078125 0.03884765625
0 0.39384765625 0.01873046875 0.0641015625 0.03748046875
0 0.33154296875 0.04509765625 0.061796875 0.0615625
1 0.32982421875 0.11888671875 0.0635546875 0.063828125
0 0.32927734375 0.19455078125 0.0617578125 0.0596484375
0 0.32888671875 0.26814453125 0.05958984375 0.06021484375
0 0.329375 0.3415234375 0.06373046875 0.060625
0 0.39169921875 0.4528125 0.0615234375 0.06193359375
0 0.392109375 0.3782421875 0.0611328125 0.0620703125
0 0.39279296875 0.3041796875 0.06369140625 0.06314453125
1 0.3936328125 0.23154296875 0.06416015625 0.06556640625
0 0.393046875 0.0821484375 0.0611328125 0.0626953125
0 0.45951171875 0.04462890625 0.061015625 0.0605078125
0 0.45734375 0.11966796875 0.06208984375 0.061328125
0 0.52201171875 0.01966796875 0.0653125 0.03935546875
1 0.39353515625 0.15564453125 0.06169921875 0.06177734375
0 0.45630859375 0.1933203125 0.06076171875 0.06216796875
0 0.45732421875 0.26873046875 0.0625 0.062421875
0 0.520703125 0.30474609375 0.06291015625 0.0634375
0 0.52072265625 0.3782421875 0.06177734375 0.06294921875
0 0.5211328125 0.453046875 0.0645703125 0.06298828125
0 0.45728515625 0.41640625 0.06193359375 0.0607421875
0 0.392265625 0.52904296875 0.06119140625 0.06302734375
1 0.39201171875 0.60263671875 0.06373046875 0.06158203125
0 0.45490234375 0.4903515625 0.062265625 0.06130859375
0 0.32703125 0.565 0.06501953125 0.05998046875
0 0.3903125 0.74966796875 0.06435546875 0.06169921875
0 0.3253515625 0.78759765625 0.0630078125 0.0596484375
0 0.32560546875 0.8607421875 0.0616015625 0.0593359375
0 0.32435546875 0.98951171875 0.06134765625 0.02076171875
1 0.3248828125 0.9346484375 0.06365234375 0.06291015625
0 0.38953125 0.89896484375 0.06396484375 0.06337890625
0 0.45349609375 0.785859375 0.0629296875 0.0640625
0 0.45365234375 0.861875 0.06201171875 0.06015625
0 0.38875 0.9696875 0.06404296875 0.06064453125
0 0.4525390625 0.93509765625 0.062734375 0.06173828125
0 0.51712890625 0.9714453125 0.0616015625 0.057109375
0 0.5175390625 0.824609375 0.06435546875 0.063515625
0 0.45328125 0.71326171875 0.06208984375 0.0604296875
0 0.39109375 0.67576171875 0.06384765625 0.06234375
0 0.456171875 0.56490234375 0.061875 0.06076171875
0 0.4547265625 0.6390234375 0.06166015625 0.0603125
0 0.51947265625 0.6765625 0.065546875 0.06146484375
0 0.5176953125 0.7509765625 0.06267578125 0.062578125
0 0.51853515625 0.60177734375 0.06228515625 0.060859375
1 0.58427734375 0.491640625 0.064609375 0.063984375
0 0.58466796875 0.41724609375 0.06005859375 0.060625
0 0.58494140625 0.3425390625 0.0623828125 0.06185546875
0 0.5846484375 0.2674609375 0.0609375 0.061015625
0 0.52201171875 0.15771484375 0.0614453125 0.06109375
0 0.52037109375 0.23279296875 0.062109375 0.06302734375
1 0.64982421875 0.08564453125 0.06546875 0.061875
0 0.522109375 0.0841015625 0.0618359375 0.06310546875
0 0.65076171875 0.02091796875 0.064296875 0.0418359375
0 0.5859375 0.04744140625 0.0623046875 0.0614453125
1 0.77818359375 0.02134765625 0.06462890625 0.0426953125
0 0.77658203125 0.15744140625 0.063671875 0.06373046875
0 0.58515625 0.12046875 0.06095703125 0.05958984375
0 0.58564453125 0.19455078125 0.06083984375 0.06177734375
0 0.779140625 0.23353515625 0.06439453125 0.06267578125
1 0.90505859375 0.0868359375 0.0607421875 0.06087890625
1 0.77919921875 0.08654296875 0.0653515625 0.063984375
0 0.9714453125 0.004296875 0.03814453125 0.00861328125
0 0.96853515625 0.05064453125 0.0629296875 0.060390625
0 0.84302734375 0.04966796875 0.06236328125 0.05890625
0 0.84263671875 0.1218359375 0.0617578125 0.06072265625
0 0.90404296875 0.23357421875 0.062890625 0.0601953125
0 0.84060546875 0.271015625 0.06396484375 0.0626953125
0 0.90619140625 0.30951171875 0.06216796875 0.059375
0 0.8428515625 0.3433984375 0.063203125 0.06283203125
1 0.77712890625 0.38033203125 0.062421875 0.0619921875
0 0.58365234375 0.5652734375 0.0641015625 0.060078125
0 0.5825 0.63939453125 0.0594140625 0.0596875
0 0.582265625 0.71310546875 0.05880859375 0.05865234375
1 0.5824609375 0.78740234375 0.0620703125 0.06328125
0 0.51794921875 0.89876953125 0.0625 0.06099609375
0 0.58107421875 0.93556640625 0.061796875 0.06009765625
0 0.45171875 0.98982421875 0.05828125 0.02033203125
0 0.58171875 0.86240234375 0.06119140625 0.05873046875
0 0.7721875 0.97203125 0.06341796875 0.0559375
1 0.83708984375 0.9389453125 0.0642578125 0.0630859375
1 0.711015625 0.86287109375 0.06345703125 0.06259765625
0 0.7089453125 0.93587890625 0.06103515625 0.06326171875
0 0.835546875 0.98982421875 0.0566796875 0.0203515625
0 0.83919921875 0.86298828125 0.06568359375 0.06212890625
0 0.7741015625 0.89943359375 0.06205078125 0.061875
0 0.71 0.7891015625 0.06134765625 0.0616015625
1 0.77576171875 0.678515625 0.06673828125 0.065546875
0 0.774921875 0.75130859375 0.06232421875 0.06142578125
0 0.774375 0.82544921875 0.06267578125 0.060625
0 0.84078125 0.64080078125 0.06060546875 0.06189453125
0 0.84224609375 0.56798828125 0.0610546875 0.0612109375
0 0.90349609375 0.60560546875 0.0625 0.06291015625
1 0.904296875 0.530390625 0.06474609375 0.062578125
0 0.90587890625 0.38359375 0.0641796875 0.06041015625
0 0.7776171875 0.4551171875 0.06392578125 0.06396484375
0 0.84044921875 0.49298828125 0.06353515625 0.06171875
1 0.77728515625 0.53021484375 0.06482421875 0.0646484375
0 0.90072265625 0.9719140625 0.06123046875 0.056171875
0 0.0178515625 0.89654296875 0.035703125 0.0602734375
0 0.5803125 0.9899609375 0.05603515625 0.02005859375
1 0.6444921875 0.97111328125 0.06376953125 0.05779296875
0 0.7087890625 0.9894140625 0.05767578125 0.020625
0 0.645390625 0.89900390625 0.0628515625 0.0634375
0 0.64611328125 0.82486328125 0.06123046875 0.0633984375
0 0.64748046875 0.75142578125 0.0629296875 0.06037109375
0 0.64779296875 0.67693359375 0.06400390625 0.061015625
0 0.6479296875 0.6030078125 0.0625 0.06119140625
0 0.64873046875 0.5280859375 0.06095703125 0.0622265625
0 0.648671875 0.45669921875 0.06326171875 0.06203125
0 0.648046875 0.37900390625 0.0609765625 0.06037109375
1 0.6498046875 0.30638671875 0.06369140625 0.063515625
0 0.6493359375 0.23337890625 0.0615625 0.0606640625
0 0.649921875 0.1594140625 0.063046875 0.061328125
1 0.7146484375 0.0483203125 0.06298828125 0.0605859375
0 0.71421875 0.12271484375 0.06326171875 0.06373046875
0 0.713359375 0.1955859375 0.06453125 0.06142578125
0 0.7130078125 0.2706640625 0.06376953125 0.06220703125
0 0.71263671875 0.344765625 0.06015625 0.06060546875
1 0.712421875 0.41841796875 0.06685546875 0.06451171875
0 0.71310546875 0.49025390625 0.062265625 0.05935546875
0 0.711484375 0.64080078125 0.062265625 0.0594140625
0 0.8396875 0.789453125 0.06224609375 0.05861328125
0 0.90140625 0.90115234375 0.06126953125 0.062890625
0 0.9645703125 0.86296875 0.06162109375 0.06359375
0 0.90205078125 0.82708984375 0.06203125 0.0605078125
0 0.965546875 0.79056640625 0.063828125 0.0595703125
0 0.9022265625 0.75162109375 0.06263671875 0.06064453125
0 0.9674609375 0.7157421875 0.06458984375 0.059609375
0 0.9019921875 0.67833984375 0.06453125 0.062265625
0 0.96755859375 0.56892578125 0.06486328125 0.06119140625
0 0.90751953125 0.15841796875 0.06296875 0.06138671875
0 0.84228515625 0.19681640625 0.06224609375 0.05931640625
0 0.9691015625 0.19814453125 0.06080078125 0.05580078125
0 0.9690234375 0.2722265625 0.061953125 0.0609375
0 0.96830078125 0.34609375 0.0633984375 0.06146484375
0 0.96826171875 0.4197265625 0.06349609375 0.06095703125
0 0.9683203125 0.49470703125 0.06333984375 0.06380859375
0 0.965234375 0.9387890625 0.06232421875 0.0587890625
0 0.96916015625 0.12390625 0.06154296875 0.05755859375
0 0.1319921875 0.89673828125 0.06271484375 0.05970703125
0 0.06830078125 0.8602734375 0.0624609375 0.05892578125
0 0.06896484375 0.785078125 0.06033203125 0.061015625
0 0.132265625 0.82287109375 0.061015625 0.05921875
0 0.19681640625 0.86017578125 0.0605078125 0.060078125
0 0.19771484375 0.78578125 0.06044921875 0.05955078125
0 0.13333984375 0.74857421875 0.06173828125 0.05994140625
0 0.069375 0.71162109375 0.06126953125 0.05953125
0 0.06966796875 0.63669921875 0.06123046875 0.05796875
0 0.07087890625 0.56265625 0.06033203125 0.05931640625
0 0.13466796875 0.60056640625 0.062109375 0.05986328125
0 0.133515625 0.67412109375 0.063125 0.06005859375
0 0.1978515625 0.7121875 0.06205078125 0.05865234375
0 0.1978125 0.63775390625 0.06130859375 0.05873046875
0 0.19822265625 0.563515625 0.06140625 0.0600390625
0 0.711953125 0.566796875 0.0634765625 0.0625
0 0.77671875 0.604375 0.06326171875 0.05953125