1 0.83294921875 0.23005859375 0.11087890625 0.10810546875
1 0.948359375 0.29798828125 0.10328125 0.10255859375
1 0.26263671875 0.8183984375 0.1094921875 0.1039453125
1 0.60080078125 0.88423828125 0.1150390625 0.10255859375
0 0.04744140625 0.0390625 0.09486328125 0.078125
0 0.04673828125 0.16251953125 0.0934765625 0.107421875
0 0.04744140625 0.29158203125 0.09486328125 0.10603515625
0 0.04603515625 0.4255078125 0.0920703125 0.10880859375
0 0.04603515625 0.5524609375 0.0920703125 0.1032421875
0 0.04533203125 0.68568359375 0.09068359375 0.1018359375
0 0.048828125 0.81404296875 0.09765625 0.1018359375
0 0.04603515625 0.94712890625 0.0920703125 0.1057421875
0 0.15275390625 0.98130859375 0.10462890625 0.0373828125
0 0.14927734375 0.8837890625 0.10880859375 0.10462890625
0 0.14857421875 0.75265625 0.10462890625 0.10462890625
0 0.1471875 0.62220703125 0.107421875 0.10044921875
0 0.14998046875 0.48966796875 0.11021484375 0.10603515625
0 0.14857421875 0.360625 0.107421875 0.10462890625
0 0.1513671875 0.22810546875 0.11021484375 0.1018359375
0 0.1513671875 0.09626953125 0.107421875 0.10603515625
0 0.1520703125 0.009765625 0.078125 0.01953125
0 0.26716796875 0.04185546875 0.107421875 0.0837109375
0 0.26646484375 0.16251953125 0.10880859375 0.10462890625
0 0.2685546875 0.29296875 0.1130078125 0.10603515625
0 0.26576171875 0.42619140625 0.107421875 0.10462890625
0 0.26646484375 0.55734375 0.1116015625 0.1018359375
0 0.26087890625 0.68708984375 0.10603515625 0.1018359375
0 0.263671875 0.94921875 0.10880859375 0.1015625
0 0.37876953125 0.9826953125 0.09904296875 0.03458984375
0 0.3759765625 0.888671875 0.10462890625 0.10603515625
0 0.37806640625 0.75404296875 0.10880859375 0.10462890625
0 0.37876953125 0.62291015625 0.107421875 0.107421875
0 0.37947265625 0.4938671875 0.10880859375 0.10603515625
0 0.3815625 0.361328125 0.107421875 0.10880859375
0 0.38015625 0.23158203125 0.1130078125 0.1032421875
0 0.37947265625 0.096953125 0.11439453125 0.1018359375
0 0.38224609375 0.009765625 0.08091796875 0.01953125
0 0.49455078125 0.04255859375 0.11021484375 0.08509765625
0 0.49525390625 0.16392578125 0.10603515625 0.1018359375
0 0.49455078125 0.29576171875 0.107421875 0.10603515625
0 0.4931640625 0.42689453125 0.107421875 0.1032421875
0 0.49525390625 0.556640625 0.1116015625 0.10880859375
0 0.4931640625 0.6884765625 0.10462890625 0.10462890625
0 0.488984375 0.81822265625 0.107421875 0.107421875
0 0.48828125 0.94642578125 0.10603515625 0.1071484375
0 0.60826171875 0.98130859375 0.10044921875 0.0373828125
0 0.604765625 0.75544921875 0.107421875 0.10462890625
0 0.60685546875 0.624296875 0.1116015625 0.107421875
0 0.60755859375 0.49177734375 0.10462890625 0.107421875
0 0.6096484375 0.361328125 0.10880859375 0.10880859375
0 0.6096484375 0.2301953125 0.1116015625 0.1032421875
0 0.6103515625 0.09974609375 0.107421875 0.1018359375
0 0.61173828125 0.01185546875 0.08509765625 0.0237109375
0 0.72265625 0.04185546875 0.10880859375 0.0837109375
0 0.723359375 0.16462890625 0.107421875 0.1032421875
0 0.72265625 0.29646484375 0.1032421875 0.10462890625
0 0.72126953125 0.42759765625 0.10880859375 0.1018359375
0 0.72265625 0.56013671875 0.10603515625 0.10462890625
0 0.72126953125 0.6891796875 0.10603515625 0.10044921875
0 0.71916015625 0.82380859375 0.107421875 0.107421875
0 0.7184765625 0.949921875 0.1116015625 0.10017578125
0 0.83357421875 0.9826953125 0.09626953125 0.03458984375
0 0.830078125 0.88658203125 0.10880859375 0.1018359375
0 0.83146484375 0.75333984375 0.10880859375 0.10044921875
0 0.83216796875 0.62638671875 0.107421875 0.1032421875
0 0.83357421875 0.4931640625 0.11021484375 0.1018359375
0 0.8342578125 0.36271484375 0.10603515625 0.1032421875
0 0.839140625 0.098359375 0.1130078125 0.09904296875
0 0.8342578125 0.009765625 0.09486328125 0.01953125
0 0.94642578125 0.04255859375 0.1071484375 0.08509765625
0 0.94783203125 0.16740234375 0.10435546875 0.1032421875
0 0.94642578125 0.42759765625 0.1071484375 0.107421875
0 0.94712890625 0.55734375 0.1057421875 0.107421875
0 0.9450390625 0.69056640625 0.10994140625 0.1032421875
0 0.9450390625 0.82240234375 0.10994140625 0.107421875
0 0.9430859375 0.949921875 0.10044921875 0.10017578125