1 0.5126953125 0.1411328125 0.1010546875 0.1035546875
1 0.7246484375 0.1433984375 0.098125 0.1038671875
1 0.511015625 0.38671875 0.1041796875 0.1026953125
1 0.5087109375 0.754140625 0.09953125 0.102578125
1 0.8273046875 0.6953515625 0.0980078125 0.1005078125
0 0.0903125 0.032890625 0.0972265625 0.06578125
0 0.3026953125 0.0337109375 0.1015234375 0.067421875
0 0.195078125 0.077109375 0.0980859375 0.0996875
0 0.09 0.139140625 0.0997265625 0.1017578125
0 0.089609375 0.2607421875 0.102421875 0.1025
0 0.195 0.20125 0.100390625 0.10125
0 0.08625 0.385 0.0979296875 0.09875
0 0.087421875 0.505546875 0.095859375 0.098515625
0 0.0852734375 0.6291015625 0.095 0.097734375
0 0.08453125 0.752109375 0.098828125 0.098046875
0 0.0829296875 0.8726171875 0.0978515625 0.1
0 0.0844921875 0.97328125 0.09875 0.0534375
0 0.29671875 0.973828125 0.09765625 0.05234375
0 0.5078125 0.974375 0.1008984375 0.05125
0 0.7184375 0.97546875 0.1009375 0.0490234375
0 0.932265625 0.9765625 0.098671875 0.0468359375
0 0.8255859375 0.9391796875 0.0980078125 0.0992578125
0 0.931328125 0.878359375 0.09671875 0.10046875
0 0.9325 0.7573046875 0.0990625 0.0975
0 0.8278515625 0.8163671875 0.098203125 0.1015625
0 0.9336328125 0.633984375 0.101328125 0.09875
0 0.933046875 0.51171875 0.10015625 0.0998828125
0 0.9353125 0.38828125 0.1003125 0.100859375
0 0.936015625 0.2659765625 0.0973828125 0.097578125
0 0.9372265625 0.14546875 0.097578125 0.0979296875
0 0.9366796875 0.0365625 0.1074609375 0.073125
0 0.7237890625 0.035703125 0.100703125 0.07140625
0 0.512578125 0.0352734375 0.1037890625 0.0705078125
0 0.406953125 0.07734375 0.0965625 0.09765625
0 0.30125 0.13984375 0.0979296875 0.0998046875
0 0.620078125 0.0819140625 0.0962890625 0.0985546875
0 0.406953125 0.2015625 0.0987890625 0.1003515625
0 0.3007421875 0.26234375 0.1003515625 0.09703125
0 0.19328125 0.3240625 0.0991796875 0.0975390625
0 0.1911328125 0.4432421875 0.099296875 0.0967578125
0 0.19140625 0.567265625 0.09765625 0.096953125
0 0.191484375 0.6903515625 0.095625 0.095234375
0 0.1911328125 0.8126953125 0.0970703125 0.10078125
0 0.190390625 0.93640625 0.0977734375 0.0980859375
0 0.2969140625 0.8765625 0.098046875 0.0947265625
0 0.2968359375 0.75421875 0.100078125 0.102265625
0 0.4023828125 0.9361328125 0.0962109375 0.0975390625
0 0.403515625 0.814921875 0.098515625 0.0986328125
0 0.5083984375 0.87640625 0.0998828125 0.0982421875
0 0.6131640625 0.9391015625 0.0987890625 0.096953125
0 0.7209765625 0.8787890625 0.099375 0.1013671875
0 0.613671875 0.8169921875 0.0976171875 0.100625
0 0.721328125 0.75640625 0.0979296875 0.1022265625
0 0.6158203125 0.6946484375 0.0996875 0.1021875
0 0.721484375 0.6321875 0.09828125 0.09953125
0 0.8276953125 0.5740234375 0.100078125 0.099453125
0 0.8283203125 0.4501171875 0.099140625 0.09875
0 0.7212890625 0.510234375 0.1 0.099140625
0 0.8291796875 0.327578125 0.098671875 0.1001171875
0 0.7236328125 0.38828125 0.0981640625 0.1008984375
0 0.8298828125 0.2053125 0.0978515625 0.099140625
0 0.8285546875 0.080859375 0.097421875 0.1003125
0 0.618359375 0.202734375 0.0960546875 0.0983203125
0 0.7232421875 0.2644921875 0.09734375 0.0990625
0 0.6183984375 0.3259375 0.0960546875 0.10125
0 0.5119921875 0.263828125 0.09828125 0.102109375
0 0.4048046875 0.3250390625 0.0988671875 0.0972265625
0 0.6166796875 0.4487109375 0.0948828125 0.0974609375
0 0.6151953125 0.5725 0.0984765625 0.0986328125
0 0.51109375 0.5086328125 0.0986328125 0.100390625
0 0.510234375 0.6319921875 0.099140625 0.1013671875
0 0.403203125 0.5681640625 0.0978515625 0.0987109375
0 0.403359375 0.6933984375 0.1003125 0.0969140625
0 0.29796875 0.63125 0.1001171875 0.09984375
0 0.2986328125 0.509765625 0.0992578125 0.1003515625
0 0.4052734375 0.4476953125 0.098671875 0.1012890625
0 0.299453125 0.38484375 0.0987890625 0.1005859375