1 0.012734375 0.02419921875 0.02546875 0.0483984375
1 0.0123046875 0.11208984375 0.02462890625 0.07982421875
1 0.012734375 0.22248046875 0.02546875 0.07982421875
1 0.068359375 0.0590234375 0.09255859375 0.0840625
1 0.166015625 0.0225 0.09595703125 0.045
1 0.1626171875 0.11251953125 0.090859375 0.08236328125
1 0.16474609375 0.22291015625 0.09001953125 0.08916015625
1 0.35283203125 0.02759765625 0.0874609375 0.0551953125
1 0.3515625 0.11251953125 0.09001953125 0.0874609375
1 0.540078125 0.02546875 0.09171875 0.05095703125
1 0.53880859375 0.11421875 0.090859375 0.0840625
1 0.63392578125 0.062421875 0.08916015625 0.08576171875
1 0.82115234375 0.062421875 0.09001953125 0.08576171875
1 0.9819140625 0.16814453125 0.036171875 0.09001953125
1 0.634765625 0.168984375 0.09595703125 0.08322265625
1 0.53794921875 0.22248046875 0.08916015625 0.084921875
1 0.6309375 0.27556640625 0.08662109375 0.0840625
1 0.81904296875 0.277265625 0.08916015625 0.08916015625
1 0.98234375 0.27640625 0.03533203125 0.0874609375
1 0.91287109375 0.33076171875 0.09001953125 0.08576171875
1 0.9116015625 0.43818359375 0.08916015625 0.08662109375
1 0.35029296875 0.3294921875 0.08916015625 0.084921875
1 0.6313671875 0.3842578125 0.08916015625 0.08576171875
1 0.4428515625 0.49251953125 0.0874609375 0.08662109375
1 0.53794921875 0.54603515625 0.090859375 0.08662109375
1 0.6309375 0.60037109375 0.08662109375 0.084921875
1 0.81904296875 0.60376953125 0.08916015625 0.0883203125
1 0.981484375 0.60037109375 0.03703125 0.0883203125
1 0.44072265625 0.5991015625 0.09171875 0.08576171875
1 0.25474609375 0.60037109375 0.09171875 0.08662109375
1 0.1596484375 0.6538671875 0.09171875 0.0883203125
1 0.01189453125 0.6517578125 0.02376953125 0.08236328125
1 0.3481640625 0.654296875 0.09001953125 0.0840625
1 0.25390625 0.70779296875 0.09171875 0.0874609375
1 0.4419921875 0.70865234375 0.09255859375 0.08916015625
1 0.97978515625 0.71162109375 0.0404296875 0.0883203125
1 0.9810546875 0.81607421875 0.03787109375 0.08662109375
1 0.34689453125 0.7621484375 0.090859375 0.08916015625
1 0.25390625 0.8177734375 0.09171875 0.084921875
1 0.0658203125 0.81564453125 0.090859375 0.090859375
1 0.01060546875 0.86998046875 0.0212109375 0.07896484375
1 0.442421875 0.81818359375 0.09001953125 0.0874609375
1 0.5366796875 0.86998046875 0.09001953125 0.08576171875
1 0.72349609375 0.87126953125 0.09001953125 0.08662109375
1 0.911171875 0.87083984375 0.0883203125 0.0874609375
1 0.81607421875 0.92390625 0.09171875 0.0883203125
1 0.911171875 0.96791015625 0.0883203125 0.06419921875
1 0.7230859375 0.96875 0.0874609375 0.0625
1 0.816484375 0.99380859375 0.07048828125 0.01240234375
1 0.628828125 0.99421875 0.065390625 0.01154296875
1 0.5345703125 0.9683203125 0.090859375 0.06333984375
1 0.34859375 0.9683203125 0.08916015625 0.06333984375
1 0.1596484375 0.9683203125 0.084921875 0.06333984375
1 0.065390625 0.99380859375 0.07302734375 0.01240234375
0 0.0105859375 0.32892578125 0.021171875 0.07359375
0 0.0100390625 0.43541015625 0.020078125 0.07470703125
0 0.0105859375 0.5430078125 0.02119140625 0.0758203125
0 0.0100390625 0.75541015625 0.020078125 0.06578125
0 0.00947265625 0.97052734375 0.0189453125 0.0589453125
0 0.06689453125 0.92376953125 0.08697265625 0.08138671875
0 0.0674609375 0.70634765625 0.085859375 0.085859375
0 0.0696875 0.6004296875 0.0836328125 0.08138671875
0 0.06896484375 0.4901171875 0.08666015625 0.08666015625
0 0.07080078125 0.38513671875 0.087890625 0.081796875
0 0.07080078125 0.2752734375 0.09033203125 0.08912109375
0 0.07080078125 0.1696875 0.087890625 0.087890625
0 0.16296875 0.32958984375 0.08177734375 0.08544921875
0 0.16357421875 0.43884765625 0.09033203125 0.08421875
0 0.16236328125 0.543828125 0.0830078125 0.08423828125
0 0.159921875 0.76111328125 0.08544921875 0.08421875
0 0.16052734375 0.8709765625 0.0866796875 0.08423828125
0 0.256953125 0.99439453125 0.0598046875 0.01123046875
0 0.2526953125 0.92529296875 0.0830078125 0.08544921875
0 0.25634765625 0.49255859375 0.08544921875 0.0866796875
0 0.25755859375 0.38513671875 0.08544921875 0.08666015625
0 0.2587890625 0.2734375 0.09033203125 0.0830078125
0 0.25818359375 0.1678515625 0.08421875 0.08666015625
0 0.26001953125 0.05982421875 0.09033203125 0.0830078125
0 0.348515625 0.2215625 0.0891015625 0.08421875
0 0.3503515625 0.4382421875 0.08544921875 0.0830078125
0 0.34912109375 0.54626953125 0.0830078125 0.08423828125
0 0.34607421875 0.8709765625 0.08666015625 0.08666015625
0 0.4412890625 0.921015625 0.08666015625 0.08177734375
0 0.4425 0.995 0.07203125 0.01001953125
0 0.4443359375 0.38634765625 0.08544921875 0.0793359375
0 0.44494140625 0.27587890625 0.08912109375 0.08544921875
0 0.446171875 0.1690625 0.08666015625 0.08177734375
0 0.44494140625 0.062265625 0.08423828125 0.08544921875
0 0.53650390625 0.3301953125 0.08912109375 0.08423828125
1 0.53650390625 0.43580078125 0.0866796875 0.087890625
1 0.726328125 0.439453125 0.08544921875 0.0830078125
0 0.53587890625 0.65490234375 0.0830078125 0.081796875
0 0.537109375 0.76294921875 0.0830078125 0.0830078125
0 0.6298828125 0.9265234375 0.08056640625 0.0830078125
0 0.63111328125 0.817265625 0.0830078125 0.08421875
0 0.63048828125 0.70984375 0.08177734375 0.08666015625
0 0.63048828125 0.49376953125 0.08177734375 0.08666015625
0 0.72205078125 0.76111328125 0.08421875 0.08666015625
0 0.72326171875 0.65857421875 0.081796875 0.0866796875
0 0.726328125 0.54748046875 0.0830078125 0.08423828125
0 0.72388671875 0.33203125 0.08544921875 0.09033203125
0 0.726328125 0.224609375 0.08544921875 0.087890625
0 0.726328125 0.1123046875 0.08056640625 0.0830078125
0 0.7275390625 0.0244140625 0.0830078125 0.048828125
0 0.82091796875 0.1678515625 0.0891015625 0.08421875
0 0.82091796875 0.3826953125 0.0866796875 0.08912109375
0 0.81787109375 0.49255859375 0.08544921875 0.081796875
0 0.8184765625 0.71044921875 0.0866796875 0.0830078125
0 0.81787109375 0.817265625 0.08544921875 0.08423828125
0 0.91248046875 0.764765625 0.08421875 0.08421875
0 0.9130859375 0.6591796875 0.0830078125 0.08544921875
0 0.91248046875 0.5456640625 0.08421875 0.08056640625
0 0.91552734375 0.22337890625 0.08544921875 0.0830078125
0 0.91369140625 0.11658203125 0.0915625 0.08177734375
0 0.914921875 0.023203125 0.0866796875 0.04638671875
0 0.98216796875 0.061640625 0.03564453125 0.08666015625
0 0.9833984375 0.38513671875 0.033203125 0.07935546875
0 0.9815625 0.491328125 0.036875 0.0866796875
0 0.978515625 0.927734375 0.04296875 0.08544921875