0 0.042890625 0.02986328125 0.08578125 0.05974609375
1 0.2609765625 0.27154296875 0.1044140625 0.10384765625
1 0.370859375 0.46935546875 0.10498046875 0.10197265625
1 0.48314453125 0.53453125 0.1078515625 0.10458984375
1 0.7090625 0.53791015625 0.1090234375 0.111328125
1 0.5944921875 0.73076171875 0.10880859375 0.10904296875
1 0.0434765625 0.66306640625 0.08697265625 0.1037890625
1 0.4836328125 0.79794921875 0.108828125 0.106015625
1 0.93451171875 0.93189453125 0.10923828125 0.10400390625
1 0.48328125 0.9281640625 0.10568359375 0.10376953125
0 0.26 0.0312109375 0.105 0.06244140625
0 0.93861328125 0.03458984375 0.10296875 0.0691796875
0 0.8253515625 0.08107421875 0.10779296875 0.10529296875
0 0.71232421875 0.0341015625 0.10830078125 0.06822265625
0 0.938125 0.1446875 0.105859375 0.10140625
0 0.48640625 0.03173828125 0.10712890625 0.0634765625
0 0.3725390625 0.0744921875 0.10353515625 0.10513671875
0 0.71064453125 0.1447265625 0.10974609375 0.1033984375
0 0.59990234375 0.07666015625 0.10759765625 0.1046484375
0 0.93861328125 0.27650390625 0.10296875 0.101875
0 0.824375 0.20892578125 0.10587890625 0.10408203125
0 0.9371484375 0.4074609375 0.105859375 0.10587890625
0 0.8228125 0.3416796875 0.10515625 0.10447265625
0 0.71123046875 0.2741015625 0.10853515625 0.10669921875
0 0.5973828125 0.20892578125 0.10494140625 0.10408203125
0 0.48556640625 0.14255859375 0.103046875 0.10388671875
0 0.372421875 0.207734375 0.105703125 0.106484375
0 0.25759765625 0.14087890625 0.1059765625 0.10533203125
0 0.9366796875 0.53822265625 0.1028515625 0.1022265625
0 0.82349609375 0.47201171875 0.1052734375 0.102265625
0 0.82228515625 0.60232421875 0.10888671875 0.103984375
0 0.93578125 0.66861328125 0.1070703125 0.10259765625
0 0.935546875 0.8004296875 0.10509765625 0.1028125
0 0.820703125 0.7352734375 0.10482421875 0.101953125
0 0.8218359375 0.8657421875 0.10498046875 0.10095703125
0 0.82154296875 0.97123046875 0.110390625 0.0575390625
0 0.70638671875 0.92947265625 0.1058984375 0.1034765625
0 0.59650390625 0.970859375 0.10892578125 0.05830078125
0 0.59568359375 0.8637890625 0.10576171875 0.10607421875
0 0.70978515625 0.6688671875 0.10513671875 0.104609375
0 0.595 0.60072265625 0.10591796875 0.10228515625
0 0.595390625 0.47056640625 0.10515625 0.10388671875
0 0.71173828125 0.40767578125 0.10603515625 0.10306640625
0 0.597109375 0.34154296875 0.1053125 0.1017578125
0 0.48376953125 0.40490234375 0.10322265625 0.10501953125
0 0.484296875 0.27294921875 0.10578125 0.1015625
0 0.14603515625 0.0738671875 0.10375 0.10046875
0 0.0430078125 0.13955078125 0.086015625 0.1025390625
0 0.1457421875 0.20533203125 0.1043359375 0.1036328125
0 0.0427734375 0.271328125 0.085546875 0.10515625
0 0.14408203125 0.3350390625 0.1057421875 0.105625
0 0.0425390625 0.40130859375 0.085078125 0.1065234375
0 0.37234375 0.33751953125 0.10619140625 0.10353515625
0 0.2576953125 0.4021484375 0.10609375 0.105859375
0 0.1450390625 0.46615234375 0.10763671875 0.10572265625
0 0.0427734375 0.53203125 0.085546875 0.109375
0 0.1450390625 0.5981640625 0.10763671875 0.10412109375
0 0.2576953125 0.534375 0.10609375 0.10580078125
0 0.36982421875 0.600234375 0.10560546875 0.10470703125
0 0.25634765625 0.66626953125 0.1069140625 0.10513671875
0 0.4825390625 0.66607421875 0.1067578125 0.1047265625
0 0.37 0.729765625 0.10619140625 0.10515625
0 0.2562109375 0.79494140625 0.1090234375 0.1073828125
0 0.1437890625 0.72830078125 0.10634765625 0.1033984375
0 0.0418359375 0.793046875 0.083671875 0.10359375
0 0.3690625 0.86099609375 0.104296875 0.1031640625
0 0.0416015625 0.92439453125 0.083203125 0.1041796875
0 0.1426171875 0.85912109375 0.10869140625 0.1041015625
0 0.1437890625 0.96935546875 0.11103515625 0.0612890625
0 0.25548828125 0.92607421875 0.10765625 0.10751953125
0 0.369296875 0.970234375 0.10947265625 0.05951171875
0 0.70876953125 0.8001171875 0.1084765625 0.10439453125