1 0.039296875 0.02671875 0.07359375 0.0534375
1 0.04037109375 0.1070703125 0.07572265625 0.07408203125
1 0.040625 0.19466796875 0.07625 0.07755859375
1 0.11822265625 0.15177734375 0.07638671875 0.07681640625
1 0.19451171875 0.1060546875 0.07724609375 0.0770703125
1 0.3489453125 0.02703125 0.07765625 0.05408203125
1 0.427421875 0.06390625 0.0745703125 0.07447265625
1 0.42669921875 0.15271484375 0.07646484375 0.07369140625
1 0.50359375 0.10796875 0.076875 0.077578125
1 0.50390625 0.19708984375 0.07748046875 0.0757421875
1 0.5818359375 0.1524609375 0.0749609375 0.0765234375
1 0.03970703125 0.2843359375 0.077734375 0.07685546875
1 0.27322265625 0.33029296875 0.074609375 0.075390625
1 0.19466796875 0.3741796875 0.0758984375 0.07646484375
1 0.1935546875 0.4643359375 0.0769921875 0.07505859375
1 0.2724609375 0.5099609375 0.07474609375 0.07458984375
1 0.19390625 0.5540234375 0.0760546875 0.07337890625
1 0.11583984375 0.5987109375 0.0783203125 0.07703125
1 0.19408203125 0.7322265625 0.07470703125 0.07564453125
1 0.271171875 0.68818359375 0.0755078125 0.0742578125
1 0.27197265625 0.77744140625 0.0737890625 0.07439453125
1 0.19263671875 0.82216796875 0.0768359375 0.07380859375
1 0.11583984375 0.8673828125 0.07662109375 0.07419921875
1 0.03853515625 0.82244140625 0.07541015625 0.07271484375
1 0.27080078125 0.9565625 0.07478515625 0.0741796875
1 0.42501953125 0.9573046875 0.07646484375 0.073984375
1 0.5023828125 0.91236328125 0.0761328125 0.0758203125
1 0.580546875 0.95798828125 0.07404296875 0.07203125
1 0.4263671875 0.77779296875 0.07580078125 0.075078125
1 0.50408203125 0.82384765625 0.0728515625 0.07384765625
1 0.50333984375 0.7335546875 0.07470703125 0.07498046875
1 0.4255859375 0.5998046875 0.0746484375 0.0758984375
1 0.5033984375 0.55505859375 0.07482421875 0.074765625
1 0.42623046875 0.50951171875 0.0771875 0.075390625
1 0.348515625 0.4650390625 0.07681640625 0.07478515625
1 0.50357421875 0.4653125 0.0751953125 0.07533203125
1 0.65796875 0.37728515625 0.075546875 0.0743359375
1 0.5810546875 0.24228515625 0.0767578125 0.07611328125
1 0.65701171875 0.28689453125 0.0723046875 0.07484375
1 0.73484375 0.33310546875 0.07587890625 0.0743359375
1 0.8123046875 0.46701171875 0.07576171875 0.075390625
1 0.7346875 0.51173828125 0.0772265625 0.07482421875
1 0.88919921875 0.512421875 0.0728125 0.07451171875
1 0.96431640625 0.5576171875 0.07134765625 0.0748828125
1 0.96388671875 0.6469140625 0.07224609375 0.07673828125
1 0.96431640625 0.82546875 0.07134765625 0.0754296875
1 0.88857421875 0.77982421875 0.07490234375 0.0758203125
1 0.7351953125 0.6905078125 0.07490234375 0.07890625
1 0.8117578125 0.8253515625 0.07466796875 0.073515625
1 0.96390625 0.9141015625 0.0721875 0.07763671875
1 0.88873046875 0.95818359375 0.076875 0.07572265625
1 0.88818359375 0.869375 0.0774609375 0.078203125
1 0.81107421875 0.91435546875 0.076640625 0.07478515625
1 0.73359375 0.95853515625 0.07669921875 0.073125
1 0.6566015625 0.914375 0.07611328125 0.07482421875
1 0.735234375 0.87 0.07498046875 0.07609375
1 0.6566015625 0.82435546875 0.074453125 0.07484375
1 0.656640625 0.73416015625 0.07619140625 0.07451171875
1 0.5801953125 0.7786328125 0.075 0.0767578125
1 0.65763671875 0.46560546875 0.07421875 0.0741796875
1 0.96294921875 0.37875 0.07408203125 0.07359375
1 0.8122265625 0.377734375 0.07251953125 0.0751953125
1 0.88943359375 0.2450390625 0.07822265625 0.07455078125
1 0.8119921875 0.1997265625 0.076953125 0.07396484375
1 0.65814453125 0.109921875 0.07646484375 0.07599609375
1 0.657734375 0.0291796875 0.07564453125 0.058359375
1 0.73513671875 0.06498046875 0.073203125 0.07509765625
1 0.88853515625 0.0655859375 0.0751953125 0.07388671875
1 0.81158203125 0.11091796875 0.073671875 0.075546875
1 0.7353125 0.15408203125 0.0747265625 0.072890625
0 0.9641796875 0.02890625 0.071640625 0.0578125
0 0.96447265625 0.11115234375 0.07103515625 0.07236328125
0 0.88798828125 0.155078125 0.07408203125 0.07486328125
0 0.96447265625 0.20068359375 0.07103515625 0.07341796875
0 0.96478515625 0.289375 0.0704296875 0.07404296875
0 0.88794921875 0.3338671875 0.075234375 0.0728125
0 0.811171875 0.2891015625 0.07287109375 0.07349609375
0 0.88791015625 0.422734375 0.07515625 0.071328125
0 0.9638671875 0.46779296875 0.072265625 0.0724609375
0 0.73517578125 0.42228515625 0.07326171875 0.072890625
0 0.81111328125 0.55560546875 0.07275390625 0.07009765625
0 0.8883984375 0.60125 0.07369140625 0.07359375
0 0.88828125 0.69013671875 0.0730859375 0.07091796875
1 0.810625 0.73490234375 0.07419921875 0.0726953125
0 0.9641796875 0.7351171875 0.071640625 0.07314453125
0 0.7344140625 0.77912109375 0.07416015625 0.07337890625
0 0.57986328125 0.8672265625 0.072265625 0.07404296875
0 0.65771484375 0.9824609375 0.07439453125 0.035078125
0 0.503046875 0.9824609375 0.07470703125 0.035078125
0 0.81150390625 0.9829296875 0.073515625 0.03416015625
0 0.96447265625 0.98306640625 0.07103515625 0.0338671875
0 0.81126953125 0.64515625 0.0731640625 0.07392578125
0 0.73392578125 0.60046875 0.0748046875 0.07388671875
0 0.657421875 0.64501953125 0.0741796875 0.07267578125
0 0.57966796875 0.68962890625 0.073046875 0.07259765625
0 0.5026953125 0.644921875 0.07443359375 0.0725
0 0.58099609375 0.599765625 0.07373046875 0.075390625
0 0.6574609375 0.55560546875 0.0742578125 0.0744140625
0 0.5806640625 0.5109765625 0.076015625 0.07447265625
0 0.5798046875 0.42115234375 0.07623046875 0.07248046875
0 0.58044921875 0.332890625 0.074609375 0.07458984375
0 0.73392578125 0.243125 0.07380859375 0.07365234375
0 0.65748046875 0.19794921875 0.07431640625 0.07357421875
0 0.5805078125 0.063671875 0.0766796875 0.0758984375
0 0.503671875 0.0280078125 0.07732421875 0.056015625
0 0.34853515625 0.10802734375 0.07578125 0.07431640625
0 0.27224609375 0.06232421875 0.0726953125 0.0741796875
0 0.19451171875 0.02724609375 0.077421875 0.0544921875
0 0.11720703125 0.061171875 0.0742578125 0.07478515625
0 0.271484375 0.150625 0.07408203125 0.0741015625
0 0.34904296875 0.1969140625 0.07580078125 0.07541015625
0 0.42626953125 0.24126953125 0.07494140625 0.07384765625
0 0.50291015625 0.286484375 0.07482421875 0.073984375
0 0.50306640625 0.3762890625 0.07427734375 0.07302734375
0 0.42552734375 0.33103515625 0.07443359375 0.07279296875
0 0.42576171875 0.4207421875 0.0748828125 0.075546875
0 0.34880859375 0.3749609375 0.073046875 0.07232421875
0 0.27181640625 0.41974609375 0.07279296875 0.072578125
0 0.34869140625 0.2852734375 0.0731640625 0.07251953125
0 0.27142578125 0.2412890625 0.0730078125 0.071953125
0 0.19353515625 0.19626953125 0.07349609375 0.07314453125
0 0.11673828125 0.24029296875 0.07328125 0.07287109375
0 0.194296875 0.28505859375 0.07294921875 0.07306640625
0 0.11669921875 0.33044921875 0.07517578125 0.07357421875
0 0.03935546875 0.37353515625 0.075546875 0.07328125
0 0.11578125 0.4192578125 0.0733203125 0.07255859375
0 0.0397265625 0.46341796875 0.07302734375 0.073515625
0 0.117109375 0.50857421875 0.0730859375 0.0735546875
0 0.03880859375 0.5529296875 0.07375 0.07294921875
0 0.038515625 0.64263671875 0.07314453125 0.07373046875
0 0.193984375 0.642890625 0.0734375 0.07326171875
0 0.1151171875 0.6874609375 0.074921875 0.07505859375
0 0.03958984375 0.73240234375 0.073359375 0.07369140625
0 0.11587890625 0.77748046875 0.0725390625 0.072578125
0 0.03908203125 0.91076171875 0.07330078125 0.0721875
0 0.03923828125 0.98224609375 0.07263671875 0.0355078125
0 0.11583984375 0.95521484375 0.07345703125 0.0737109375
0 0.1939453125 0.9819921875 0.07435546875 0.036015625
0 0.19388671875 0.91265625 0.0732421875 0.075
0 0.34787109375 0.983203125 0.07443359375 0.03359375
0 0.3480859375 0.91279296875 0.07390625 0.07234375
0 0.27103515625 0.866328125 0.0722265625 0.07361328125
0 0.34927734375 0.82181640625 0.0743359375 0.07291015625
0 0.42564453125 0.8680078125 0.07466796875 0.07115234375
0 0.34796875 0.73330078125 0.07365234375 0.07158203125
0 0.4253125 0.6890625 0.07498046875 0.07146484375
0 0.34880859375 0.6435546875 0.072421875 0.07169921875
0 0.2708203125 0.598046875 0.0737109375 0.07388671875
0 0.3484765625 0.5540234375 0.07373046875 0.07318359375
0 0.8125390625 0.02822265625 0.07462890625 0.0564453125