1 0.144140625 0.1275 0.10533203125 0.09978515625
1 0.1434375 0.3866796875 0.10671875 0.10810546875
1 0.71376953125 0.07 0.11642578125 0.1150390625
1 0.94037109375 0.32708984375 0.10671875 0.10255859375
1 0.71099609375 0.4566796875 0.10810546875 0.101171875
1 0.82603515625 0.523203125 0.11087890625 0.101171875
1 0.25224609375 0.71654296875 0.10533203125 0.10533203125
1 0.70822265625 0.84958984375 0.10533203125 0.10255859375
1 0.3658984375 0.91541015625 0.10533203125 0.1039453125
0 0.04255859375 0.05720703125 0.08509765625 0.09765625
0 0.0446484375 0.1897265625 0.08927734375 0.1032421875
0 0.0432421875 0.322265625 0.08650390625 0.1032421875
0 0.04185546875 0.45201171875 0.0837109375 0.1032421875
0 0.04044921875 0.58384765625 0.08091796875 0.107421875
0 0.04255859375 0.712890625 0.08509765625 0.10603515625
0 0.04255859375 0.84611328125 0.08509765625 0.11021484375
0 0.04044921875 0.96037109375 0.08091796875 0.07923828125
0 0.13951171875 0.9123828125 0.10603515625 0.10044921875
0 0.14369140625 0.78125 0.10880859375 0.1032421875
0 0.1423046875 0.65150390625 0.1116015625 0.09765625
0 0.1416015625 0.52037109375 0.107421875 0.10603515625
0 0.14298828125 0.25740234375 0.10462890625 0.107421875
0 0.14439453125 0.02302734375 0.1018359375 0.04603515625
0 0.2580859375 0.06208984375 0.10880859375 0.09904296875
0 0.25599609375 0.19322265625 0.10462890625 0.1018359375
0 0.25740234375 0.32505859375 0.11021484375 0.10603515625
0 0.2580859375 0.4541015625 0.10603515625 0.10462890625
0 0.25669921875 0.58455078125 0.10603515625 0.10880859375
0 0.25181640625 0.84751953125 0.107421875 0.107421875
0 0.25529296875 0.9638671875 0.10880859375 0.072265625
0 0.36759765625 0.78404296875 0.107421875 0.1032421875
0 0.370390625 0.65291015625 0.10462890625 0.10044921875
0 0.371796875 0.52107421875 0.10462890625 0.107421875
0 0.371796875 0.389921875 0.10462890625 0.107421875
0 0.37248046875 0.2594921875 0.1032421875 0.10880859375
0 0.371796875 0.12904296875 0.10462890625 0.10462890625
0 0.371796875 0.02650390625 0.1018359375 0.0530078125
0 0.48619140625 0.06068359375 0.107421875 0.10462890625
0 0.48619140625 0.19322265625 0.11021484375 0.1018359375
0 0.48478515625 0.32365234375 0.107421875 0.10603515625
0 0.48478515625 0.45619140625 0.11021484375 0.1032421875
0 0.4826953125 0.58732421875 0.1032421875 0.1032421875
0 0.48130859375 0.7184765625 0.1116015625 0.10880859375
0 0.48130859375 0.8503125 0.10880859375 0.10462890625
0 0.48060546875 0.9645703125 0.10462890625 0.07087890625
0 0.595 0.917265625 0.11021484375 0.09904296875
0 0.59431640625 0.78404296875 0.10880859375 0.10603515625
0 0.59779296875 0.654296875 0.11021484375 0.10603515625
0 0.59849609375 0.5231640625 0.10603515625 0.10880859375
0 0.59849609375 0.39271484375 0.1116015625 0.10462890625
0 0.5998828125 0.26158203125 0.10603515625 0.10462890625
0 0.5998828125 0.12974609375 0.10880859375 0.10603515625
0 0.59849609375 0.02580078125 0.1032421875 0.05162109375
0 0.71427734375 0.196015625 0.10880859375 0.107421875
0 0.71359375 0.3271484375 0.107421875 0.1018359375
0 0.71150390625 0.5908203125 0.1116015625 0.107421875
0 0.71009765625 0.71916015625 0.10880859375 0.10462890625
0 0.71009765625 0.96525390625 0.1116015625 0.06947265625
0 0.82240234375 0.917265625 0.1018359375 0.1018359375
0 0.82310546875 0.7868359375 0.10603515625 0.10603515625
0 0.8244921875 0.65568359375 0.10603515625 0.10880859375
0 0.8258984375 0.39201171875 0.10880859375 0.1032421875
0 0.82728515625 0.26017578125 0.10880859375 0.10462890625
0 0.82798828125 0.1318359375 0.10462890625 0.107421875
0 0.82798828125 0.02650390625 0.1018359375 0.0530078125
0 0.9416796875 0.06556640625 0.10603515625 0.1032421875
0 0.9416796875 0.19669921875 0.10603515625 0.1032421875
0 0.94099609375 0.46107421875 0.11021484375 0.10462890625
0 0.93888671875 0.5901171875 0.10880859375 0.1032421875
0 0.9375 0.72404296875 0.1116015625 0.10603515625
0 0.93541015625 0.85099609375 0.11021484375 0.10603515625
0 0.93470703125 0.96525390625 0.10880859375 0.06947265625