0 0.06 0.0620703125 0.0920703125 0.0823046875
0 0.060703125 0.168125 0.0851171875 0.087890625
0 0.0613671875 0.2671484375 0.0808984375 0.0851171875
0 0.05859375 0.37109375 0.086484375 0.086484375
0 0.05859375 0.46875 0.0808984375 0.0808984375
0 0.0613671875 0.5698828125 0.078125 0.0823046875
0 0.0571875 0.673828125 0.0837109375 0.0837109375
0 0.056484375 0.7784765625 0.0851171875 0.078125
0 0.06 0.8747265625 0.089296875 0.0920703125
0 0.059296875 0.9659765625 0.0851171875 0.0680859375
0 0.14859375 0.0258203125 0.0851171875 0.0516015625
0 0.14859375 0.117890625 0.0851171875 0.0739453125
1 0.1471875 0.216953125 0.07953125 0.07953125
0 0.1492578125 0.3152734375 0.0808984375 0.078125
0 0.144375 0.419921875 0.0823046875 0.0837109375
0 0.14859375 0.5224609375 0.0851171875 0.0906640625
0 0.1437109375 0.62640625 0.0808984375 0.089296875
0 0.1437109375 0.724765625 0.086484375 0.07671875
0 0.1430078125 0.8266015625 0.087890625 0.0851171875
0 0.145078125 0.9242578125 0.078125 0.07953125
0 0.1416015625 0.988984375 0.07671875 0.02203125
0 0.235078125 0.0641796875 0.0906640625 0.086484375
0 0.2378515625 0.1687890625 0.0851171875 0.0837109375
0 0.23578125 0.26578125 0.0837109375 0.07953125
0 0.236484375 0.3683203125 0.0851171875 0.078125
0 0.233671875 0.470859375 0.07953125 0.0739453125
0 0.232265625 0.5691796875 0.07671875 0.078125
0 0.232265625 0.67171875 0.087890625 0.087890625
0 0.234375 0.779140625 0.0808984375 0.0823046875
0 0.2308984375 0.8733203125 0.087890625 0.0725390625
0 0.2287890625 0.96875 0.0808984375 0.0625
0 0.320859375 0.0258203125 0.0808984375 0.048828125
0 0.3271484375 0.1130078125 0.09625 0.0808984375
0 0.32296875 0.216953125 0.07953125 0.0851171875
0 0.322265625 0.3173828125 0.086484375 0.0823046875
0 0.324375 0.4178125 0.0851171875 0.07953125
0 0.32015625 0.5231640625 0.07953125 0.086484375
0 0.322265625 0.6194140625 0.0808984375 0.0808984375
0 0.324375 0.7240625 0.07953125 0.0837109375
0 0.3187890625 0.822421875 0.0823046875 0.0823046875
0 0.3194921875 0.9221484375 0.089296875 0.0808984375
0 0.3083203125 0.9848046875 0.066953125 0.0304296875
0 0.41015625 0.0648828125 0.0837109375 0.068359375
0 0.412265625 0.166015625 0.0851171875 0.089296875
0 0.4066796875 0.274140625 0.0906640625 0.087890625
0 0.4129296875 0.3676171875 0.0837109375 0.07953125
1 0.4115625 0.4715234375 0.0837109375 0.0808984375
1 0.4066796875 0.574765625 0.0851171875 0.0808984375
0 0.41015625 0.673828125 0.086484375 0.078125
0 0.41015625 0.7742578125 0.0837109375 0.0808984375
0 0.4059765625 0.8747265625 0.089296875 0.0808984375
0 0.40875 0.9638671875 0.0837109375 0.072265625
0 0.498046875 0.02859375 0.0920703125 0.0571875
0 0.498046875 0.1130078125 0.0808984375 0.078125
0 0.4959375 0.2190234375 0.0739453125 0.078125
0 0.499453125 0.4269140625 0.078125 0.0808984375
0 0.4959375 0.5224609375 0.0823046875 0.0823046875
0 0.49734375 0.62640625 0.07953125 0.0837109375
0 0.4945703125 0.7296484375 0.0851171875 0.089296875
0 0.4910546875 0.8258984375 0.0808984375 0.0808984375
0 0.4917578125 0.927734375 0.0823046875 0.086484375
0 0.583828125 0.0711328125 0.07953125 0.0837109375
0 0.585234375 0.16671875 0.0906640625 0.0906640625
1 0.50015625 0.3215625 0.07953125 0.0906640625
1 0.5831640625 0.371796875 0.0837109375 0.0823046875
1 0.583828125 0.2699609375 0.0823046875 0.0851171875
1 0.67453125 0.223203125 0.0906640625 0.089296875
1 0.672421875 0.419921875 0.0808984375 0.0837109375
1 0.5831640625 0.576171875 0.0920703125 0.086484375
1 0.5859375 0.7763671875 0.0948828125 0.07953125
1 0.672421875 0.723359375 0.086484375 0.0851171875
1 0.7554296875 0.5712890625 0.0906640625 0.0851171875
1 0.8447265625 0.6222265625 0.087890625 0.086484375
1 0.935390625 0.5803515625 0.0823046875 0.086484375
1 0.9319140625 0.779140625 0.0808984375 0.087890625
0 0.6759375 0.03140625 0.09625 0.0627734375
0 0.6759375 0.128359375 0.0934765625 0.0920703125
1 0.6759375 0.322265625 0.087890625 0.089296875
0 0.583828125 0.47640625 0.0906640625 0.07671875
0 0.5817578125 0.6759375 0.086484375 0.07953125
0 0.5789453125 0.8761328125 0.089296875 0.0808984375
0 0.58453125 0.9722265625 0.0920703125 0.0555078125
0 0.67171875 0.83078125 0.087890625 0.0823046875
0 0.673828125 0.92703125 0.0920703125 0.07953125
0 0.6710546875 0.5231640625 0.0837109375 0.0808984375
0 0.6682421875 0.62359375 0.0837109375 0.0837109375
0 0.763125 0.7763671875 0.0837109375 0.0739453125
1 0.762421875 0.6759375 0.0906640625 0.087890625
0 0.7589453125 0.8858984375 0.0837109375 0.0837109375
0 0.8468359375 0.7268359375 0.086484375 0.0837109375
0 0.848203125 0.828671875 0.0753515625 0.0837109375
0 0.8454296875 0.9340234375 0.0920703125 0.0851171875
0 0.7658984375 0.9722265625 0.089296875 0.0555078125
0 0.9326171875 0.8775 0.07671875 0.0837109375
0 0.9340234375 0.96875 0.0823046875 0.0625
0 0.9896875 0.9242578125 0.0206640625 0.0739453125
0 0.987578125 0.829375 0.02484375 0.068359375
0 0.93609375 0.6787109375 0.0837109375 0.0823046875
0 0.98828125 0.6201171875 0.0234375 0.0711328125
0 0.986875 0.7254296875 0.0262109375 0.078125
0 0.7644921875 0.069765625 0.0808984375 0.0725390625
0 0.759609375 0.16671875 0.07671875 0.07953125
0 0.7589453125 0.2685546875 0.086484375 0.087890625
0 0.7603125 0.3696875 0.0808984375 0.078125
0 0.7582421875 0.4722265625 0.0851171875 0.0823046875
0 0.8426171875 0.02859375 0.0837109375 0.0571875
0 0.851015625 0.119296875 0.0837109375 0.087890625
0 0.848203125 0.2197265625 0.089296875 0.0851171875
0 0.8468359375 0.322265625 0.078125 0.0837109375
0 0.8454296875 0.4241015625 0.0837109375 0.0837109375
0 0.8426171875 0.525234375 0.0808984375 0.0851171875
1 0.9375 0.0725390625 0.0808984375 0.0808984375
0 0.936796875 0.1730078125 0.07953125 0.0837109375
0 0.939609375 0.274140625 0.07953125 0.07953125
0 0.9326171875 0.38015625 0.0851171875 0.087890625
0 0.9375 0.478515625 0.078125 0.0948828125
0 0.98828125 0.516171875 0.0234375 0.0725390625
0 0.9896875 0.1171875 0.0206640625 0.05859375
0 0.9896875 0.2218359375 0.0206640625 0.0725390625
0 0.9884375 0.3187890625 0.0209375 0.0739453125
0 0.986875 0.4136328125 0.0262109375 0.0655859375