1 0.192421875 0.00794921875 0.0405078125 0.0158984375
1 0.409375 0.020625 0.04328125 0.03978515625
1 0.41015625 0.07052734375 0.041953125 0.03833984375
1 0.5414453125 0.04666015625 0.04123046875 0.03978515625
1 0.58498046875 0.02169921875 0.04244140625 0.041953125
1 0.84779296875 0.023515625 0.041953125 0.03833984375
1 0.80404296875 0.04845703125 0.04123046875 0.0405078125
1 0.75990234375 0.1226171875 0.03978515625 0.03978515625
1 0.8470703125 0.1244140625 0.0405078125 0.0390625
1 0.8912109375 0.15009765625 0.041953125 0.03978515625
1 0.1034375 0.09404296875 0.041953125 0.041953125
1 0.1034375 0.14431640625 0.041953125 0.03978515625
1 0.45283203125 0.1967578125 0.0405078125 0.041953125
1 0.933515625 0.22533203125 0.03833984375 0.03978515625
1 0.8901171875 0.25029296875 0.03833984375 0.0390625
1 0.93388671875 0.32515625 0.0376171875 0.03978515625
1 0.8470703125 0.32515625 0.0405078125 0.03978515625
1 0.93388671875 0.37615234375 0.0405078125 0.0376171875
1 0.97693359375 0.4018359375 0.04123046875 0.03978515625
1 0.36458984375 0.29767578125 0.0405078125 0.03978515625
1 0.49515625 0.3248046875 0.04267578125 0.0390625
1 0.6268359375 0.34861328125 0.04228515625 0.0390625
1 0.71505859375 0.3501171875 0.03833984375 0.0390625
1 0.01736328125 0.39568359375 0.0347265625 0.041953125
1 0.0571484375 0.37146484375 0.041953125 0.03689453125
1 0.14431640625 0.42318359375 0.03978515625 0.0390625
1 0.18916015625 0.4477734375 0.04267578125 0.0405078125
1 0.40798828125 0.37291015625 0.0390625 0.03833984375
1 0.45283203125 0.39966796875 0.041953125 0.04123046875
1 0.40798828125 0.42390625 0.0405078125 0.0376171875
1 0.45138671875 0.44958984375 0.0405078125 0.03978515625
1 0.53927734375 0.4506640625 0.03978515625 0.0405078125
1 0.58376953125 0.47669921875 0.0405078125 0.0390625
1 0.62826171875 0.50166015625 0.04412109375 0.03833984375
1 0.49443359375 0.524453125 0.04123046875 0.0390625
1 0.406171875 0.57435546875 0.04123046875 0.0405078125
1 0.6694921875 0.5776171875 0.04123046875 0.04123046875
1 0.44994140625 0.6499609375 0.041953125 0.04123046875
1 0.6694921875 0.67853515625 0.04123046875 0.041953125
1 0.97583984375 0.6040234375 0.041953125 0.0405078125
1 0.9320703125 0.628984375 0.03833984375 0.03689453125
1 0.84490234375 0.73169921875 0.0405078125 0.03833984375
1 0.71251953125 0.7533984375 0.041953125 0.04123046875
1 0.58015625 0.77908203125 0.0405078125 0.0390625
1 0.6666015625 0.9302734375 0.03978515625 0.0405078125
1 0.62318359375 0.95630859375 0.03978515625 0.0376171875
1 0.621015625 0.9940625 0.03833984375 0.01185546875
1 0.36095703125 0.8539453125 0.0390625 0.03833984375
1 0.05388671875 0.82681640625 0.04123046875 0.0390625
1 0.0991015625 0.8521484375 0.0405078125 0.0390625
1 0.27234375 0.9038671875 0.04123046875 0.03978515625
1 0.18373046875 0.9544921875 0.041953125 0.04123046875
1 0.14033203125 0.97873046875 0.0390625 0.0405078125
1 0.0951171875 0.99189453125 0.03833984375 0.0162109375
0 0.0175390625 0.00763671875 0.035078125 0.0152734375
0 0.018671875 0.0438671875 0.03736328125 0.036796875
0 0.01953125 0.09396484375 0.0390625 0.03962890625
0 0.01810546875 0.14462890625 0.03623046875 0.0424609375
0 0.017265625 0.19583984375 0.03453125 0.03849609375
0 0.0175390625 0.2448046875 0.035078125 0.036796875
0 0.01669921875 0.294609375 0.0333984375 0.0390625
0 0.0169921875 0.34521484375 0.033984375 0.04130859375
0 0.016328125 0.4468359375 0.03265625 0.04064453125
0 0.01599609375 0.49681640625 0.0319921875 0.0419921875
0 0.016328125 0.546796875 0.03265625 0.03931640625
0 0.01533203125 0.59845703125 0.0306640625 0.03599609375
0 0.0156640625 0.6504296875 0.031328125 0.03998046875
0 0.01533203125 0.70041015625 0.0306640625 0.03865234375
0 0.01466796875 0.7510546875 0.02931640625 0.03998046875
0 0.015 0.8023828125 0.02998046875 0.03599609375
0 0.01466796875 0.851015625 0.02931640625 0.03732421875
0 0.01533203125 0.9006640625 0.0306640625 0.0353125
0 0.015 0.95365234375 0.02998046875 0.03998046875
0 0.0143359375 0.99248046875 0.02865234375 0.01501953125
0 0.05298828125 0.98064453125 0.04064453125 0.03666015625
0 0.0533203125 0.93099609375 0.03998046875 0.03998046875
0 0.0546484375 0.8780078125 0.03998046875 0.04064453125
0 0.053984375 0.77705078125 0.04265625 0.04265625
0 0.05431640625 0.72640625 0.04064453125 0.04265625
0 0.05564453125 0.67642578125 0.03931640625 0.03998046875
0 0.0546484375 0.62443359375 0.03998046875 0.03998046875
0 0.05630859375 0.57544921875 0.03931640625 0.0419921875
0 0.05630859375 0.52380859375 0.04064453125 0.04265625
0 0.05763671875 0.4731640625 0.03931640625 0.03865234375
0 0.0573046875 0.4221875 0.03998046875 0.04064453125
0 0.05697265625 0.320546875 0.04064453125 0.04130859375
0 0.0583203125 0.270234375 0.03931640625 0.03798828125
0 0.05865234375 0.2219140625 0.03998046875 0.03998046875
0 0.058984375 0.169609375 0.04064453125 0.04064453125
0 0.06064453125 0.1186328125 0.04130859375 0.03998046875
0 0.0603125 0.06931640625 0.03931640625 0.03998046875
0 0.0609765625 0.02 0.04064453125 0.03998046875
0 0.10529296875 0.00765625 0.03865234375 0.0153125
0 0.10462890625 0.04365234375 0.03998046875 0.04064453125
0 0.10330078125 0.194921875 0.04130859375 0.04064453125
0 0.10330078125 0.245234375 0.03865234375 0.03998046875
0 0.10162109375 0.295234375 0.0419921875 0.04130859375
0 0.10095703125 0.34587890625 0.03931640625 0.03998046875
0 0.10029296875 0.3971875 0.03931640625 0.03998046875
0 0.10095703125 0.44650390625 0.03931640625 0.04130859375
0 0.0999609375 0.4958203125 0.03865234375 0.03998046875
0 0.1012890625 0.54947265625 0.03865234375 0.04064453125
0 0.09830078125 0.6001171875 0.04064453125 0.04064453125
0 0.09962890625 0.649765625 0.03931640625 0.04130859375
0 0.0986328125 0.70041015625 0.03998046875 0.03865234375
0 0.09896484375 0.75205078125 0.03798828125 0.03931640625
0 0.09796875 0.80169921875 0.03998046875 0.03732421875
0 0.0973046875 0.903671875 0.03599609375 0.03865234375
0 0.0973046875 0.95431640625 0.03865234375 0.04130859375
0 0.140625 0.9293359375 0.03865234375 0.0419921875
0 0.141953125 0.87935546875 0.03865234375 0.0433203125
0 0.1426171875 0.8276953125 0.04265625 0.04130859375
0 0.1426171875 0.7773828125 0.04130859375 0.0433203125
0 0.1412890625 0.7257421875 0.03998046875 0.03865234375
0 0.14294921875 0.675078125 0.04064453125 0.04130859375
0 0.1439453125 0.62443359375 0.04265625 0.04130859375
0 0.1439453125 0.57412109375 0.04130859375 0.0433203125
0 0.14361328125 0.5228125 0.0433203125 0.04064453125
0 0.144609375 0.47515625 0.043984375 0.04130859375
0 0.1452734375 0.37220703125 0.03998046875 0.0419921875
0 0.1459375 0.32220703125 0.03998046875 0.03931640625
0 0.14560546875 0.2722265625 0.03931640625 0.04064453125
0 0.146953125 0.22125 0.03931640625 0.03865234375
0 0.146953125 0.17060546875 0.03931640625 0.03998046875
0 0.146953125 0.120625 0.03798828125 0.03998046875
0 0.14728515625 0.068984375 0.03998046875 0.03931640625
0 0.14861328125 0.0193359375 0.03998046875 0.03865234375
0 0.19259765625 0.04498046875 0.04265625 0.03931640625
0 0.189921875 0.096640625 0.04130859375 0.03998046875
0 0.192265625 0.1476171875 0.0419921875 0.04064453125
0 0.192265625 0.19626953125 0.04064453125 0.0419921875
0 0.18892578125 0.24658203125 0.03931640625 0.03865234375
0 0.18892578125 0.2965625 0.04064453125 0.03998046875
0 0.18958984375 0.34720703125 0.03931640625 0.04130859375
0 0.18958984375 0.39751953125 0.04064453125 0.03798828125
0 0.18826171875 0.49916015625 0.03931640625 0.03998046875
0 0.18759765625 0.54947265625 0.04064453125 0.03798828125
0 0.1866015625 0.6001171875 0.03865234375 0.04064453125
0 0.1879296875 0.65142578125 0.04265625 0.0419921875
0 0.1859375 0.70140625 0.04265625 0.04064453125
0 0.1859375 0.75205078125 0.04130859375 0.04064453125
0 0.1859375 0.8023828125 0.043984375 0.04130859375
0 0.1852734375 0.85369140625 0.04265625 0.04130859375
0 0.1852734375 0.90400390625 0.03998046875 0.03931640625
0 0.2282421875 0.9803125 0.04064453125 0.03732421875
0 0.22958984375 0.93 0.04064453125 0.0419921875
0 0.22958984375 0.878671875 0.0419921875 0.04064453125
0 0.2305859375 0.8290234375 0.03998046875 0.03865234375
0 0.22892578125 0.77771484375 0.04064453125 0.03865234375
0 0.229921875 0.72806640625 0.04130859375 0.03931640625
0 0.23125 0.6754296875 0.04265625 0.03931640625
0 0.2305859375 0.6254296875 0.04130859375 0.0419921875
0 0.23158203125 0.57412109375 0.04064453125 0.03931640625
0 0.23224609375 0.5248046875 0.0419921875 0.0433203125
0 0.2319140625 0.473828125 0.03998046875 0.04130859375
0 0.232578125 0.42451171875 0.03998046875 0.04130859375
0 0.232578125 0.37119140625 0.03998046875 0.04130859375
0 0.23357421875 0.3212109375 0.0419921875 0.03998046875
0 0.23423828125 0.2715625 0.0433203125 0.03931640625
0 0.23390625 0.22091796875 0.03998046875 0.0433203125
0 0.234921875 0.1709375 0.04064453125 0.0419921875
0 0.23423828125 0.11962890625 0.0419921875 0.0433203125
0 0.23525390625 0.06998046875 0.04130859375 0.03998046875
0 0.2355859375 0.021328125 0.03798828125 0.03865234375
0 0.27890625 0.00732421875 0.03798828125 0.0146484375
0 0.27990234375 0.0459765625 0.04265625 0.04130859375
0 0.27822265625 0.094296875 0.04064453125 0.03931640625
0 0.27857421875 0.1462890625 0.04130859375 0.03931640625
0 0.2772265625 0.19626953125 0.04265625 0.04064453125
0 0.27755859375 0.24625 0.03931640625 0.04064453125
0 0.27689453125 0.29689453125 0.04064453125 0.0433203125
0 0.27689453125 0.34787109375 0.0419921875 0.04130859375
0 0.27623046875 0.39685546875 0.04064453125 0.03931640625
0 0.27623046875 0.4481640625 0.0419921875 0.03931640625
0 0.275234375 0.4994921875 0.03998046875 0.0419921875
0 0.275234375 0.5498046875 0.04130859375 0.03865234375
0 0.27490234375 0.60044921875 0.04064453125 0.03998046875
0 0.2745703125 0.65142578125 0.03865234375 0.03931640625
0 0.27357421875 0.70140625 0.04064453125 0.0419921875
0 0.27357421875 0.75171875 0.04064453125 0.043984375
0 0.27291015625 0.80337890625 0.04064453125 0.0419921875
0 0.27390625 0.85203125 0.03998046875 0.0419921875
0 0.2722265625 0.9553125 0.04064453125 0.04064453125
0 0.27123046875 0.9921484375 0.0346484375 0.01568359375
0 0.3162109375 0.98048828125 0.04064453125 0.0390234375
0 0.316875 0.9306640625 0.03931640625 0.0433203125
0 0.317890625 0.87900390625 0.03998046875 0.04265625
0 0.316875 0.828359375 0.04064453125 0.03865234375
0 0.317890625 0.77904296875 0.04130859375 0.04130859375
0 0.3185546875 0.72740234375 0.04130859375 0.04064453125
0 0.31888671875 0.67775390625 0.0419921875 0.04130859375
0 0.31888671875 0.6264453125 0.04064453125 0.03865234375
0 0.31955078125 0.5751171875 0.04064453125 0.03865234375
0 0.31955078125 0.52580078125 0.03798828125 0.03865234375
0 0.3198828125 0.47515625 0.03998046875 0.03998046875
0 0.31955078125 0.42451171875 0.03931640625 0.04130859375
0 0.320546875 0.37453125 0.04130859375 0.04265625
0 0.32021484375 0.32322265625 0.03931640625 0.03998046875
0 0.321875 0.27291015625 0.04130859375 0.03931640625
0 0.32154296875 0.222578125 0.03931640625 0.03998046875
0 0.32255859375 0.17193359375 0.03998046875 0.03865234375
0 0.32220703125 0.12029296875 0.03931640625 0.03931640625
0 0.32322265625 0.071640625 0.03998046875 0.03931640625
0 0.32388671875 0.02166015625 0.03865234375 0.03666015625
0 0.36720703125 0.0069921875 0.03732421875 0.01400390625
0 0.365859375 0.04498046875 0.04130859375 0.03798828125
0 0.36787109375 0.09529296875 0.04130859375 0.03865234375
0 0.366875 0.146953125 0.03931640625 0.04064453125
0 0.3651953125 0.19693359375 0.03865234375 0.03931640625
0 0.36619140625 0.24724609375 0.04064453125 0.03998046875
0 0.3651953125 0.34853515625 0.04130859375 0.04265625
0 0.3638671875 0.398515625 0.03998046875 0.03998046875
0 0.363203125 0.44984375 0.03865234375 0.04130859375
0 0.3638671875 0.49982421875 0.03998046875 0.04130859375
0 0.361875 0.55013671875 0.03998046875 0.04064453125
0 0.363203125 0.6001171875 0.04265625 0.04064453125
0 0.3625390625 0.65208984375 0.04130859375 0.0419921875
0 0.363203125 0.70173828125 0.04130859375 0.04130859375
0 0.361875 0.752734375 0.03998046875 0.03931640625
0 0.361875 0.804375 0.04130859375 0.04130859375
0 0.360859375 0.9056640625 0.03931640625 0.03998046875
0 0.3601953125 0.95498046875 0.0419921875 0.04130859375
0 0.36052734375 0.9928125 0.03599609375 0.01435546875
0 0.40517578125 0.98015625 0.04130859375 0.0396875
0 0.4041796875 0.93166015625 0.04064453125 0.04265625
0 0.403515625 0.8796875 0.03931640625 0.04130859375
0 0.40552734375 0.830703125 0.04064453125 0.04064453125
0 0.40517578125 0.77904296875 0.04130859375 0.03865234375
0 0.40517578125 0.72939453125 0.03998046875 0.0419921875
0 0.405859375 0.67775390625 0.04265625 0.03998046875
0 0.4065234375 0.62677734375 0.04265625 0.0419921875
0 0.40884765625 0.5261328125 0.0433203125 0.03798828125
0 0.40818359375 0.47482421875 0.03931640625 0.04064453125
0 0.4091796875 0.32255859375 0.04130859375 0.03732421875
0 0.40984375 0.27291015625 0.03998046875 0.04064453125
0 0.4091796875 0.2219140625 0.03998046875 0.04130859375
0 0.4091796875 0.17126953125 0.04130859375 0.03998046875
0 0.410859375 0.120625 0.04064453125 0.03865234375
0 0.45583984375 0.008671875 0.03865234375 0.01732421875
0 0.453828125 0.0459765625 0.03865234375 0.03732421875
0 0.4544921875 0.096640625 0.03998046875 0.04130859375
0 0.45484375 0.14560546875 0.04064453125 0.04064453125
0 0.45283203125 0.2482421875 0.03931640625 0.04064453125
0 0.45216796875 0.2972265625 0.03931640625 0.03998046875
0 0.45216796875 0.34853515625 0.0419921875 0.03865234375
0 0.45216796875 0.501484375 0.03931640625 0.03931640625
0 0.451171875 0.55080078125 0.03865234375 0.03931640625
0 0.4525 0.60177734375 0.04265625 0.03732421875
0 0.448828125 0.70240234375 0.04064453125 0.03998046875
0 0.44951171875 0.7523828125 0.04064453125 0.04130859375
0 0.44984375 0.80404296875 0.03865234375 0.04064453125
0 0.44916015625 0.85435546875 0.03998046875 0.03865234375
0 0.44783203125 0.90466796875 0.03998046875 0.03931640625
0 0.44783203125 0.95630859375 0.03998046875 0.03865234375
0 0.44783203125 0.99416015625 0.03599609375 0.01169921875
0 0.491484375 0.9809765625 0.04064453125 0.03732421875
0 0.49248046875 0.93232421875 0.04130859375 0.04265625
0 0.49181640625 0.88068359375 0.03865234375 0.04064453125
0 0.49181640625 0.830703125 0.04130859375 0.0419921875
0 0.49248046875 0.77970703125 0.04130859375 0.03998046875
0 0.49314453125 0.7290625 0.04130859375 0.04265625
0 0.49416015625 0.67908203125 0.03931640625 0.03998046875
0 0.49349609375 0.6277734375 0.04064453125 0.03998046875
0 0.493828125 0.576796875 0.04130859375 0.04064453125
0 0.4958203125 0.476484375 0.03865234375 0.04130859375
0 0.49548828125 0.42451171875 0.04064453125 0.04130859375
0 0.49615234375 0.373203125 0.03931640625 0.03998046875
0 0.49681640625 0.27357421875 0.04064453125 0.03931640625
0 0.49681640625 0.2242578125 0.03931640625 0.03931640625
0 0.4971484375 0.17359375 0.03865234375 0.0419921875
0 0.49748046875 0.12228515625 0.03798828125 0.04064453125
0 0.4984765625 0.0736328125 0.03998046875 0.03798828125
0 0.4984765625 0.02232421875 0.03998046875 0.03666015625
0 0.5411328125 0.008671875 0.03732421875 0.01732421875
0 0.5411328125 0.09796875 0.03865234375 0.03732421875
0 0.54013671875 0.146953125 0.04064453125 0.03798828125
0 0.54046875 0.19859375 0.03998046875 0.03998046875
0 0.54046875 0.24990234375 0.03998046875 0.03732421875
0 0.53947265625 0.29822265625 0.0419921875 0.03931640625
0 0.53947265625 0.348203125 0.0433203125 0.03931640625
0 0.53880859375 0.3991796875 0.04064453125 0.03998046875
0 0.539140625 0.501484375 0.03998046875 0.03666015625
0 0.5384765625 0.55046875 0.03998046875 0.03998046875
0 0.5378125 0.6034375 0.03998046875 0.04064453125
0 0.5374609375 0.6517578125 0.04064453125 0.03998046875
0 0.53880859375 0.70375 0.0419921875 0.04130859375
0 0.536796875 0.75439453125 0.04064453125 0.03998046875
0 0.536796875 0.804375 0.0419921875 0.04265625
0 0.53646484375 0.8566796875 0.03998046875 0.0433203125
0 0.5361328125 0.90701171875 0.0433203125 0.04130859375
0 0.5348046875 0.9559765625 0.0419921875 0.04064453125
0 0.53513671875 0.99314453125 0.03865234375 0.01369140625
0 0.57912109375 0.98134765625 0.03998046875 0.03732421875
0 0.58111328125 0.93232421875 0.043984375 0.04265625
0 0.5801171875 0.88201171875 0.03798828125 0.03798828125
0 0.5801171875 0.83169921875 0.04064453125 0.043984375
0 0.58078125 0.7297265625 0.03931640625 0.03998046875
0 0.5824609375 0.67875 0.04130859375 0.03931640625
0 0.58212890625 0.6284375 0.03931640625 0.03998046875
0 0.5824609375 0.576796875 0.04130859375 0.03931640625
0 0.58279296875 0.5278125 0.04064453125 0.04130859375
0 0.581796875 0.4255078125 0.04130859375 0.0419921875
0 0.58345703125 0.37486328125 0.04064453125 0.03931640625
0 0.58345703125 0.32421875 0.04064453125 0.0419921875
0 0.58478515625 0.27556640625 0.0419921875 0.0433203125
0 0.5851171875 0.224921875 0.03998046875 0.0419921875
0 0.58345703125 0.17359375 0.0433203125 0.04064453125
0 0.58544921875 0.1226171875 0.0433203125 0.04265625
0 0.58412109375 0.0723046875 0.03931640625 0.0419921875
0 0.63009765625 0.0093359375 0.04064453125 0.01865234375
0 0.62876953125 0.04732421875 0.0433203125 0.03865234375
0 0.6291015625 0.09763671875 0.03998046875 0.03931640625
0 0.62876953125 0.14794921875 0.04064453125 0.04130859375
0 0.6291015625 0.19693359375 0.04130859375 0.04064453125
0 0.62810546875 0.24791015625 0.0419921875 0.04130859375
0 0.62810546875 0.29921875 0.0433203125 0.03998046875
0 0.627109375 0.4001953125 0.03865234375 0.03931640625
0 0.62744140625 0.4505078125 0.0433203125 0.03865234375
0 0.6264453125 0.55080078125 0.03998046875 0.03931640625
0 0.627109375 0.6027734375 0.04265625 0.03798828125
0 0.62509765625 0.65208984375 0.04130859375 0.03798828125
0 0.62611328125 0.70341796875 0.0419921875 0.03798828125
0 0.624765625 0.75306640625 0.04064453125 0.03998046875
0 0.62509765625 0.80337890625 0.04265625 0.04064453125
0 0.6241015625 0.85501953125 0.03798828125 0.04265625
0 0.62443359375 0.90533203125 0.04130859375 0.03931640625
0 0.66576171875 0.98064453125 0.043984375 0.03798828125
0 0.66775390625 0.88068359375 0.04130859375 0.0419921875
0 0.66841796875 0.83103515625 0.03998046875 0.03865234375
0 0.66875 0.780390625 0.04064453125 0.03998046875
0 0.66908203125 0.72939453125 0.04130859375 0.04064453125
0 0.67009765625 0.62876953125 0.04064453125 0.0419921875
0 0.67076171875 0.5271484375 0.0419921875 0.04265625
0 0.67109375 0.47681640625 0.04130859375 0.03798828125
0 0.67076171875 0.42716796875 0.03798828125 0.04130859375
0 0.67109375 0.3738671875 0.043984375 0.04265625
0 0.6717578125 0.32521484375 0.03865234375 0.04130859375
0 0.67109375 0.275234375 0.04130859375 0.043984375
0 0.6730859375 0.2242578125 0.04130859375 0.03931640625
0 0.67208984375 0.1752734375 0.04064453125 0.04130859375
0 0.67341796875 0.1239453125 0.04064453125 0.04130859375
0 0.67275390625 0.071640625 0.04064453125 0.03931640625
0 0.6744140625 0.0219921875 0.03865234375 0.03998046875
0 0.71806640625 0.00833984375 0.03798828125 0.01666015625
0 0.717734375 0.04765625 0.04130859375 0.03931640625
0 0.71673828125 0.09796875 0.0419921875 0.03998046875
0 0.71541015625 0.14927734375 0.04064453125 0.03998046875
0 0.71474609375 0.19892578125 0.03931640625 0.04064453125
0 0.7157421875 0.2482421875 0.03865234375 0.03931640625
0 0.7157421875 0.29888671875 0.03998046875 0.04064453125
0 0.7133984375 0.4001953125 0.03931640625 0.04064453125
0 0.71474609375 0.45150390625 0.0419921875 0.04064453125
0 0.71474609375 0.501484375 0.03931640625 0.04064453125
0 0.71474609375 0.553125 0.04064453125 0.03998046875
0 0.7133984375 0.60310546875 0.04064453125 0.03998046875
0 0.7133984375 0.6530859375 0.0419921875 0.04265625
0 0.7133984375 0.70408203125 0.03931640625 0.03931640625
0 0.712734375 0.80603515625 0.03931640625 0.04064453125
0 0.7120703125 0.85701171875 0.04064453125 0.03998046875
0 0.7120703125 0.90599609375 0.03931640625 0.03931640625
0 0.71107421875 0.95666015625 0.04130859375 0.03931640625
0 0.71041015625 0.99548828125 0.03732421875 0.0090234375
0 0.75439453125 0.9821484375 0.04130859375 0.03568359375
0 0.75505859375 0.93365234375 0.03998046875 0.03998046875
0 0.75572265625 0.88400390625 0.04265625 0.0446484375
0 0.75572265625 0.83169921875 0.04130859375 0.03998046875
0 0.75505859375 0.78138671875 0.04265625 0.04064453125
0 0.75638671875 0.73173828125 0.04265625 0.043984375
0 0.75705078125 0.6794140625 0.04130859375 0.04064453125
0 0.75638671875 0.629765625 0.03865234375 0.03998046875
0 0.75705078125 0.57712890625 0.03865234375 0.04130859375
0 0.7573828125 0.5284765625 0.03931640625 0.03865234375
0 0.7573828125 0.4781640625 0.0419921875 0.0433203125
0 0.7590625 0.42751953125 0.04130859375 0.03931640625
0 0.75939453125 0.3765234375 0.03931640625 0.04265625
0 0.7590625 0.325546875 0.03998046875 0.04064453125
0 0.76005859375 0.27423828125 0.03931640625 0.04064453125
0 0.75873046875 0.2255859375 0.03798828125 0.04064453125
0 0.75873046875 0.17359375 0.04064453125 0.0419921875
0 0.760390625 0.07296875 0.03865234375 0.03798828125
0 0.7597265625 0.0233203125 0.04130859375 0.04130859375
0 0.80603515625 0.00966796875 0.0433203125 0.0193359375
0 0.8037109375 0.09962890625 0.04130859375 0.0419921875
0 0.8037109375 0.14927734375 0.04265625 0.04265625
0 0.80203125 0.20025390625 0.04064453125 0.0419921875
0 0.80271484375 0.2495703125 0.03931640625 0.0419921875
0 0.80271484375 0.29921875 0.03931640625 0.04130859375
0 0.8037109375 0.34986328125 0.03865234375 0.03998046875
0 0.80169921875 0.40119140625 0.03998046875 0.04130859375
0 0.803046875 0.45150390625 0.03998046875 0.04064453125
0 0.8023828125 0.50181640625 0.04265625 0.03998046875
0 0.80103515625 0.5524609375 0.04130859375 0.04265625
0 0.80037109375 0.6037890625 0.04130859375 0.03998046875
0 0.800703125 0.6534375 0.0419921875 0.0433203125
0 0.80169921875 0.705078125 0.04265625 0.04130859375
0 0.8000390625 0.7547265625 0.04064453125 0.0419921875
0 0.79970703125 0.80470703125 0.03998046875 0.03798828125
0 0.79904296875 0.8553515625 0.03998046875 0.0419921875
0 0.79970703125 0.906328125 0.04130859375 0.04130859375
0 0.799375 0.95765625 0.04064453125 0.04265625
0 0.79771484375 0.9944921875 0.03998046875 0.01103515625
0 0.8426953125 0.98115234375 0.03931640625 0.03767578125
0 0.84203125 0.93365234375 0.0433203125 0.04130859375
0 0.84369140625 0.883671875 0.04130859375 0.03998046875
0 0.843359375 0.833359375 0.0433203125 0.0419921875
0 0.84369140625 0.78138671875 0.04130859375 0.0419921875
0 0.8446875 0.68041015625 0.03931640625 0.04265625
0 0.8440234375 0.6284375 0.0433203125 0.04130859375
0 0.84435546875 0.5801171875 0.04130859375 0.0433203125
0 0.84435546875 0.5278125 0.04265625 0.04130859375
0 0.8453515625 0.47716796875 0.0433203125 0.04130859375
0 0.8463671875 0.4268359375 0.04130859375 0.04064453125
0 0.84568359375 0.37619140625 0.03998046875 0.04064453125
0 0.84736328125 0.2745703125 0.04064453125 0.03865234375
0 0.84802734375 0.22525390625 0.0419921875 0.04130859375
0 0.84802734375 0.174609375 0.04064453125 0.04265625
0 0.8476953125 0.07498046875 0.03998046875 0.04064453125
0 0.89234375 0.01 0.03865234375 0.02
0 0.89201171875 0.048984375 0.0419921875 0.04064453125
0 0.8916796875 0.0986328125 0.03998046875 0.04130859375
0 0.8916796875 0.20126953125 0.043984375 0.04130859375
0 0.891015625 0.30123046875 0.03998046875 0.03998046875
0 0.8916796875 0.35154296875 0.04130859375 0.04064453125
0 0.89068359375 0.40251953125 0.0419921875 0.04130859375
0 0.89 0.4525 0.0433203125 0.04265625
0 0.88966796875 0.50314453125 0.03998046875 0.04265625
0 0.8893359375 0.55345703125 0.0433203125 0.04064453125
0 0.88900390625 0.60412109375 0.04265625 0.03931640625
0 0.88833984375 0.6554296875 0.043984375 0.0433203125
0 0.88833984375 0.7070703125 0.04130859375 0.03998046875
0 0.88767578125 0.755390625 0.04265625 0.04064453125
0 0.88634765625 0.80603515625 0.03998046875 0.04064453125
0 0.88734375 0.85568359375 0.0419921875 0.03865234375
0 0.88734375 0.90734375 0.04064453125 0.04064453125
0 0.8866796875 0.95765625 0.0419921875 0.04130859375
0 0.8880078125 0.99515625 0.0353125 0.0096875
0 0.93099609375 0.98181640625 0.04130859375 0.03634765625
0 0.93033203125 0.935 0.03865234375 0.04265625
0 0.9319921875 0.883671875 0.0433203125 0.04130859375
0 0.93099609375 0.8346875 0.03865234375 0.04064453125
0 0.931328125 0.78337890625 0.04064453125 0.03798828125
0 0.93166015625 0.7320703125 0.043984375 0.0433203125
0 0.9319921875 0.68041015625 0.0433203125 0.04265625
0 0.93265625 0.5801171875 0.04064453125 0.03931640625
0 0.93265625 0.52947265625 0.04064453125 0.04064453125
0 0.933984375 0.47716796875 0.0433203125 0.03865234375
0 0.9333203125 0.42650390625 0.03931640625 0.03998046875
0 0.93431640625 0.2772265625 0.03865234375 0.04130859375
0 0.9356640625 0.17427734375 0.03865234375 0.03931640625
0 0.9356640625 0.12462890625 0.04130859375 0.03732421875
0 0.9356640625 0.074296875 0.043984375 0.04064453125
0 0.9356640625 0.0246484375 0.04130859375 0.03865234375
0 0.97865234375 0.01033203125 0.04064453125 0.0206640625
0 0.9794921875 0.04931640625 0.041015625 0.03865234375
0 0.9794921875 0.099296875 0.041015625 0.03865234375
0 0.97849609375 0.1489453125 0.0430078125 0.0419921875
0 0.97849609375 0.19958984375 0.0430078125 0.04064453125
0 0.97982421875 0.25125 0.0403515625 0.04265625
0 0.9781640625 0.3015625 0.04369140625 0.03931640625
0 0.97796875 0.35287109375 0.0419921875 0.03931640625
0 0.9773046875 0.453828125 0.04064453125 0.03865234375
0 0.9759765625 0.5028125 0.0419921875 0.03931640625
0 0.9759765625 0.553125 0.0419921875 0.04130859375
0 0.97564453125 0.6554296875 0.03865234375 0.03931640625
0 0.97498046875 0.70541015625 0.04130859375 0.04064453125
0 0.97498046875 0.75638671875 0.04130859375 0.03998046875
0 0.97431640625 0.80669921875 0.04130859375 0.03931640625
0 0.97498046875 0.8576953125 0.04130859375 0.03998046875
0 0.9746484375 0.9080078125 0.03931640625 0.04064453125
0 0.9733203125 0.95798828125 0.0419921875 0.03798828125
0 0.9723046875 0.99416015625 0.0333203125 0.01169921875