0 0.10658203125 0.04591796875 0.0448046875 0.04404296875
0 0.0209375 0.09619140625 0.041875 0.0441015625
0 0.10515625 0.14662109375 0.0451171875 0.045546875
0 0.27943359375 0.0956640625 0.04677734375 0.04515625
0 0.32296875 0.172890625 0.04607421875 0.0462890625
0 0.1912890625 0.24625 0.047109375 0.0459765625
0 0.103671875 0.29662109375 0.045546875 0.04416015625
0 0.190859375 0.3476953125 0.04626953125 0.046875
0 0.3659375 0.3481640625 0.04634765625 0.0467578125
0 0.018828125 0.49798828125 0.03765625 0.045
0 0.10298828125 0.447890625 0.04607421875 0.04630859375
0 0.10267578125 0.4989453125 0.0475390625 0.04478515625
0 0.01845703125 0.59794921875 0.0369140625 0.043984375
0 0.1458203125 0.57412109375 0.045 0.046015625
0 0.1006640625 0.64962890625 0.04564453125 0.044765625
0 0.1440234375 0.67501953125 0.0453125 0.04474609375
0 0.23158203125 0.67490234375 0.0451953125 0.046640625
0 0.2313671875 0.7269140625 0.04478515625 0.04408203125
0 0.31994140625 0.6251171875 0.04529296875 0.04646484375
0 0.36265625 0.75212890625 0.0461328125 0.04775390625
0 0.3620703125 0.80228515625 0.04390625 0.0423046875
0 0.3180859375 0.82759765625 0.044765625 0.04578125
0 0.3177734375 0.8779296875 0.04625 0.04658203125
0 0.1866796875 0.90404296875 0.0453125 0.0433984375
0 0.23 0.92826171875 0.0446875 0.045703125
0 0.27376953125 0.99103515625 0.04287109375 0.0179296875
0 0.3614453125 0.95458984375 0.046875 0.0455078125
0 0.36458984375 0.49998046875 0.0446875 0.0437890625
0 0.45166015625 0.49974609375 0.04466796875 0.04421875
0 0.4526171875 0.549921875 0.04623046875 0.04619140625
0 0.4066796875 0.6251953125 0.04615234375 0.0434765625
0 0.49525390625 0.42359375 0.04501953125 0.04337890625
0 0.4528125 0.29748046875 0.047734375 0.0474609375
0 0.54138671875 0.24720703125 0.04533203125 0.0442578125
1 0.19271484375 0.04548828125 0.045390625 0.04185546875
1 0.06373046875 0.02134765625 0.0457421875 0.0426171875
1 0.0634375 0.070078125 0.0475 0.04419921875
1 0.150390625 0.07123046875 0.04744140625 0.04458984375
1 0.237265625 0.0206640625 0.046796875 0.041328125
1 0.2362109375 0.0714453125 0.04705078125 0.04453125
1 0.1938671875 0.0956640625 0.04591796875 0.0455078125
1 0.14955078125 0.12064453125 0.046484375 0.04375
1 0.10583984375 0.09630859375 0.04734375 0.04537109375
1 0.06173828125 0.12099609375 0.0474609375 0.044921875
1 0.0212109375 0.04564453125 0.042421875 0.04376953125
1 0.0212109375 0.146015625 0.042421875 0.04451171875
1 0.02068359375 0.196875 0.0413671875 0.04490234375
1 0.06197265625 0.1712890625 0.046171875 0.04453125
1 0.0610546875 0.2216796875 0.046953125 0.04583984375
1 0.0204296875 0.246640625 0.04083984375 0.04640625
1 0.1051953125 0.196484375 0.0470703125 0.04677734375
1 0.149296875 0.1721484375 0.04779296875 0.04546875
1 0.148125 0.22162109375 0.0454296875 0.04439453125
1 0.10423828125 0.246171875 0.046875 0.0448046875
1 0.05970703125 0.271875 0.0475390625 0.04755859375
1 0.02015625 0.29642578125 0.0403125 0.04529296875
1 0.019765625 0.34728515625 0.03953125 0.04517578125
1 0.05986328125 0.3213671875 0.0472265625 0.04650390625
1 0.02015625 0.39734375 0.0403125 0.04515625
1 0.019765625 0.44814453125 0.03953125 0.04611328125
1 0.10333984375 0.39849609375 0.04603515625 0.04548828125
1 0.06052734375 0.42287109375 0.04642578125 0.04619140625
1 0.05939453125 0.473203125 0.0476171875 0.044921875
1 0.01923828125 0.54890625 0.0384765625 0.04564453125
1 0.05876953125 0.523984375 0.04623046875 0.04447265625
1 0.05896484375 0.5738671875 0.04689453125 0.0462109375
1 0.10275390625 0.54919921875 0.04720703125 0.04556640625
1 0.101640625 0.59908203125 0.04787109375 0.0453125
1 0.0583203125 0.62466796875 0.048203125 0.04517578125
1 0.01923828125 0.6492578125 0.0384765625 0.0469921875
1 0.01884765625 0.70037109375 0.0376953125 0.045390625
1 0.10078125 0.69970703125 0.04748046875 0.04458984375
1 0.05669921875 0.674765625 0.046171875 0.0454296875
1 0.0566015625 0.72568359375 0.04609375 0.04576171875
1 0.1004296875 0.7513671875 0.04599609375 0.04330078125
1 0.01857421875 0.75095703125 0.0371484375 0.04578125
1 0.05638671875 0.77572265625 0.04791015625 0.0446484375
1 0.0183203125 0.80107421875 0.036640625 0.046015625
1 0.018046875 0.85154296875 0.03609375 0.045625
1 0.05716796875 0.8261328125 0.04578125 0.04544921875
1 0.05650390625 0.87744140625 0.04708984375 0.04541015625
1 0.01857421875 0.902109375 0.0371484375 0.04609375
1 0.017265625 0.95236328125 0.03453125 0.04396484375
1 0.01779296875 0.99052734375 0.0355859375 0.0189453125
1 0.0553515625 0.9776953125 0.04623046875 0.044609375
1 0.09951171875 0.9900390625 0.04521484375 0.01994140625
1 0.0562109375 0.9273046875 0.0471484375 0.04580078125
1 0.10009765625 0.902734375 0.049375 0.046015625
1 0.099921875 0.9526953125 0.04708984375 0.0439453125
1 0.14375 0.92798828125 0.04787109375 0.0465234375
1 0.14337890625 0.9778515625 0.046484375 0.04427734375
1 0.187421875 0.95337890625 0.0478515625 0.0473046875
1 0.23029296875 0.9778515625 0.04791015625 0.04427734375
1 0.27328125 0.95396484375 0.0457421875 0.042421875
1 0.14458984375 0.876796875 0.04892578125 0.04677734375
1 0.099921875 0.8523046875 0.047734375 0.04580078125
1 0.1008203125 0.8021484375 0.0475390625 0.04552734375
1 0.14458984375 0.77697265625 0.0462890625 0.043828125
1 0.14427734375 0.82720703125 0.046953125 0.046953125
1 0.1446875 0.72630859375 0.0471484375 0.04513671875
1 0.18876953125 0.70107421875 0.0458203125 0.04404296875
1 0.18693359375 0.99076171875 0.04255859375 0.0184765625
1 0.18775390625 0.75091796875 0.04876953125 0.04568359375
1 0.18791015625 0.80181640625 0.0458203125 0.04361328125
1 0.18693359375 0.85251953125 0.0477734375 0.04509765625
1 0.27439453125 0.80306640625 0.046328125 0.04478515625
1 0.2308203125 0.77658203125 0.04673828125 0.0460546875
1 0.230703125 0.82693359375 0.04646484375 0.04615234375
1 0.2312109375 0.87828125 0.04490234375 0.04693359375
1 0.274921875 0.852578125 0.0473828125 0.04455078125
1 0.2747265625 0.9037109375 0.04828125 0.0462109375
1 0.27474609375 0.7005859375 0.04509765625 0.04494140625
1 0.27521484375 0.7520703125 0.0473046875 0.04537109375
1 0.1890234375 0.5993359375 0.0462109375 0.04625
1 0.145 0.62470703125 0.04751953125 0.04669921875
1 0.232265625 0.6249609375 0.0469921875 0.044609375
1 0.18994140625 0.65087890625 0.04595703125 0.0455078125
1 0.2756640625 0.65138671875 0.0469140625 0.0419140625
1 0.2328125 0.5751171875 0.04484375 0.0455078125
1 0.1892578125 0.5498046875 0.0478515625 0.04650390625
1 0.14611328125 0.5237890625 0.0458203125 0.044765625
1 0.14552734375 0.4737109375 0.04857421875 0.04455078125
1 0.1898046875 0.4484765625 0.04568359375 0.044375
1 0.1898046875 0.49927734375 0.04830078125 0.04669921875
1 0.2334375 0.47384765625 0.04673828125 0.04482421875
1 0.2774609375 0.44896484375 0.0459375 0.0433984375
1 0.276484375 0.49892578125 0.04529296875 0.04533203125
1 0.232421875 0.5240625 0.04666015625 0.0446484375
1 0.3199609375 0.525703125 0.046640625 0.04453125
1 0.32015625 0.4743359375 0.0457421875 0.043828125
1 0.2761328125 0.5498828125 0.0465234375 0.04470703125
1 0.23369140625 0.4232421875 0.0446484375 0.04357421875
1 0.19111328125 0.39794921875 0.04568359375 0.0445703125
1 0.14634765625 0.4226953125 0.0443359375 0.04416015625
1 0.14771484375 0.37208984375 0.04576171875 0.04509765625
1 0.23435546875 0.3733203125 0.0459375 0.043671875
1 0.0599609375 0.37234375 0.04728515625 0.04498046875
1 0.10431640625 0.34720703125 0.04583984375 0.04564453125
1 0.14771484375 0.32265625 0.04576171875 0.04357421875
1 0.1483984375 0.271875 0.046484375 0.045859375
1 0.19037109375 0.296328125 0.045625 0.0434375
1 0.23458984375 0.32263671875 0.04705078125 0.0435546875
1 0.19267578125 0.1466796875 0.0462109375 0.0443359375
1 0.23625 0.1208203125 0.0458203125 0.0448828125
1 0.23609375 0.17142578125 0.0461328125 0.0455078125
0 0.44990234375 0.7019140625 0.04712890625 0.04369140625
0 0.4978515625 0.171875 0.04599609375 0.04357421875
0 0.58544921875 0.12263671875 0.04548828125 0.0441015625
0 0.62923828125 0.09697265625 0.04646484375 0.04349609375
0 0.4554296875 0.0478515625 0.047734375 0.04421875
0 0.76056640625 0.07328125 0.045546875 0.043203125
0 0.803203125 0.34947265625 0.04662109375 0.04353515625
0 0.71515625 0.3497265625 0.0464453125 0.04431640625
0 0.97330078125 0.99322265625 0.0421484375 0.0135546875
0 0.931015625 0.83111328125 0.04681640625 0.043359375
0 0.97509765625 0.6549609375 0.0457421875 0.0445703125
0 0.93244140625 0.577890625 0.0457421875 0.04529296875
0 0.97609375 0.5533203125 0.0455078125 0.0449609375
0 0.97658203125 0.45306640625 0.04634765625 0.0453125
0 0.97806640625 0.14916015625 0.04384765625 0.0440234375
1 0.31755859375 0.97853515625 0.0457421875 0.0429296875
1 0.36060546875 0.9918359375 0.04314453125 0.01634765625
1 0.31849609375 0.92962890625 0.04552734375 0.04451171875
1 0.36171875 0.90447265625 0.04587890625 0.04388671875
1 0.36220703125 0.853203125 0.04544921875 0.04560546875
1 0.3187890625 0.7268359375 0.04609375 0.04369140625
1 0.318359375 0.77671875 0.04525390625 0.0451953125
1 0.31849609375 0.67650390625 0.04552734375 0.04353515625
1 0.36322265625 0.65072265625 0.04677734375 0.04306640625
1 0.36279296875 0.70130859375 0.0459375 0.04484375
1 0.40716796875 0.6770703125 0.04509765625 0.0446484375
1 0.4058984375 0.7269921875 0.04537109375 0.0444140625
1 0.27623046875 0.600390625 0.04609375 0.0445703125
1 0.31990234375 0.57455078125 0.04552734375 0.0453515625
1 0.36345703125 0.54912109375 0.04517578125 0.04474609375
1 0.36380859375 0.59998046875 0.0455859375 0.04373046875
1 0.4076171875 0.57552734375 0.0453125 0.04451171875
1 0.40796875 0.5241015625 0.044609375 0.04384765625
1 0.36380859375 0.44951171875 0.047265625 0.04513671875
1 0.32099609375 0.42349609375 0.04560546875 0.04626953125
1 0.36578125 0.39833984375 0.0455859375 0.0456640625
1 0.2768359375 0.39814453125 0.04546875 0.0459375
1 0.278203125 0.34783203125 0.04609375 0.04470703125
1 0.321484375 0.32314453125 0.04462890625 0.04375
1 0.319375 0.37333984375 0.046015625 0.04517578125
1 0.27837890625 0.2969921875 0.0457421875 0.0444921875
1 0.235625 0.27291015625 0.04560546875 0.04392578125
1 0.27896484375 0.24779296875 0.0451171875 0.04603515625
1 0.2349609375 0.2223828125 0.046171875 0.04587890625
1 0.19166015625 0.19759765625 0.04494140625 0.0433984375
1 0.2794140625 0.14666015625 0.0459375 0.04568359375
1 0.27814453125 0.19701171875 0.04501953125 0.0454296875
1 0.28130859375 0.04607421875 0.04599609375 0.045859375
0 0.32466796875 0.02140625 0.04517578125 0.0428125
1 0.32408203125 0.0712890625 0.045078125 0.044765625
1 0.36755859375 0.0462890625 0.043984375 0.044140625
0 0.41134765625 0.02171875 0.04361328125 0.0434375
1 0.41177734375 0.0715625 0.04490234375 0.04423828125
1 0.36775390625 0.0962890625 0.04705078125 0.04587890625
1 0.32337890625 0.12228515625 0.04689453125 0.0441796875
1 0.41083984375 0.12208984375 0.04462890625 0.04326171875
1 0.366328125 0.14759765625 0.04689453125 0.0437890625
1 0.36673828125 0.19712890625 0.04822265625 0.04568359375
1 0.32283203125 0.22146484375 0.0475390625 0.0455078125
1 0.36638671875 0.2473828125 0.04591796875 0.04525390625
1 0.32265625 0.272265625 0.04490234375 0.04400390625
1 0.36611328125 0.29705078125 0.04646484375 0.04470703125
1 0.409609375 0.3234375 0.04537109375 0.04484375
1 0.409140625 0.3740234375 0.0471484375 0.04455078125
1 0.4079296875 0.42423828125 0.047421875 0.0445703125
1 0.40734375 0.47423828125 0.0464453125 0.04599609375
1 0.4095703125 0.27314453125 0.045859375 0.045234375
1 0.40984375 0.2225 0.04533203125 0.04435546875
1 0.41068359375 0.173046875 0.04537109375 0.04529296875
0 0.49880859375 0.02193359375 0.044375 0.0438671875
1 0.4982421875 0.07212890625 0.04640625 0.04365234375
1 0.45470703125 0.09681640625 0.04609375 0.0447265625
1 0.45359375 0.14705078125 0.0465234375 0.0466796875
1 0.4537109375 0.1975 0.04412109375 0.0445703125
1 0.45357421875 0.24744140625 0.04658203125 0.04396484375
1 0.4976953125 0.222578125 0.0453125 0.04365234375
1 0.4965625 0.27341796875 0.0458203125 0.04427734375
1 0.4961328125 0.32322265625 0.04712890625 0.046171875
1 0.4523046875 0.34818359375 0.04736328125 0.045
1 0.45228515625 0.39908203125 0.04564453125 0.04466796875
1 0.49576171875 0.3739453125 0.044765625 0.04490234375
1 0.45251953125 0.4495703125 0.04560546875 0.0451953125
1 0.4951171875 0.52578125 0.04564453125 0.04384765625
1 0.49501953125 0.47517578125 0.04494140625 0.043671875
1 0.4508203125 0.6011328125 0.0463671875 0.0451953125
1 0.4512109375 0.65197265625 0.04736328125 0.0436328125
1 0.49412109375 0.626328125 0.045859375 0.04396484375
1 0.49423828125 0.6774609375 0.04388671875 0.04408203125
1 0.45013671875 0.75314453125 0.04685546875 0.045546875
1 0.4059375 0.8285546875 0.047421875 0.045390625
1 0.40505859375 0.87908203125 0.0478515625 0.04537109375
1 0.40462890625 0.9301953125 0.04697265625 0.04330078125
1 0.405234375 0.978984375 0.04708984375 0.04203125
1 0.44830078125 0.99150390625 0.04263671875 0.0169921875
1 0.44849609375 0.95505859375 0.04576171875 0.044140625
1 0.4492578125 0.90458984375 0.0473046875 0.04533203125
1 0.44904296875 0.8540625 0.04685546875 0.04533203125
1 0.44970703125 0.803828125 0.0459765625 0.04478515625
1 0.49455078125 0.5760546875 0.04455078125 0.04390625
0 0.6303515625 0.00947265625 0.04453125 0.01892578125
1 0.5858203125 0.0217578125 0.04447265625 0.0433984375
1 0.5423046875 0.04599609375 0.04478515625 0.04302734375
1 0.58548828125 0.0721875 0.04513671875 0.0435546875
1 0.673359375 0.02236328125 0.04474609375 0.04220703125
1 0.62888671875 0.04693359375 0.0441015625 0.0426171875
1 0.54162109375 0.0968359375 0.0451953125 0.0451953125
1 0.54123046875 0.14712890625 0.0440625 0.04330078125
1 0.4975 0.12228515625 0.0457421875 0.04486328125
1 0.5846484375 0.1721484375 0.0448828125 0.04330078125
1 0.5398828125 0.1976171875 0.0453125 0.0423828125
1 0.62921875 0.147578125 0.04583984375 0.04384765625
1 0.58412109375 0.2227734375 0.045 0.044453125
1 0.62857421875 0.19880859375 0.04572265625 0.044765625
1 0.6280859375 0.24853515625 0.044765625 0.04353515625
1 0.58384765625 0.27294921875 0.045078125 0.04470703125
1 0.53970703125 0.29953125 0.04615234375 0.04544921875
1 0.62701171875 0.298828125 0.045 0.04400390625
1 0.583671875 0.32314453125 0.0458984375 0.0444140625
1 0.53974609375 0.34896484375 0.04560546875 0.0448046875
1 0.53966796875 0.3994140625 0.0466796875 0.0444140625
1 0.58283203125 0.37404296875 0.04662109375 0.04373046875
1 0.5833984375 0.4237890625 0.04595703125 0.044296875
1 0.53759765625 0.44984375 0.0475 0.04314453125
1 0.53923828125 0.50068359375 0.0451953125 0.04494140625
1 0.53884765625 0.5512109375 0.04501953125 0.04591796875
1 0.53828125 0.60123046875 0.0456640625 0.0440625
1 0.537890625 0.65228515625 0.04548828125 0.0448828125
1 0.53765625 0.7027734375 0.04501953125 0.04400390625
1 0.49388671875 0.727109375 0.0453125 0.04498046875
1 0.4934375 0.7780859375 0.043828125 0.04255859375
1 0.53728515625 0.7535546875 0.04572265625 0.0454296875
1 0.49337890625 0.82853515625 0.045859375 0.04466796875
1 0.49296875 0.879765625 0.0462109375 0.0446484375
1 0.49177734375 0.92984375 0.0462109375 0.04412109375
1 0.4925 0.97951171875 0.0462109375 0.0409765625
1 0.76046875 0.02255859375 0.0453125 0.04353515625
1 0.80439453125 0.04794921875 0.0428515625 0.04408203125
1 0.8487109375 0.02220703125 0.04439453125 0.04333984375
0 0.893125 0.00919921875 0.041640625 0.0183984375
1 0.936171875 0.0223828125 0.0425 0.04244140625
1 0.8919921875 0.0477734375 0.04654296875 0.044453125
1 0.84771484375 0.073203125 0.0438671875 0.0447265625
1 0.804296875 0.097578125 0.0462109375 0.0447265625
1 0.75974609375 0.1225 0.04578125 0.04443359375
1 0.71703125 0.0470703125 0.0444140625 0.043046875
1 0.6728125 0.07181640625 0.04509765625 0.04474609375
1 0.71658203125 0.09791015625 0.04443359375 0.043984375
1 0.67212890625 0.12248046875 0.0455859375 0.044375
1 0.67240234375 0.1730859375 0.04568359375 0.044375
1 0.67193359375 0.2228515625 0.04423828125 0.04396484375
1 0.67126953125 0.27451171875 0.045703125 0.0443359375
1 0.670625 0.32451171875 0.0467578125 0.0458984375
1 0.62703125 0.34919921875 0.04548828125 0.04560546875
1 0.62703125 0.39994140625 0.04501953125 0.044453125
1 0.62673828125 0.45076171875 0.0462890625 0.04533203125
1 0.5826171875 0.47541015625 0.04625 0.0454296875
1 0.58173828125 0.5257421875 0.04451171875 0.0448828125
1 0.5825 0.57607421875 0.04599609375 0.044765625
1 0.58123046875 0.62716796875 0.0444140625 0.0448046875
1 0.58150390625 0.67759765625 0.04728515625 0.044921875
1 0.58083984375 0.72828125 0.04642578125 0.045546875
1 0.5807421875 0.77861328125 0.0476171875 0.04544921875
1 0.53623046875 0.8037890625 0.0463671875 0.04470703125
1 0.53666015625 0.85333984375 0.04578125 0.04306640625
1 0.53625 0.905234375 0.04591796875 0.04376953125
1 0.53580078125 0.9555859375 0.045 0.04603515625
1 0.536015625 0.99228515625 0.04171875 0.0154296875
1 0.5794921875 0.97951171875 0.0451171875 0.0409765625
1 0.623046875 0.99251953125 0.04220703125 0.01498046875
1 0.62328125 0.95630859375 0.046796875 0.0447265625
1 0.5800390625 0.93015625 0.04525390625 0.04486328125
1 0.57994140625 0.88029296875 0.046015625 0.0440234375
1 0.58095703125 0.82927734375 0.045703125 0.04509765625
1 0.62431640625 0.8550390625 0.04701171875 0.045546875
1 0.62359375 0.90607421875 0.046015625 0.04544921875
1 0.667734375 0.9309375 0.0479296875 0.0445703125
1 0.667421875 0.97939453125 0.04685546875 0.0412109375
1 0.70978515625 0.99263671875 0.04291015625 0.01474609375
1 0.7118359375 0.95705078125 0.0465234375 0.04525390625
1 0.71166015625 0.90677734375 0.046640625 0.04408203125
1 0.6675 0.88072265625 0.045859375 0.044140625
1 0.66798828125 0.830625 0.0470703125 0.04513671875
1 0.624140625 0.804609375 0.0457421875 0.0444921875
1 0.6246484375 0.75310546875 0.045859375 0.043984375
1 0.62451171875 0.70349609375 0.0469140625 0.04564453125
1 0.62474609375 0.652109375 0.0487890625 0.0459375
1 0.62580078125 0.60158203125 0.0471875 0.0451953125
1 0.62595703125 0.55140625 0.04658203125 0.04560546875
1 0.62615234375 0.50099609375 0.046953125 0.0459765625
1 0.6715625 0.37501953125 0.045859375 0.0448046875
1 0.67083984375 0.4255859375 0.04767578125 0.0455859375
1 0.67046875 0.475703125 0.0487890625 0.045546875
1 0.66970703125 0.525859375 0.04677734375 0.04650390625
1 0.66943359375 0.576484375 0.04669921875 0.0460546875
1 0.66912109375 0.62693359375 0.0465625 0.0457421875
1 0.66876953125 0.6772265625 0.0467578125 0.04556640625
1 0.668046875 0.7276953125 0.04578125 0.0466796875
1 0.66818359375 0.77904296875 0.048359375 0.04677734375
1 0.716328125 0.14798828125 0.0462109375 0.04525390625
1 0.71548828125 0.19712890625 0.0478125 0.04509765625
1 0.71572265625 0.24875 0.0455078125 0.0452734375
1 0.715703125 0.2990234375 0.0463671875 0.0445703125
1 0.71462890625 0.3999609375 0.04609375 0.0463671875
1 0.71384765625 0.45015625 0.0477734375 0.044609375
1 0.71341796875 0.5010546875 0.0473828125 0.04564453125
1 0.7137109375 0.5514453125 0.04703125 0.0456640625
1 0.7130859375 0.60251953125 0.04625 0.0466015625
1 0.713046875 0.65296875 0.04568359375 0.0458203125
1 0.712578125 0.70328125 0.04662109375 0.04521484375
1 0.711875 0.7540234375 0.046640625 0.0441015625
1 0.711640625 0.80529296875 0.04615234375 0.045390625
1 0.71169921875 0.855859375 0.04580078125 0.04486328125
1 0.75501953125 0.97998046875 0.04654296875 0.0400390625
1 0.7983984375 0.99287109375 0.0413671875 0.01427734375
1 0.8421875 0.9806640625 0.04677734375 0.03865234375
1 0.88654296875 0.993203125 0.04169921875 0.01357421875
1 0.92994140625 0.98033203125 0.04630859375 0.03935546875
1 0.9740234375 0.95806640625 0.04576171875 0.0444921875
1 0.9972265625 0.98337890625 0.00556640625 0.02224609375
1 0.99724609375 0.9333203125 0.00548828125 0.0247265625
1 0.88669921875 0.957890625 0.046640625 0.044609375
1 0.7984765625 0.95740234375 0.04755859375 0.0455078125
1 0.755546875 0.93150390625 0.0462109375 0.045234375
1 0.7555078125 0.881171875 0.0475 0.04580078125
1 0.75578125 0.83 0.0471484375 0.04513671875
1 0.7557421875 0.77953125 0.0456640625 0.04404296875
1 0.75650390625 0.72904296875 0.04671875 0.04474609375
1 0.7562109375 0.67771484375 0.0451953125 0.04515625
1 0.75673828125 0.62728515625 0.04673828125 0.042734375
1 0.7569921875 0.57734375 0.0466015625 0.045
1 0.75828125 0.52703125 0.04703125 0.04603515625
1 0.758046875 0.47611328125 0.04609375 0.0454296875
1 0.75779296875 0.42572265625 0.04837890625 0.046328125
1 0.75845703125 0.37515625 0.04599609375 0.04455078125
1 0.75853515625 0.3247265625 0.04615234375 0.04630859375
1 0.7593359375 0.27455078125 0.04587890625 0.04578125
1 0.75912109375 0.22376953125 0.04498046875 0.045
1 0.75943359375 0.17267578125 0.04453125 0.0440625
1 0.80375 0.14822265625 0.04533203125 0.04443359375
1 0.84783203125 0.12302734375 0.04640625 0.0447265625
1 0.89068359375 0.09876953125 0.044296875 0.04546875
1 0.9353125 0.073125 0.04501953125 0.044140625
0 0.9780078125 0.009765625 0.04400390625 0.01955078125
1 0.97818359375 0.048359375 0.0436328125 0.0431640625
1 0.9780078125 0.098359375 0.042578125 0.0437109375
1 0.935390625 0.12248046875 0.044453125 0.0450390625
1 0.89126953125 0.14751953125 0.0433203125 0.0444140625
1 0.847421875 0.1733203125 0.04556640625 0.04392578125
1 0.80345703125 0.19830078125 0.04689453125 0.04603515625
1 0.80359375 0.24890625 0.0450390625 0.04443359375
1 0.8466796875 0.22416015625 0.04552734375 0.04564453125
1 0.80234375 0.2992578125 0.0439453125 0.0458984375
1 0.84734375 0.27478515625 0.0454296875 0.0448046875
1 0.84650390625 0.32380859375 0.045859375 0.0450390625
1 0.8458203125 0.37494140625 0.0466796875 0.0451953125
1 0.8028125 0.39966796875 0.04703125 0.04466796875
1 0.80181640625 0.450625 0.04578125 0.04400390625
1 0.8016796875 0.50177734375 0.04708984375 0.04560546875
1 0.8011328125 0.55224609375 0.0470703125 0.04638671875
1 0.8006640625 0.60275390625 0.0455859375 0.04349609375
1 0.80013671875 0.6533203125 0.0466796875 0.045
1 0.8001171875 0.70404296875 0.0455859375 0.04576171875
1 0.799921875 0.75466796875 0.04677734375 0.04578125
1 0.79939453125 0.8045703125 0.046796875 0.0469921875
1 0.7990625 0.8558984375 0.047734375 0.046328125
1 0.79841796875 0.90646484375 0.0453515625 0.0462109375
1 0.8414453125 0.930859375 0.0451171875 0.0438671875
1 0.8423828125 0.880234375 0.04697265625 0.044921875
1 0.8430859375 0.831015625 0.04521484375 0.0450390625
1 0.890546875 0.19865234375 0.04474609375 0.044609375
1 0.9350390625 0.173515625 0.04583984375 0.0449609375
1 0.9777734375 0.19927734375 0.044453125 0.04533203125
1 0.9341796875 0.22392578125 0.0441015625 0.04505859375
1 0.97791015625 0.25013671875 0.0441796875 0.04529296875
1 0.89107421875 0.249296875 0.04578125 0.0457421875
1 0.9337890625 0.274375 0.047578125 0.046875
1 0.8901171875 0.29978515625 0.04654296875 0.0465234375
1 0.93400390625 0.32583984375 0.0448046875 0.0453515625
1 0.97763671875 0.3006640625 0.04470703125 0.045625
1 0.97697265625 0.35111328125 0.0460546875 0.044765625
1 0.88953125 0.34990234375 0.04802734375 0.04501953125
1 0.93353515625 0.375859375 0.04548828125 0.04525390625
1 0.88921875 0.4005859375 0.046875 0.04623046875
1 0.84513671875 0.4249609375 0.04556640625 0.04541015625
1 0.8448046875 0.4756640625 0.04650390625 0.0450390625
1 0.8457421875 0.52708984375 0.04625 0.04455078125
1 0.84509765625 0.57724609375 0.04708984375 0.04416015625
1 0.8441015625 0.628359375 0.04720703125 0.045703125
1 0.8443359375 0.67888671875 0.04716796875 0.044453125
1 0.84416015625 0.72888671875 0.0462890625 0.0453515625
1 0.84359375 0.77947265625 0.04671875 0.04474609375
1 0.8867578125 0.90740234375 0.045703125 0.0454296875
1 0.93076171875 0.93296875 0.04685546875 0.04541015625
1 0.97421875 0.9078515625 0.04638671875 0.04578125
1 0.9972265625 0.879921875 0.005546875 0.025625
0 0.93005859375 0.8810546875 0.04599609375 0.046015625
1 0.8868359375 0.85611328125 0.0471875 0.04552734375
1 0.88734375 0.805859375 0.04626953125 0.04498046875
1 0.887109375 0.75484375 0.04595703125 0.04439453125
1 0.88775390625 0.705078125 0.04587890625 0.045078125
1 0.88828125 0.65328125 0.0445703125 0.04470703125
1 0.8880078125 0.60310546875 0.044609375 0.04515625
1 0.88865234375 0.552734375 0.04529296875 0.04525390625
1 0.8890625 0.5021484375 0.04673828125 0.044921875
1 0.88919921875 0.45076171875 0.0451953125 0.04296875
1 0.9329296875 0.47720703125 0.0449609375 0.044921875
1 0.933671875 0.42626953125 0.04537109375 0.04482421875
1 0.9770703125 0.40193359375 0.0449609375 0.0449609375
1 0.93271484375 0.5275 0.0476171875 0.04669921875
1 0.976484375 0.50203125 0.04521484375 0.04359375
1 0.97548828125 0.60287109375 0.04744140625 0.04541015625
1 0.9319140625 0.62849609375 0.046015625 0.045625
1 0.93208984375 0.6788671875 0.0463671875 0.045390625
1 0.97482421875 0.7047265625 0.04662109375 0.0450390625
1 0.93095703125 0.72947265625 0.04673828125 0.045625
1 0.97498046875 0.75595703125 0.045390625 0.04548828125
1 0.9307421875 0.78037109375 0.04734375 0.04537109375
1 0.9745703125 0.806328125 0.045078125 0.04470703125
1 0.974921875 0.857109375 0.04525390625 0.04421875