0 0.04015625 0.0487109375 0.0677734375 0.06689453125
0 0.1809765625 0.049609375 0.0700390625 0.06771484375
0 0.038671875 0.12833984375 0.06779296875 0.0676953125
0 0.2501953125 0.169296875 0.0657421875 0.0669921875
0 0.38869140625 0.33310546875 0.0697265625 0.066875
0 0.2476953125 0.413046875 0.067578125 0.06931640625
1 0.3884375 0.4151953125 0.07068359375 0.0688671875
0 0.52859375 0.414140625 0.07119140625 0.07140625
0 0.03505859375 0.6983984375 0.0676171875 0.06888671875
0 0.0334375 0.86021484375 0.066875 0.0682421875
0 0.384375 0.90208984375 0.07015625 0.07134765625
0 0.45404296875 0.86263671875 0.06912109375 0.06814453125
0 0.5253515625 0.902265625 0.07005859375 0.06921875
0 0.9501171875 0.90486328125 0.06927734375 0.06724609375
0 0.9508203125 0.66009765625 0.06666015625 0.0687890625
0 0.81029296875 0.49712890625 0.06876953125 0.06958984375
1 0.81171875 0.255546875 0.0715625 0.071484375
0 0.95509765625 0.0218359375 0.07103515625 0.04365234375
0 0.110625 0.02083984375 0.07357421875 0.0416796875
1 0.11095703125 0.0887109375 0.068984375 0.06609375
0 0.25111328125 0.0216015625 0.07056640625 0.04318359375
0 0.03869140625 0.21064453125 0.06771484375 0.0671484375
1 0.10775390625 0.170390625 0.07283203125 0.07017578125
0 0.10873046875 0.25197265625 0.0665625 0.06859375
0 0.0387890625 0.2918359375 0.06583984375 0.06759765625
0 0.0380078125 0.37189453125 0.0672265625 0.0676953125
0 0.10845703125 0.3310546875 0.06484375 0.0649609375
0 0.10595703125 0.4124609375 0.06888671875 0.065859375
0 0.0380859375 0.4559375 0.06845703125 0.06939453125
0 0.03611328125 0.535390625 0.0694140625 0.06765625
0 0.03619140625 0.61615234375 0.06822265625 0.0687890625
0 0.03283203125 0.777890625 0.0656640625 0.0665625
0 0.03189453125 0.94162109375 0.0637890625 0.06326171875
1 0.032265625 0.993515625 0.0554296875 0.0129296875
0 0.101953125 0.97431640625 0.0666796875 0.05138671875
0 0.1028125 0.9010546875 0.068671875 0.068125
0 0.10388671875 0.820390625 0.070078125 0.0691796875
0 0.1036328125 0.738203125 0.0700390625 0.06708984375
0 0.10513671875 0.65658203125 0.07015625 0.067265625
0 0.1049609375 0.57564453125 0.06896484375 0.0705859375
0 0.10603515625 0.4941015625 0.06638671875 0.0664453125
0 0.181015625 0.12904296875 0.06876953125 0.0677734375
0 0.25044921875 0.089609375 0.06802734375 0.06775390625
1 0.31998046875 0.05013671875 0.07197265625 0.06623046875
1 0.3196484375 0.13158203125 0.07044921875 0.069609375
0 0.31908203125 0.2108203125 0.0684375 0.06611328125
1 0.1786328125 0.2103125 0.0708203125 0.0724609375
0 0.24923828125 0.2509765625 0.0696875 0.07037109375
0 0.177890625 0.290078125 0.06767578125 0.06505859375
0 0.24712890625 0.33185546875 0.0709375 0.0707421875
0 0.17759765625 0.37291015625 0.0695703125 0.0686328125
0 0.1771484375 0.45302734375 0.0680859375 0.06837890625
0 0.246953125 0.49587890625 0.0669921875 0.07009765625
0 0.17552734375 0.53615234375 0.06962890625 0.0686328125
0 0.24341796875 0.9741015625 0.070234375 0.051796875
0 0.17314453125 0.94220703125 0.06841796875 0.06900390625
0 0.38421875 0.97515625 0.06833984375 0.0496484375
0 0.314296875 0.94150390625 0.066796875 0.07025390625
0 0.24470703125 0.90123046875 0.0698046875 0.0677734375
0 0.1741015625 0.86087890625 0.0676953125 0.06798828125
0 0.1738671875 0.779375 0.0672265625 0.06896484375
0 0.243828125 0.82046875 0.07314453125 0.07201171875
0 0.17517578125 0.69796875 0.06861328125 0.0676953125
0 0.24486328125 0.7382421875 0.07095703125 0.0753125
0 0.17537109375 0.6158984375 0.06880859375 0.0684765625
0 0.24580078125 0.656796875 0.07046875 0.070078125
0 0.246875 0.5759375 0.0670703125 0.0701171875
0 0.31833984375 0.29205078125 0.0700390625 0.07046875
0 0.318046875 0.37349609375 0.0719140625 0.07091796875
0 0.3169140625 0.4550390625 0.0671875 0.07001953125
0 0.3875390625 0.4953515625 0.06916015625 0.0693359375
0 0.3161328125 0.5355859375 0.0687109375 0.06759765625
0 0.386796875 0.5762109375 0.0666015625 0.06869140625
0 0.31482421875 0.61705078125 0.068125 0.06810546875
0 0.3155078125 0.6990234375 0.06810546875 0.07107421875
0 0.31595703125 0.78111328125 0.06796875 0.068046875
0 0.31353515625 0.86134765625 0.06921875 0.068671875
0 0.3846484375 0.821953125 0.06794921875 0.068125
0 0.5258984375 0.97494140625 0.07072265625 0.0501171875
0 0.45544921875 0.94337890625 0.069765625 0.06806640625
0 0.59548828125 0.9448046875 0.06791015625 0.07119140625
1 0.735703125 0.94390625 0.07224609375 0.0715625
0 0.66490234375 0.97576171875 0.0708984375 0.0484765625
0 0.80865234375 0.97515625 0.06970703125 0.04966796875
0 0.9476171875 0.97625 0.07224609375 0.0475
0 0.8779296875 0.9446875 0.06869140625 0.06876953125
0 0.80744140625 0.904140625 0.0673046875 0.0712109375
0 0.8781640625 0.864609375 0.07091796875 0.0696875
0 0.9485546875 0.8244921875 0.07029296875 0.06978515625
0 0.87837890625 0.78369140625 0.067109375 0.07052734375
0 0.9494140625 0.74154296875 0.07095703125 0.068984375
0 0.8791015625 0.70103515625 0.06923828125 0.0689453125
0 0.95052734375 0.57771484375 0.0687109375 0.06505859375
0 0.94966796875 0.49763671875 0.0691015625 0.067265625
0 0.951171875 0.41740234375 0.068203125 0.071171875
0 0.9523046875 0.335078125 0.06560546875 0.065078125
1 0.9544140625 0.17341796875 0.06736328125 0.07021484375
0 0.95345703125 0.0909375 0.066875 0.07033203125
0 0.8147265625 0.02072265625 0.0687890625 0.04142578125
0 0.88515625 0.0493359375 0.066640625 0.06685546875
0 0.88359375 0.1325390625 0.070078125 0.069609375
0 0.88435546875 0.21119140625 0.0673046875 0.0671484375
0 0.95318359375 0.25419921875 0.0652734375 0.06544921875
1 0.6719921875 0.02181640625 0.073125 0.04361328125
0 0.533046875 0.02140625 0.0703125 0.0428125
0 0.4615625 0.04845703125 0.06818359375 0.066484375
0 0.39349609375 0.022890625 0.0703515625 0.04578125
0 0.39091796875 0.090078125 0.06994140625 0.0690234375
0 0.3901171875 0.1703515625 0.069609375 0.0672265625
0 0.4605078125 0.1319140625 0.06912109375 0.070078125
1 0.74322265625 0.0498046875 0.068984375 0.0681640625
0 0.6716796875 0.08849609375 0.06892578125 0.0674609375
0 0.743515625 0.13271484375 0.07046875 0.06958984375
0 0.81388671875 0.09177734375 0.06908203125 0.069609375
0 0.88298828125 0.29505859375 0.06927734375 0.0686328125
0 0.88205078125 0.37537109375 0.07025390625 0.06955078125
1 0.88025390625 0.45576171875 0.0734375 0.0673046875
0 0.88044921875 0.5380078125 0.068515625 0.0676171875
0 0.8799609375 0.619140625 0.069609375 0.06783203125
0 0.8105078125 0.5785546875 0.06798828125 0.071015625
0 0.38923828125 0.25109375 0.06919921875 0.06708984375
0 0.4607421875 0.2093359375 0.07134765625 0.07017578125
0 0.53294921875 0.08931640625 0.0712109375 0.06814453125
0 0.60267578125 0.05056640625 0.07080078125 0.0696484375
0 0.81181640625 0.1740234375 0.0683203125 0.0708203125
0 0.60109375 0.132109375 0.06833984375 0.06826171875
0 0.530546875 0.17126953125 0.0715234375 0.0690625
0 0.45775390625 0.45408203125 0.06904296875 0.06708984375
0 0.457421875 0.53619140625 0.06990234375 0.06810546875
1 0.457421875 0.61744140625 0.071015625 0.0691796875
0 0.38603515625 0.659296875 0.06767578125 0.07001953125
0 0.3853125 0.7406640625 0.06830078125 0.0697265625
0 0.45484375 0.78107421875 0.0683203125 0.0681640625
0 0.45751953125 0.6982421875 0.06791015625 0.069375
1 0.5278515625 0.4950390625 0.068359375 0.0665625
0 0.460078125 0.3732421875 0.06955078125 0.0669140625
0 0.4594140625 0.29228515625 0.07251953125 0.07046875
0 0.5311328125 0.25337890625 0.06994140625 0.07056640625
0 0.60142578125 0.21255859375 0.06861328125 0.06744140625
0 0.6709375 0.1735546875 0.06921875 0.0708203125
0 0.67060546875 0.25361328125 0.07017578125 0.06916015625
0 0.74193359375 0.21333984375 0.0686328125 0.0690234375
0 0.741328125 0.29333984375 0.066875 0.06951171875
0 0.811875 0.33435546875 0.06892578125 0.06951171875
0 0.809140625 0.41666015625 0.069609375 0.07126953125
0 0.74142578125 0.37427734375 0.07052734375 0.06802734375
0 0.66951171875 0.33484375 0.06890625 0.0685546875
0 0.601328125 0.2934375 0.06982421875 0.06880859375
0 0.53064453125 0.33431640625 0.06919921875 0.065546875
0 0.59990234375 0.3748828125 0.06994140625 0.0698828125
0 0.6003515625 0.45482421875 0.0689453125 0.07041015625
0 0.67033203125 0.41603515625 0.06591796875 0.0684765625
0 0.74021484375 0.4545703125 0.0684765625 0.06779296875
0 0.66873046875 0.49734375 0.067421875 0.06865234375
0 0.73826171875 0.537578125 0.0681640625 0.0659375
0 0.52796875 0.5778515625 0.07037109375 0.06880859375
0 0.59892578125 0.53783203125 0.06814453125 0.0712109375
0 0.6674609375 0.57849609375 0.0675 0.066953125
0 0.59751953125 0.61986328125 0.06953125 0.069375
0 0.52767578125 0.65912109375 0.0682421875 0.068984375
0 0.52787109375 0.74005859375 0.07337890625 0.06943359375
0 0.59693359375 0.69974609375 0.06828125 0.06984375
0 0.5972265625 0.78365234375 0.0673828125 0.07021484375
0 0.526328125 0.82025390625 0.07060546875 0.06623046875
0 0.66701171875 0.8226171875 0.06841796875 0.06708984375
0 0.59734375 0.86349609375 0.06857421875 0.0707421875
0 0.665390625 0.903359375 0.06708984375 0.0685546875
0 0.73587890625 0.86390625 0.06904296875 0.0687109375
0 0.807421875 0.8214453125 0.06994140625 0.0684765625
0 0.7379296875 0.78080078125 0.06845703125 0.06701171875
0 0.80791015625 0.74162109375 0.06841796875 0.0694140625
0 0.66671875 0.74083984375 0.0669921875 0.06767578125
0 0.7373046875 0.69970703125 0.06876953125 0.064453125
0 0.66703125 0.65916015625 0.06986328125 0.06853515625
0 0.73845703125 0.61880859375 0.06685546875 0.06873046875
0 0.80876953125 0.660234375 0.06966796875 0.0699609375