1 0.003828125 0.0041796875 0.00765625 0.00837890625
1 0.15486328125 0.009765625 0.0446484375 0.01953125
1 0.32923828125 0.01115234375 0.0432421875 0.02232421875
1 0.41642578125 0.01046875 0.04185546875 0.02091796875
1 0.50328125 0.01115234375 0.039765625 0.02232421875
1 0.85310546875 0.009765625 0.04044921875 0.01953125
1 0.3721484375 0.024765625 0.039765625 0.038359375
1 0.15451171875 0.04953125 0.04115234375 0.03767578125
1 0.4157421875 0.05056640625 0.0446484375 0.039765625
1 0.54931640625 0.07533203125 0.04533203125 0.0390625
1 0.679765625 0.05126953125 0.0439453125 0.04115234375
1 0.8544921875 0.05126953125 0.04185546875 0.038359375
1 0.941328125 0.05091796875 0.0439453125 0.0390625
1 0.98201171875 0.0777734375 0.0359765625 0.04255859375
1 0.897734375 0.07462890625 0.0432421875 0.0390625
1 0.98201171875 0.12625 0.0359765625 0.04044921875
1 0.85275390625 0.10009765625 0.039765625 0.039765625
1 0.80984375 0.12625 0.04185546875 0.04044921875
1 0.7216015625 0.1266015625 0.039765625 0.038359375
1 0.6337109375 0.07498046875 0.039765625 0.03697265625
1 0.63337890625 0.12380859375 0.04185546875 0.04115234375
1 0.502578125 0.151015625 0.039765625 0.039765625
1 0.3721484375 0.07568359375 0.039765625 0.039765625
1 0.3278515625 0.10009765625 0.04185546875 0.039765625
1 0.28529296875 0.07498046875 0.0432421875 0.039765625
1 0.24169921875 0.10009765625 0.04115234375 0.04115234375
1 0.19740234375 0.07498046875 0.0390625 0.038359375
1 0.15451171875 0.10009765625 0.04115234375 0.039765625
1 0.0244140625 0.07498046875 0.0390625 0.038359375
1 0.06765625 0.101484375 0.0432421875 0.04115234375
1 0.1551953125 0.1503125 0.04255859375 0.038359375
1 0.19880859375 0.12556640625 0.04185546875 0.03767578125
1 0.24205078125 0.15171875 0.0432421875 0.039765625
1 0.023359375 0.1258984375 0.04533203125 0.04115234375
1 0.06765625 0.151015625 0.04185546875 0.039765625
1 0.19705078125 0.176484375 0.0439453125 0.04185546875
1 0.24064453125 0.2001953125 0.04044921875 0.0390625
1 0.3275 0.200546875 0.04255859375 0.04115234375
1 0.63337890625 0.17578125 0.04044921875 0.04044921875
1 0.6780078125 0.20193359375 0.04044921875 0.04115234375
1 0.721953125 0.2256640625 0.0432421875 0.03697265625
1 0.89564453125 0.17716796875 0.04044921875 0.0390625
1 0.85169921875 0.2008984375 0.04044921875 0.0390625
1 0.98201171875 0.22740234375 0.0359765625 0.04185546875
1 0.89529296875 0.22599609375 0.04115234375 0.0390625
1 0.85240234375 0.25251953125 0.04044921875 0.04044921875
1 0.76416015625 0.25041015625 0.039765625 0.04044921875
1 0.80845703125 0.277265625 0.04185546875 0.039765625
1 0.72056640625 0.277265625 0.04185546875 0.039765625
1 0.89564453125 0.32853515625 0.04185546875 0.04185546875
1 0.98095703125 0.328203125 0.0380859375 0.039765625
1 0.37109375 0.22669921875 0.0432421875 0.0390625
1 0.3264453125 0.25111328125 0.04185546875 0.03767578125
1 0.02267578125 0.1754296875 0.04115234375 0.03697265625
1 0.152421875 0.2001953125 0.04115234375 0.0390625
1 0.06556640625 0.20125 0.0432421875 0.038359375
1 0.02267578125 0.224609375 0.039765625 0.04185546875
1 0.10916015625 0.22599609375 0.04255859375 0.0446484375
1 0.06626953125 0.25041015625 0.0390625 0.0390625
1 0.06662109375 0.3016796875 0.04115234375 0.039765625
1 0.02197265625 0.326796875 0.039765625 0.039765625
1 0.19669921875 0.22634765625 0.04185546875 0.04115234375
1 0.1963671875 0.27623046875 0.04115234375 0.04044921875
1 0.1956640625 0.3264453125 0.039765625 0.04044921875
1 0.152421875 0.3526171875 0.039765625 0.04115234375
1 0.2385546875 0.352265625 0.04044921875 0.04044921875
1 0.1963671875 0.3766796875 0.038359375 0.0390625
1 0.45724609375 0.27658203125 0.04115234375 0.03697265625
1 0.413984375 0.30064453125 0.04115234375 0.0390625
1 0.501875 0.3016796875 0.039765625 0.038359375
1 0.58837890625 0.30064453125 0.04115234375 0.04044921875
1 0.6337109375 0.3271484375 0.04255859375 0.03767578125
1 0.80740234375 0.37841796875 0.039765625 0.039765625
1 0.89669921875 0.37947265625 0.0439453125 0.04044921875
1 0.85240234375 0.40318359375 0.04185546875 0.0390625
1 0.897734375 0.4286328125 0.0446484375 0.038359375
1 0.98095703125 0.48025390625 0.0380859375 0.039765625
1 0.63197265625 0.37771484375 0.04044921875 0.039765625
1 0.50048828125 0.3515625 0.04255859375 0.0390625
1 0.41330078125 0.352265625 0.04255859375 0.0390625
1 0.4586328125 0.37771484375 0.0439453125 0.04115234375
1 0.3700390625 0.37771484375 0.04255859375 0.04115234375
1 0.326796875 0.40212890625 0.039765625 0.039765625
1 0.06486328125 0.40212890625 0.04185546875 0.04115234375
1 0.02091796875 0.42794921875 0.04185546875 0.039765625
1 0.10880859375 0.42830078125 0.0432421875 0.03767578125
1 0.15310546875 0.454453125 0.04115234375 0.04115234375
1 0.2385546875 0.45375 0.04185546875 0.04115234375
1 0.41365234375 0.453046875 0.04185546875 0.04115234375
1 0.58837890625 0.40353515625 0.04115234375 0.039765625
1 0.50119140625 0.45236328125 0.04115234375 0.04255859375
1 0.63232421875 0.42759765625 0.04115234375 0.04185546875
1 0.58802734375 0.4541015625 0.04185546875 0.0390625
1 0.36900390625 0.4781640625 0.04185546875 0.039765625
1 0.54548828125 0.478515625 0.0432421875 0.04185546875
1 0.89494140625 0.47921875 0.04185546875 0.04185546875
1 0.80705078125 0.4788671875 0.0432421875 0.039765625
1 0.89599609375 0.5315234375 0.04115234375 0.04044921875
1 0.85099609375 0.50431640625 0.0390625 0.0390625
1 0.76345703125 0.50466796875 0.04255859375 0.038359375
1 0.8503125 0.5562890625 0.04044921875 0.038359375
1 0.80810546875 0.5803515625 0.039765625 0.04044921875
1 0.63162109375 0.52978515625 0.04115234375 0.04115234375
1 0.50119140625 0.50431640625 0.04255859375 0.0390625
1 0.45689453125 0.5283984375 0.0390625 0.04115234375
1 0.501875 0.5555859375 0.0439453125 0.039765625
1 0.45583984375 0.57896484375 0.04115234375 0.0390625
1 0.58732421875 0.55455078125 0.0390625 0.0390625
1 0.58802734375 0.6051171875 0.04044921875 0.04115234375
1 0.718828125 0.57966796875 0.04115234375 0.0390625
1 0.6748828125 0.604765625 0.038359375 0.0390625
1 0.71951171875 0.6309375 0.04255859375 0.039765625
1 0.6748828125 0.65568359375 0.04115234375 0.04044921875
1 0.76345703125 0.65638671875 0.039765625 0.04044921875
1 0.98060546875 0.68150390625 0.0387890625 0.04044921875
1 0.849609375 0.706953125 0.04044921875 0.039765625
1 0.0641796875 0.50328125 0.04044921875 0.039765625
1 0.1077734375 0.52873046875 0.04115234375 0.03767578125
1 0.238203125 0.503984375 0.04255859375 0.04115234375
1 0.32505859375 0.5036328125 0.04185546875 0.0390625
1 0.28181640625 0.528046875 0.04185546875 0.04185546875
1 0.2385546875 0.55384765625 0.04185546875 0.0390625
1 0.1520703125 0.5555859375 0.0446484375 0.039765625
1 0.1520703125 0.6051171875 0.0432421875 0.039765625
1 0.2821484375 0.57896484375 0.04115234375 0.03767578125
1 0.32609375 0.55490234375 0.04115234375 0.039765625
1 0.32541015625 0.6044140625 0.04255859375 0.039765625
1 0.28181640625 0.630234375 0.04044921875 0.03697265625
1 0.67591796875 0.3515625 0.0390625 0.0390625
1 0.02126953125 0.62814453125 0.04255859375 0.038359375
1 0.063828125 0.654296875 0.04115234375 0.03767578125
1 0.02091796875 0.68009765625 0.04185546875 0.03767578125
1 0.19287109375 0.68009765625 0.04115234375 0.04044921875
1 0.23890625 0.70556640625 0.04115234375 0.039765625
1 0.32470703125 0.70521484375 0.04115234375 0.03767578125
1 0.49978515625 0.655 0.039765625 0.0390625
1 0.54478515625 0.68150390625 0.0432421875 0.03767578125
1 0.8942578125 0.7320703125 0.0390625 0.039765625
1 0.8503125 0.75822265625 0.04044921875 0.0390625
1 0.76171875 0.7571875 0.04185546875 0.04115234375
1 0.80671875 0.78369140625 0.04255859375 0.039765625
1 0.806015625 0.83390625 0.039765625 0.04115234375
1 0.8506640625 0.8590234375 0.04255859375 0.039765625
1 0.893203125 0.8844921875 0.0439453125 0.04044921875
1 0.9371484375 0.859375 0.038359375 0.0390625
1 0.98095703125 0.8353125 0.0380859375 0.04255859375
1 0.49978515625 0.70486328125 0.039765625 0.038359375
1 0.54373046875 0.73171875 0.04255859375 0.0390625
1 0.58837890625 0.75578125 0.04115234375 0.038359375
1 0.02197265625 0.73068359375 0.0439453125 0.038359375
1 0.1070703125 0.72998046875 0.0439453125 0.04115234375
1 0.1942578125 0.73068359375 0.04255859375 0.039765625
1 0.32541015625 0.756484375 0.04115234375 0.04115234375
1 0.45548828125 0.73033203125 0.04044921875 0.04044921875
1 0.49943359375 0.7568359375 0.04044921875 0.04044921875
1 0.54337890625 0.78298828125 0.0390625 0.039765625
1 0.6748828125 0.80705078125 0.038359375 0.04044921875
1 0.6305859375 0.83146484375 0.04044921875 0.0390625
1 0.6748828125 0.858671875 0.04255859375 0.0390625
1 0.41154296875 0.756484375 0.0432421875 0.039765625
1 0.41294921875 0.80740234375 0.04044921875 0.04115234375
1 0.28076171875 0.7816015625 0.04255859375 0.039765625
1 0.19287109375 0.7816015625 0.04255859375 0.039765625
1 0.063125 0.75474609375 0.04115234375 0.04044921875
1 0.1077734375 0.780546875 0.04115234375 0.0390625
1 0.0634765625 0.8063671875 0.04044921875 0.03767578125
1 0.02162109375 0.83322265625 0.0432421875 0.04115234375
1 0.1070703125 0.83146484375 0.04115234375 0.04044921875
1 0.1506640625 0.8063671875 0.04044921875 0.0390625
1 0.194609375 0.83146484375 0.04185546875 0.0390625
1 0.28041015625 0.83181640625 0.04185546875 0.039765625
1 0.28111328125 0.88205078125 0.04044921875 0.0439453125
1 0.36830078125 0.83146484375 0.0432421875 0.04044921875
1 0.36794921875 0.8834375 0.04115234375 0.039765625
1 0.41224609375 0.85693359375 0.0432421875 0.039765625
1 0.4112109375 0.9078515625 0.04255859375 0.04115234375
1 0.4991015625 0.859375 0.04115234375 0.04044921875
1 0.586640625 0.85798828125 0.04185546875 0.0390625
1 0.97990234375 0.983046875 0.04017578125 0.03390625
1 0.93470703125 0.99490234375 0.0334765625 0.01017578125
1 0.849609375 0.99560546875 0.0334765625 0.0087890625
1 0.8053125 0.98234375 0.04115234375 0.03529296875
1 0.7620703125 0.99490234375 0.03279296875 0.01017578125
1 0.7613671875 0.95982421875 0.039765625 0.03767578125
1 0.76171875 0.90890625 0.04185546875 0.0390625
1 0.7184765625 0.8830859375 0.0390625 0.04044921875
1 0.6741796875 0.90890625 0.04255859375 0.04044921875
1 0.6309375 0.93470703125 0.038359375 0.04044921875
1 0.5855859375 0.9075 0.04115234375 0.0390625
1 0.543046875 0.9333203125 0.04255859375 0.0432421875
1 0.5869921875 0.95876953125 0.04115234375 0.04115234375
1 0.63162109375 0.983046875 0.04255859375 0.03390625
1 0.5862890625 0.99560546875 0.03697265625 0.0087890625
1 0.4991015625 0.99560546875 0.03556640625 0.0087890625
1 0.3233203125 0.95841796875 0.04115234375 0.03767578125
1 0.32296875 0.99421875 0.03208984375 0.0115625
1 0.23681640625 0.95912109375 0.039765625 0.0390625
1 0.23611328125 0.9931640625 0.03279296875 0.013671875
1 0.1506640625 0.9075 0.04044921875 0.0390625
1 0.14892578125 0.9573828125 0.04255859375 0.04115234375
1 0.0627734375 0.90646484375 0.0390625 0.04115234375
1 0.020234375 0.9315625 0.04044921875 0.04255859375
1 0.10498046875 0.98166015625 0.039765625 0.0366796875
1 0.14892578125 0.99525390625 0.03697265625 0.0094921875
1 0.06173828125 0.99421875 0.038359375 0.0115625
0 0.02470703125 0.02638671875 0.0376953125 0.039375
0 0.023046875 0.2769140625 0.0376953125 0.03603515625
0 0.02220703125 0.37619140625 0.039375 0.03853515625
0 0.023046875 0.478828125 0.0376953125 0.039375
0 0.02177734375 0.52953125 0.036875 0.03853515625
0 0.0226171875 0.57896484375 0.036875 0.04021484375
0 0.0209375 0.77919921875 0.036875 0.03853515625
0 0.0201171875 0.883515625 0.036875 0.0376953125
0 0.02052734375 0.9809375 0.0410546875 0.038125
0 0.06451171875 0.9580859375 0.036875 0.03603515625
0 0.06283203125 0.8562890625 0.036875 0.036875
0 0.0653515625 0.70546875 0.03853515625 0.03853515625
0 0.06451171875 0.604921875 0.036875 0.036875
0 0.0653515625 0.55466796875 0.03853515625 0.036875
0 0.06787109375 0.45244140625 0.04021484375 0.036875
0 0.06787109375 0.35189453125 0.04021484375 0.03853515625
0 0.0699609375 0.04984375 0.039375 0.03603515625
0 0.06912109375 0.01046875 0.03603515625 0.0209375
0 0.11142578125 0.025546875 0.03853515625 0.03603515625
0 0.11142578125 0.07708984375 0.04021484375 0.03853515625
0 0.11142578125 0.12484375 0.04021484375 0.04021484375
0 0.111015625 0.17595703125 0.0410546875 0.03853515625
0 0.111015625 0.276484375 0.0376953125 0.03853515625
0 0.11017578125 0.3284375 0.039375 0.04189453125
0 0.11017578125 0.37619140625 0.0376953125 0.03853515625
0 0.10849609375 0.477578125 0.0376953125 0.03853515625
0 0.10892578125 0.57896484375 0.036875 0.03853515625
0 0.10849609375 0.63005859375 0.039375 0.04021484375
0 0.1080859375 0.679921875 0.04189453125 0.039375
0 0.10765625 0.8818359375 0.0410546875 0.039375
0 0.1068359375 0.93126953125 0.0376953125 0.0410546875
0 0.1520703125 0.85669921875 0.0376953125 0.0410546875
0 0.15166015625 0.7557421875 0.03853515625 0.03853515625
0 0.15291015625 0.70630859375 0.0410546875 0.036875
0 0.15248046875 0.655625 0.04021484375 0.042734375
0 0.1533203125 0.5035546875 0.04189453125 0.036875
0 0.1533203125 0.4030078125 0.03853515625 0.04189453125
0 0.15291015625 0.302890625 0.039375 0.039375
0 0.155 0.25009765625 0.03853515625 0.039375
0 0.19857421875 0.025546875 0.04021484375 0.039375
0 0.19814453125 0.42689453125 0.0444140625 0.039375
0 0.1960546875 0.47798828125 0.04021484375 0.0376953125
0 0.19689453125 0.52994140625 0.04021484375 0.039375
0 0.1960546875 0.58021484375 0.03853515625 0.0376953125
0 0.19521484375 0.63005859375 0.04021484375 0.04021484375
0 0.19353515625 0.883515625 0.036875 0.0376953125
0 0.19396484375 0.93126953125 0.039375 0.039375
0 0.1948046875 0.98134765625 0.039375 0.0373046875
0 0.237109375 0.9090625 0.04021484375 0.04189453125
0 0.23794921875 0.85837890625 0.04189453125 0.039375
0 0.23794921875 0.80810546875 0.04021484375 0.039375
0 0.2375390625 0.756171875 0.039375 0.0410546875
0 0.23919921875 0.655625 0.042734375 0.0376953125
0 0.23837890625 0.6053515625 0.039375 0.039375
0 0.24046875 0.4030078125 0.04189453125 0.03853515625
0 0.24087890625 0.3024609375 0.0376953125 0.04021484375
0 0.2400390625 0.25134765625 0.0376953125 0.04021484375
0 0.2421484375 0.0515234375 0.04021484375 0.039375
0 0.24255859375 0.00962890625 0.0410546875 0.0192578125
0 0.28654296875 0.02513671875 0.04021484375 0.036875
0 0.285703125 0.12484375 0.04189453125 0.03853515625
0 0.28529296875 0.176796875 0.039375 0.04189453125
0 0.285703125 0.226640625 0.03853515625 0.039375
0 0.284453125 0.27732421875 0.039375 0.04021484375
0 0.284453125 0.32802734375 0.042734375 0.0410546875
0 0.28361328125 0.37787109375 0.0410546875 0.04021484375
0 0.28361328125 0.4273046875 0.0376953125 0.03853515625
0 0.2840234375 0.4771484375 0.04189453125 0.042734375
0 0.28193359375 0.68033203125 0.0376953125 0.03853515625
0 0.2827734375 0.7301953125 0.0376953125 0.0410546875
0 0.2815234375 0.93294921875 0.04021484375 0.042734375
0 0.27984375 0.9817578125 0.04021484375 0.03646484375
0 0.325078125 0.9094921875 0.03853515625 0.039375
0 0.325078125 0.85669921875 0.04021484375 0.042734375
0 0.32634765625 0.8076953125 0.039375 0.03853515625
0 0.32634765625 0.6551953125 0.039375 0.04021484375
0 0.32759765625 0.45453125 0.03853515625 0.0376953125
0 0.3271875 0.351484375 0.039375 0.039375
0 0.3271875 0.30205078125 0.0410546875 0.039375
0 0.32927734375 0.15123046875 0.04021484375 0.039375
0 0.3296875 0.051953125 0.0410546875 0.04021484375
0 0.37369140625 0.1265234375 0.04021484375 0.04021484375
0 0.372421875 0.176796875 0.039375 0.04021484375
0 0.371171875 0.2760546875 0.04189453125 0.0410546875
0 0.372421875 0.3284375 0.039375 0.03853515625
0 0.371171875 0.42814453125 0.04021484375 0.03853515625
0 0.3707421875 0.53037109375 0.0410546875 0.03853515625
0 0.37158203125 0.58021484375 0.0410546875 0.0410546875
0 0.37033203125 0.6283984375 0.04021484375 0.04021484375
0 0.36908203125 0.679921875 0.042734375 0.039375
0 0.36908203125 0.73060546875 0.042734375 0.04021484375
0 0.36908203125 0.78087890625 0.0410546875 0.04021484375
0 0.36865234375 0.93294921875 0.04021484375 0.039375
0 0.36908203125 0.98134765625 0.039375 0.0373046875
0 0.411796875 0.99517578125 0.03435546875 0.0096484375
0 0.41263671875 0.9593359375 0.039375 0.03853515625
0 0.41263671875 0.70673828125 0.039375 0.0410546875
0 0.41431640625 0.655625 0.0376953125 0.0410546875
0 0.41474609375 0.60451171875 0.04021484375 0.0376953125
0 0.4134765625 0.555078125 0.0410546875 0.039375
0 0.41515625 0.5035546875 0.039375 0.04189453125
0 0.41599609375 0.40216796875 0.039375 0.036875
0 0.41474609375 0.2521875 0.04189453125 0.04021484375
0 0.4168359375 0.2006640625 0.039375 0.0410546875
0 0.41556640625 0.15123046875 0.04021484375 0.0376953125
0 0.41640625 0.100546875 0.03853515625 0.04189453125
0 0.4608203125 0.024296875 0.03853515625 0.036875
0 0.46041015625 0.07498046875 0.039375 0.039375
0 0.459140625 0.12568359375 0.036875 0.036875
0 0.4595703125 0.17552734375 0.03603515625 0.039375
0 0.46041015625 0.2249609375 0.039375 0.0376953125
0 0.4574609375 0.32759765625 0.04021484375 0.036875
0 0.45873046875 0.4285546875 0.042734375 0.039375
0 0.45830078125 0.47798828125 0.036875 0.039375
0 0.4574609375 0.63005859375 0.03853515625 0.03853515625
0 0.45662109375 0.68033203125 0.03853515625 0.04021484375
0 0.4562109375 0.78087890625 0.0376953125 0.04021484375
0 0.45705078125 0.83240234375 0.0376953125 0.039375
0 0.4562109375 0.8818359375 0.039375 0.0376953125
0 0.4562109375 0.9325390625 0.039375 0.036875
0 0.45580078125 0.9821875 0.04021484375 0.035625
0 0.5001953125 0.959765625 0.0351953125 0.03603515625
0 0.49935546875 0.90865234375 0.03853515625 0.042734375
0 0.500625 0.806015625 0.0410546875 0.03853515625
0 0.50146484375 0.60576171875 0.039375 0.04021484375
0 0.501875 0.4017578125 0.04021484375 0.0376953125
0 0.5035546875 0.25134765625 0.04021484375 0.03853515625
0 0.50228515625 0.19982421875 0.0376953125 0.039375
0 0.50439453125 0.100546875 0.03853515625 0.03853515625
0 0.50396484375 0.04943359375 0.0376953125 0.03853515625
0 0.54837890625 0.025546875 0.039375 0.03603515625
0 0.5475390625 0.1265234375 0.042734375 0.04189453125
0 0.5462890625 0.176796875 0.04021484375 0.036875
0 0.547109375 0.22748046875 0.04021484375 0.039375
0 0.545859375 0.276484375 0.039375 0.04021484375
0 0.545859375 0.3271875 0.0376953125 0.039375
0 0.5462890625 0.37703125 0.03853515625 0.036875
0 0.54544921875 0.42814453125 0.03853515625 0.03853515625
0 0.545859375 0.52953125 0.039375 0.04021484375
0 0.54501953125 0.5798046875 0.039375 0.04021484375
0 0.544609375 0.63005859375 0.04021484375 0.03853515625
0 0.54376953125 0.8332421875 0.03853515625 0.0410546875
0 0.54376953125 0.88435546875 0.04021484375 0.039375
0 0.5416796875 0.98134765625 0.039375 0.0373046875
0 0.58775390625 0.80853515625 0.042734375 0.04189453125
0 0.58818359375 0.7071484375 0.04021484375 0.03853515625
0 0.58943359375 0.656875 0.042734375 0.04357421875
0 0.58943359375 0.50396484375 0.0410546875 0.039375
0 0.58984375 0.35357421875 0.04021484375 0.04021484375
0 0.5902734375 0.25302734375 0.0410546875 0.04021484375
0 0.59111328125 0.20318359375 0.0410546875 0.039375
0 0.5902734375 0.1508203125 0.0410546875 0.04189453125
0 0.59111328125 0.10138671875 0.0410546875 0.04021484375
0 0.59068359375 0.05111328125 0.04021484375 0.04021484375
0 0.59111328125 0.01046875 0.0410546875 0.0209375
0 0.6359375 0.025546875 0.04189453125 0.039375
0 0.63466796875 0.22748046875 0.0410546875 0.039375
0 0.6342578125 0.27732421875 0.04021484375 0.04189453125
0 0.63216796875 0.4792578125 0.0410546875 0.04357421875
0 0.632578125 0.5798046875 0.04189453125 0.04189453125
0 0.631328125 0.631328125 0.0410546875 0.039375
0 0.63173828125 0.6828515625 0.04021484375 0.04357421875
0 0.632578125 0.7326953125 0.03853515625 0.0410546875
0 0.63173828125 0.78130859375 0.03853515625 0.039375
0 0.631328125 0.883515625 0.0410546875 0.0410546875
0 0.6748828125 0.95892578125 0.042734375 0.0376953125
0 0.67447265625 0.99474609375 0.0351953125 0.01048828125
0 0.6748828125 0.7591015625 0.039375 0.04021484375
0 0.67572265625 0.70630859375 0.039375 0.04021484375
0 0.67572265625 0.555078125 0.0410546875 0.0410546875
0 0.6769921875 0.5060546875 0.04189453125 0.04189453125
0 0.6769921875 0.45369140625 0.04189453125 0.0444140625
0 0.67740234375 0.40216796875 0.0410546875 0.04189453125
0 0.678671875 0.30330078125 0.03853515625 0.04189453125
0 0.67783203125 0.25177734375 0.03853515625 0.039375
0 0.67783203125 0.150390625 0.04021484375 0.0410546875
0 0.67908203125 0.1001171875 0.039375 0.0410546875
0 0.679921875 0.00962890625 0.039375 0.0192578125
0 0.72349609375 0.02638671875 0.042734375 0.0410546875
0 0.72265625 0.0758203125 0.042734375 0.039375
0 0.72265625 0.1763671875 0.0410546875 0.0410546875
0 0.72138671875 0.32927734375 0.04021484375 0.04021484375
0 0.72013671875 0.37912109375 0.0410546875 0.042734375
0 0.72138671875 0.4285546875 0.04189453125 0.042734375
0 0.7197265625 0.4792578125 0.04021484375 0.04357421875
0 0.72013671875 0.53078125 0.042734375 0.042734375
0 0.71888671875 0.6816015625 0.04021484375 0.0376953125
0 0.719296875 0.731875 0.0410546875 0.0410546875
0 0.719296875 0.78212890625 0.0410546875 0.0376953125
0 0.71845703125 0.834921875 0.0410546875 0.0444140625
0 0.7176171875 0.93337890625 0.039375 0.04021484375
0 0.71720703125 0.9821875 0.04189453125 0.035625
0 0.76328125 0.85880859375 0.04189453125 0.04189453125
0 0.7624609375 0.8089453125 0.04021484375 0.042734375
0 0.76287109375 0.708828125 0.042734375 0.04021484375
0 0.7649609375 0.60619140625 0.04525390625 0.0410546875
0 0.7637109375 0.555078125 0.042734375 0.0410546875
0 0.76537109375 0.45453125 0.0410546875 0.0410546875
0 0.76455078125 0.40384765625 0.0410546875 0.04021484375
0 0.76537109375 0.3531640625 0.0410546875 0.0410546875
0 0.76455078125 0.302890625 0.0376953125 0.039375
0 0.76455078125 0.20109375 0.039375 0.04021484375
0 0.76455078125 0.150390625 0.0410546875 0.039375
0 0.7662109375 0.10095703125 0.0410546875 0.039375
0 0.76580078125 0.04984375 0.04357421875 0.039375
0 0.766640625 0.00962890625 0.036875 0.0192578125
0 0.81103515625 0.025546875 0.04021484375 0.0376953125
0 0.809375 0.07498046875 0.04189453125 0.039375
0 0.809375 0.17595703125 0.04189453125 0.03853515625
0 0.809375 0.226640625 0.03853515625 0.039375
0 0.80810546875 0.32759765625 0.042734375 0.04357421875
0 0.80853515625 0.430234375 0.04021484375 0.0410546875
0 0.8076953125 0.5291015625 0.04189453125 0.042734375
0 0.80810546875 0.632578125 0.039375 0.04189453125
0 0.80853515625 0.6816015625 0.04021484375 0.039375
0 0.80685546875 0.731875 0.04021484375 0.0410546875
0 0.806015625 0.883515625 0.04021484375 0.042734375
0 0.80642578125 0.93419921875 0.0376953125 0.04021484375
0 0.8504296875 0.959765625 0.04357421875 0.0410546875
0 0.85 0.9107421875 0.0410546875 0.04021484375
0 0.85208984375 0.81021484375 0.04021484375 0.04021484375
0 0.8516796875 0.656875 0.0444140625 0.04021484375
0 0.85083984375 0.60744140625 0.039375 0.04189453125
0 0.8516796875 0.4528515625 0.0410546875 0.039375
0 0.853359375 0.3531640625 0.039375 0.0376953125
0 0.853359375 0.30162109375 0.039375 0.04021484375
0 0.853359375 0.15248046875 0.0376953125 0.04021484375
0 0.89734375 0.02638671875 0.04189453125 0.039375
0 0.89775390625 0.12568359375 0.042734375 0.04021484375
0 0.8969140625 0.2769140625 0.039375 0.039375
0 0.8956640625 0.5810546875 0.04021484375 0.0410546875
0 0.89482421875 0.63173828125 0.04021484375 0.04189453125
0 0.8944140625 0.68201171875 0.0410546875 0.04189453125
0 0.893984375 0.78296875 0.04189453125 0.0410546875
0 0.89357421875 0.833671875 0.0376953125 0.03853515625
0 0.89314453125 0.93546875 0.03853515625 0.0376953125
0 0.89314453125 0.98259765625 0.04189453125 0.03478515625
0 0.93671875 0.9614453125 0.04021484375 0.0410546875
0 0.93755859375 0.91033203125 0.04021484375 0.0410546875
0 0.93755859375 0.8076953125 0.03853515625 0.04021484375
0 0.93796875 0.75826171875 0.0410546875 0.04189453125
0 0.93755859375 0.70755859375 0.04021484375 0.0410546875
0 0.9371484375 0.65603515625 0.039375 0.04021484375
0 0.9396484375 0.60576171875 0.0410546875 0.03853515625
0 0.9396484375 0.55548828125 0.0410546875 0.04189453125
0 0.940078125 0.505234375 0.04021484375 0.03853515625
0 0.94048828125 0.4549609375 0.0410546875 0.04021484375
0 0.94048828125 0.40509765625 0.0376953125 0.042734375
0 0.93923828125 0.35232421875 0.04021484375 0.039375
0 0.94091796875 0.30162109375 0.04189453125 0.04021484375
0 0.94048828125 0.2521875 0.042734375 0.04189453125
0 0.941328125 0.2019140625 0.042734375 0.04189453125
0 0.94091796875 0.1520703125 0.04189453125 0.039375
0 0.94091796875 0.1022265625 0.04021484375 0.04189453125
0 0.9417578125 0.00921875 0.04021484375 0.0184375
0 0.9834375 0.02638671875 0.033125 0.039375
0 0.98134765625 0.176796875 0.0373046875 0.036875
0 0.98134765625 0.27900390625 0.0373046875 0.04021484375
0 0.9809375 0.37830078125 0.038125 0.03603515625
0 0.9817578125 0.4285546875 0.03646484375 0.039375
0 0.9809375 0.52994140625 0.038125 0.0410546875
0 0.9809375 0.5810546875 0.03814453125 0.039375
0 0.9809375 0.631328125 0.03814453125 0.039375
0 0.9809375 0.73228515625 0.03814453125 0.04021484375
0 0.9805078125 0.78296875 0.038984375 0.0410546875
0 0.98009765625 0.88435546875 0.03982421875 0.042734375
0 0.9809375 0.93462890625 0.03814453125 0.039375