1 0.045 0.00763671875 0.0611328125 0.01529296875
1 0.20083984375 0.00849609375 0.05689453125 0.0169921875
1 0.279375 0.03056640625 0.07642578125 0.0611328125
1 0.35623046875 0.00892578125 0.06029296875 0.01783203125
1 0.74431640625 0.02759765625 0.07896484375 0.0551953125
1 0.82244140625 0.00806640625 0.05859375 0.0161328125
1 0.90056640625 0.03099609375 0.0755859375 0.0619921875
1 0.975546875 0.00892578125 0.04890625 0.01783203125
1 0.8237109375 0.0649609375 0.07302734375 0.06708984375
1 0.90013671875 0.19998046875 0.0747265625 0.0687890625
1 0.746015625 0.10955078125 0.07896484375 0.07302734375
1 0.66873046875 0.1558203125 0.07896484375 0.0755859375
1 0.51205078125 0.15412109375 0.0747265625 0.0721875
1 0.2798046875 0.110390625 0.0721875 0.071328125
1 0.04966796875 0.0658203125 0.0755859375 0.0687890625
1 0.0072265625 0.10869140625 0.01443359375 0.04755859375
1 0.0063671875 0.19701171875 0.012734375 0.05095703125
1 0.1235546875 0.1108203125 0.07388671875 0.0721875
1 0.2016796875 0.15412109375 0.07728515625 0.0721875
1 0.279375 0.19828125 0.07642578125 0.0687890625
1 0.35580078125 0.244140625 0.0747265625 0.07048828125
1 0.43265625 0.199140625 0.0755859375 0.0721875
1 0.51333984375 0.2437109375 0.0755859375 0.06962890625
1 0.58806640625 0.28703125 0.0755859375 0.06962890625
1 0.74345703125 0.28873046875 0.0721875 0.0679296875
1 0.8984375 0.377890625 0.07302734375 0.071328125
1 0.96958984375 0.4233203125 0.06080078125 0.0721875
1 0.89927734375 0.46662109375 0.07302734375 0.07048828125
1 0.50908203125 0.33076171875 0.0755859375 0.0721875
1 0.35580078125 0.3316015625 0.07642578125 0.0721875
1 0.20083984375 0.24330078125 0.07388671875 0.0687890625
1 0.0462890625 0.24287109375 0.07896484375 0.0679296875
1 0.12482421875 0.28830078125 0.07302734375 0.0721875
1 0.04669921875 0.33287109375 0.07642578125 0.07302734375
1 0.04798828125 0.42076171875 0.0755859375 0.0721875
1 0.00509765625 0.37576171875 0.0101953125 0.05009765625
1 0.20041015625 0.33287109375 0.078125 0.06962890625
1 0.20125 0.42119140625 0.071328125 0.07302734375
1 0.58763671875 0.37703125 0.07642578125 0.06962890625
1 0.74345703125 0.46748046875 0.07388671875 0.07048828125
1 0.5103515625 0.42119140625 0.07302734375 0.07302734375
1 0.58890625 0.4683203125 0.0721875 0.0721875
1 0.3549609375 0.50994140625 0.071328125 0.0687890625
1 0.58677734375 0.55451171875 0.07642578125 0.071328125
1 0.81861328125 0.5103515625 0.07302734375 0.07302734375
1 0.8198828125 0.60080078125 0.07388671875 0.07048828125
1 0.43095703125 0.6441015625 0.07048828125 0.07048828125
1 0.7417578125 0.73455078125 0.07728515625 0.071328125
1 0.89673828125 0.73625 0.0747265625 0.0679296875
1 0.9691796875 0.78208984375 0.061640625 0.06962890625
1 0.8950390625 0.824140625 0.07642578125 0.0721875
1 0.50908203125 0.690390625 0.0755859375 0.071328125
1 0.58677734375 0.735390625 0.07982421875 0.071328125
1 0.43095703125 0.73369140625 0.0721875 0.06962890625
1 0.27640625 0.73369140625 0.0755859375 0.06962890625
1 0.045 0.77912109375 0.0747265625 0.0721875
1 0.0033984375 0.5541015625 0.006796875 0.0416015625
1 0.1987109375 0.77955078125 0.0747265625 0.06962890625
1 0.277265625 0.82455078125 0.07388671875 0.06962890625
1 0.35326171875 0.77998046875 0.0747265625 0.0687890625
1 0.43265625 0.82498046875 0.07728515625 0.07048828125
1 0.35283203125 0.86998046875 0.0721875 0.07048828125
1 0.27513671875 0.914140625 0.0747265625 0.07048828125
1 0.12228515625 0.914140625 0.07642578125 0.0721875
1 0.0424609375 0.9574609375 0.0747265625 0.07388671875
1 0.43052734375 0.91244140625 0.07302734375 0.0721875
1 0.50908203125 0.95873046875 0.0755859375 0.071328125
1 0.6640625 0.95703125 0.07302734375 0.06962890625
1 0.89630859375 0.9154296875 0.0721875 0.071328125
1 0.81861328125 0.9574609375 0.07642578125 0.0755859375
1 0.74091796875 0.98234375 0.07388671875 0.03533203125
0 0.00501953125 0.023046875 0.01005859375 0.04607421875
0 0.00544921875 0.47044921875 0.0108984375 0.06283203125
1 0.003359375 0.8261328125 0.00669921875 0.0469140625
1 0.00544921875 0.64849609375 0.0108984375 0.0469140625
0 0.0041796875 0.73857421875 0.00837890625 0.0410546875
0 0.04525390625 0.86927734375 0.07205078125 0.07625
0 0.04650390625 0.68998046875 0.072890625 0.06955078125
0 0.04525390625 0.6007421875 0.07037109375 0.07205078125
0 0.04525390625 0.51234375 0.07205078125 0.06955078125
0 0.0490234375 0.15458984375 0.0712109375 0.0745703125
0 0.1244140625 0.02806640625 0.0745703125 0.0561328125
0 0.12609375 0.19689453125 0.072890625 0.07205078125
0 0.12232421875 0.3774609375 0.07037109375 0.06955078125
0 0.12275390625 0.46751953125 0.072890625 0.07037109375
0 0.12232421875 0.5580078125 0.07373046875 0.07205078125
0 0.12275390625 0.64556640625 0.0745703125 0.06955078125
0 0.12265625 0.73421875 0.06912109375 0.0680078125
0 0.12041015625 0.82564453125 0.0713671875 0.0680078125
0 0.1209765625 0.98390625 0.07470703125 0.0321875
0 0.19791015625 0.95888671875 0.07248046875 0.06912109375
0 0.1984765625 0.87025390625 0.0713671875 0.07025390625
0 0.20125 0.68962890625 0.07248046875 0.0680078125
0 0.20013671875 0.6004296875 0.07025390625 0.07025390625
0 0.19958984375 0.51177734375 0.06912109375 0.06912109375
0 0.20236328125 0.06578125 0.0680078125 0.06912109375
0 0.27986328125 0.287109375 0.0758203125 0.07470703125
0 0.27986328125 0.37853515625 0.07359375 0.07248046875
0 0.27763671875 0.46662109375 0.0713671875 0.07248046875
0 0.2765234375 0.5558203125 0.06912109375 0.07248046875
0 0.2765234375 0.6461328125 0.0713671875 0.0680078125
0 0.27373046875 0.984453125 0.07248046875 0.03107421875
0 0.352890625 0.95833984375 0.07248046875 0.06578125
0 0.3551171875 0.69240234375 0.0680078125 0.06912109375
0 0.35568359375 0.60154296875 0.0758203125 0.0680078125
0 0.3551171875 0.422578125 0.07025390625 0.06689453125
0 0.356796875 0.15498046875 0.06912109375 0.06912109375
0 0.35734375 0.06634765625 0.07025390625 0.07025390625
0 0.43595703125 0.0284375 0.06912109375 0.05685546875
0 0.434296875 0.10982421875 0.07248046875 0.07025390625
0 0.4331640625 0.2887890625 0.07248046875 0.06912109375
0 0.43205078125 0.3796484375 0.07025390625 0.0680078125
0 0.4326171875 0.46607421875 0.07359375 0.0713671875
0 0.43150390625 0.5558203125 0.0713671875 0.07025390625
0 0.42927734375 0.9822265625 0.06689453125 0.03552734375
0 0.51009765625 0.8696875 0.07025390625 0.07359375
0 0.5106640625 0.78048828125 0.06912109375 0.06912109375
1 0.5106640625 0.60208984375 0.0713671875 0.0713671875
0 0.5106640625 0.51345703125 0.0713671875 0.07248046875
0 0.51345703125 0.06412109375 0.07025390625 0.0680078125
0 0.51123046875 0.00724609375 0.05462890625 0.0144921875
0 0.5909375 0.02732421875 0.06912109375 0.05462890625
0 0.58927734375 0.1109375 0.07248046875 0.07025390625
0 0.590390625 0.19791015625 0.07025390625 0.07248046875
0 0.58591796875 0.64724609375 0.07025390625 0.07248046875
0 0.58591796875 0.82509765625 0.07025390625 0.07359375
0 0.586484375 0.9126171875 0.07359375 0.07248046875
0 0.58537109375 0.98279296875 0.06912109375 0.0344140625
0 0.66453125 0.86857421875 0.06912109375 0.06912109375
0 0.66453125 0.77994140625 0.06912109375 0.07025390625
0 0.66509765625 0.69240234375 0.07248046875 0.0713671875
1 0.66453125 0.60208984375 0.07359375 0.0713671875
0 0.66509765625 0.512890625 0.07248046875 0.07359375
0 0.6667578125 0.42203125 0.06912109375 0.07025390625
0 0.6662109375 0.33505859375 0.07248046875 0.07025390625
0 0.66787109375 0.24640625 0.06689453125 0.06912109375
0 0.6667578125 0.06578125 0.06689453125 0.06689453125
0 0.67123046875 0.0061328125 0.06244140625 0.012265625
0 0.7448046875 0.19958984375 0.0758203125 0.0713671875
0 0.74369140625 0.37798828125 0.0713671875 0.0713671875
0 0.74314453125 0.55861328125 0.07025390625 0.06689453125
0 0.742578125 0.6461328125 0.06912109375 0.0680078125
0 0.74203125 0.823984375 0.0680078125 0.0713671875
0 0.74146484375 0.914296875 0.06912109375 0.06912109375
0 0.8228515625 0.869140625 0.07359375 0.07248046875
0 0.820078125 0.7810546875 0.07025390625 0.07025390625
0 0.820078125 0.69240234375 0.0680078125 0.06689453125
0 0.820625 0.42369140625 0.06912109375 0.0713671875
0 0.8223046875 0.33337890625 0.07025390625 0.07359375
0 0.823984375 0.245859375 0.07359375 0.0680078125
0 0.82173828125 0.15498046875 0.06912109375 0.06912109375
0 0.898125 0.110390625 0.07248046875 0.0713671875
0 0.9003515625 0.28654296875 0.07025390625 0.06912109375
0 0.89755859375 0.5597265625 0.06912109375 0.06912109375
0 0.89701171875 0.983828125 0.07025390625 0.03234375
0 0.898671875 0.64724609375 0.06689453125 0.07248046875
0 0.9694140625 0.9616796875 0.061171875 0.0680078125
0 0.96830078125 0.8674609375 0.06341796875 0.06912109375
0 0.9699609375 0.69185546875 0.06005859375 0.06578125
0 0.9694140625 0.60154296875 0.061171875 0.0680078125
0 0.9699609375 0.51234375 0.06005859375 0.07025390625
0 0.9699609375 0.3344921875 0.06005859375 0.06912109375
0 0.97107421875 0.24640625 0.05783203125 0.0713671875
0 0.9699609375 0.15666015625 0.06005859375 0.07025390625
0 0.97052734375 0.0680078125 0.0589453125 0.0713671875