1 0.0244140625 0.03 0.048828125 0.06
1 0.42203125 0.03 0.1130078125 0.06
1 0.09765625 0.18625 0.106015625 0.0990625
1 0.096953125 0.3083203125 0.1046484375 0.0948828125
1 0.3083203125 0.1883203125 0.106015625 0.106015625
1 0.837734375 0.1311328125 0.1046484375 0.1004296875
1 0.30484375 0.802890625 0.1018359375 0.1046484375
1 0.5148046875 0.8042578125 0.1144140625 0.107421875
1 0.731015625 0.5594140625 0.106015625 0.09765625
1 0.8363671875 0.4924609375 0.107421875 0.106015625
1 0.831484375 0.742890625 0.108828125 0.1018359375
0 0.0990625 0.066953125 0.106015625 0.0920703125
0 0.197421875 0.1234765625 0.1018359375 0.0990625
0 0.0223046875 0.12484375 0.0446484375 0.087890625
0 0.30484375 0.06765625 0.1213671875 0.0934765625
0 0.4171484375 0.1213671875 0.106015625 0.1144140625
0 0.2016015625 0.2497265625 0.107421875 0.09765625
0 0.018828125 0.2483203125 0.03765625 0.108828125
0 0.0258203125 0.3641015625 0.0516015625 0.09765625
0 0.020234375 0.486875 0.04046875 0.1171875
0 0.0941796875 0.4352734375 0.1130078125 0.0948828125
0 0.2008984375 0.3669140625 0.1032421875 0.09765625
0 0.196015625 0.4931640625 0.1018359375 0.09625
0 0.09625 0.55453125 0.108828125 0.087890625
0 0.1980859375 0.6201171875 0.1032421875 0.087890625
0 0.0230078125 0.6222265625 0.0460546875 0.1004296875
0 0.020234375 0.7358984375 0.03765625 0.0990625
0 0.0167578125 0.8475 0.030703125 0.1018359375
0 0.017421875 0.9626171875 0.0348828125 0.069765625
0 0.1025390625 0.67171875 0.1101953125 0.0906640625
0 0.0920703125 0.8056640625 0.1116015625 0.0906640625
0 0.09 0.9228515625 0.1101953125 0.0990625
0 0.1980859375 0.7387109375 0.09765625 0.1018359375
0 0.1994921875 0.859375 0.1116015625 0.1032421875
0 0.1994921875 0.9612109375 0.1004296875 0.0753515625
0 0.30484375 0.9235546875 0.1046484375 0.09765625
0 0.40875 0.8649609375 0.106015625 0.106015625
0 0.41015625 0.9645703125 0.1032421875 0.070859375
0 0.5148046875 0.9214453125 0.1116015625 0.1046484375
0 0.3055078125 0.31390625 0.1032421875 0.09765625
0 0.3076171875 0.4338671875 0.09625 0.1004296875
0 0.3055078125 0.558046875 0.1032421875 0.106015625
0 0.302734375 0.6780078125 0.108828125 0.1032421875
0 0.412265625 0.251796875 0.1046484375 0.1130078125
0 0.4115625 0.3669140625 0.108828125 0.108828125
0 0.4115625 0.4938671875 0.09765625 0.106015625
0 0.4066796875 0.613828125 0.0990625 0.1004296875
0 0.4045703125 0.74359375 0.0948828125 0.1004296875
0 0.5245703125 0.069765625 0.1032421875 0.09765625
0 0.5203515625 0.18765625 0.0948828125 0.1018359375
0 0.516875 0.31390625 0.09625 0.106015625
0 0.518984375 0.43109375 0.09765625 0.09765625
0 0.516875 0.5538671875 0.1018359375 0.108828125
0 0.517578125 0.6780078125 0.106015625 0.106015625
0 0.625 0.027890625 0.09765625 0.0558203125
0 0.6277734375 0.1304296875 0.1032421875 0.1130078125
0 0.6208203125 0.2511328125 0.1032421875 0.106015625
0 0.624296875 0.371796875 0.1046484375 0.09625
0 0.62640625 0.4931640625 0.1004296875 0.1018359375
0 0.6222265625 0.61734375 0.1032421875 0.1018359375
0 0.622890625 0.7394140625 0.0990625 0.09765625
0 0.6222265625 0.8628515625 0.09765625 0.0990625
0 0.624296875 0.966640625 0.0990625 0.0666796875
0 0.731015625 0.0732421875 0.1004296875 0.0934765625
0 0.733828125 0.184140625 0.1032421875 0.1116015625
0 0.731015625 0.311796875 0.106015625 0.1101953125
0 0.7261328125 0.430390625 0.0990625 0.0990625
0 0.723359375 0.6808203125 0.1046484375 0.1032421875
0 0.7268359375 0.8035546875 0.1032421875 0.106015625
0 0.7261328125 0.9228515625 0.09625 0.1046484375
0 0.8335546875 0.0327734375 0.0934765625 0.0655859375
0 0.841953125 0.251796875 0.0990625 0.1018359375
0 0.837734375 0.3738671875 0.107421875 0.0948828125
0 0.8335546875 0.6180078125 0.1018359375 0.09765625
0 0.8321875 0.86703125 0.1046484375 0.1046484375
0 0.8356640625 0.968046875 0.106015625 0.06390625
0 0.93890625 0.929140625 0.108828125 0.1032421875
0 0.9416796875 0.8056640625 0.1116015625 0.1018359375
0 0.9436328125 0.685 0.112734375 0.09765625
0 0.9402734375 0.5601171875 0.1004296875 0.0990625
0 0.9457421875 0.4324609375 0.1085546875 0.09765625
0 0.945859375 0.3250390625 0.1004296875 0.1032421875
0 0.945859375 0.1918359375 0.09765625 0.1018359375
0 0.9465625 0.0732421875 0.0990625 0.09625
0 0.20578125 0.02859375 0.087890625 0.0571875