1 0.14193359375 0.04916015625 0.04166015625 0.03970703125
1 0.09701171875 0.2763671875 0.04296875 0.03970703125
1 0.01529296875 0.275390625 0.0305859375 0.0390625
1 0.01529296875 0.42740234375 0.0305859375 0.03841796875
1 0.23013671875 0.05013671875 0.04232421875 0.04166015625
1 0.27408203125 0.07552734375 0.04427734375 0.0390625
1 0.40560546875 0.05111328125 0.04296875 0.03970703125
1 0.40494140625 0.10189453125 0.04296875 0.041015625
1 0.97232421875 0.03125 0.04361328125 0.04166015625
1 0.3174609375 0.1508203125 0.041328125 0.041328125
1 0.273046875 0.1769921875 0.0392578125 0.03994140625
1 0.79849609375 0.13083984375 0.04201171875 0.041328125
1 0.8845703125 0.23173828125 0.040625 0.040625
1 0.88423828125 0.3825390625 0.0426953125 0.04201171875
1 0.49205078125 0.152890625 0.040625 0.03994140625
1 0.4476171875 0.17767578125 0.041328125 0.041328125
1 0.4476171875 0.22828125 0.041328125 0.040625
1 0.622890625 0.22966796875 0.04201171875 0.040625
1 0.228984375 0.25169921875 0.040625 0.04201171875
1 0.31677734375 0.251015625 0.041328125 0.040625
1 0.35947265625 0.32814453125 0.03994140625 0.04201171875
1 0.44728515625 0.2785546875 0.04201171875 0.04201171875
1 0.70966796875 0.280625 0.040625 0.04201171875
1 0.57951171875 0.30369140625 0.040625 0.041328125
1 0.6659375 0.355 0.041328125 0.040625
1 0.4476171875 0.37876953125 0.041328125 0.041328125
1 0.53439453125 0.43041015625 0.041328125 0.04408203125
1 0.40216796875 0.40423828125 0.041328125 0.0426953125
1 0.31609375 0.3012890625 0.03994140625 0.040625
1 0.70931640625 0.48275390625 0.03994140625 0.03857421875
1 0.795390625 0.53404296875 0.03994140625 0.040625
1 0.7957421875 0.6335546875 0.0392578125 0.041328125
1 0.751328125 0.65939453125 0.03994140625 0.0392578125
1 0.57744140625 0.55677734375 0.04201171875 0.0392578125
1 0.0519921875 0.5033984375 0.040625 0.041328125
1 0.050625 0.60498046875 0.04201171875 0.040625
1 0.09435546875 0.67970703125 0.041328125 0.03994140625
1 0.2265625 0.65560546875 0.03994140625 0.03857421875
1 0.314375 0.55609375 0.04201171875 0.040625
1 0.35775390625 0.5295703125 0.04201171875 0.041328125
1 0.40251953125 0.55642578125 0.0392578125 0.03857421875
1 0.44693359375 0.582265625 0.0426953125 0.040625
1 0.489296875 0.65732421875 0.04201171875 0.040625
1 0.04923828125 0.8566796875 0.040625 0.041328125
1 0.01412109375 0.88216796875 0.02685546875 0.03994140625
1 0.0130859375 0.93279296875 0.026171875 0.0392578125
1 0.48962890625 0.80951171875 0.041328125 0.0392578125
1 0.663515625 0.75923828125 0.040625 0.04201171875
1 0.66314453125 0.86046875 0.041953125 0.04201171875
1 0.751328125 0.76130859375 0.03994140625 0.04201171875
1 0.7069140625 0.78576171875 0.040625 0.03994140625
1 0.83740234375 0.8625390625 0.0426953125 0.0392578125
1 0.83775390625 0.9131640625 0.0392578125 0.03994140625
1 0.88181640625 0.88802734375 0.04201171875 0.0392578125
1 0.96962890625 0.78712890625 0.03994140625 0.041328125
0 0.0158984375 0.0234375 0.03177734375 0.037109375
0 0.0158984375 0.073515625 0.03181640625 0.037109375
0 0.01638671875 0.124375 0.0327734375 0.03953125
0 0.0158984375 0.17498046875 0.03181640625 0.03759765625
0 0.0158984375 0.22583984375 0.03181640625 0.04193359375
0 0.01615234375 0.32490234375 0.0323046875 0.03953125
0 0.01615234375 0.37625 0.0323046875 0.0380859375
0 0.0158984375 0.47748046875 0.03181640625 0.0380859375
0 0.0154296875 0.5280859375 0.030859375 0.04291015625
0 0.014453125 0.57798828125 0.02890625 0.03759765625
0 0.01517578125 0.62861328125 0.0303515625 0.03857421875
0 0.01421875 0.679453125 0.0284375 0.04001953125
0 0.01517578125 0.73103515625 0.0303515625 0.04001953125
0 0.01421875 0.78142578125 0.0284375 0.04048828125
0 0.01421875 0.83203125 0.0284375 0.04048828125
0 0.0130078125 0.98244140625 0.026015625 0.03375
0 0.0496484375 0.99458984375 0.03470703125 0.0108203125
0 0.04990234375 0.9590625 0.04291015625 0.0409765625
0 0.050625 0.908671875 0.04048828125 0.04048828125
0 0.05109375 0.80671875 0.04146484375 0.04001953125
0 0.050859375 0.7568359375 0.0409765625 0.04048828125
0 0.05158203125 0.70646484375 0.04435546875 0.04001953125
0 0.05134765625 0.656328125 0.04291015625 0.0380859375
0 0.05302734375 0.55412109375 0.04048828125 0.04001953125
0 0.05302734375 0.45337890625 0.04146484375 0.04193359375
0 0.0525390625 0.40275390625 0.042421875 0.0409765625
0 0.05302734375 0.3523828125 0.04435546875 0.03857421875
0 0.0551953125 0.3012890625 0.04291015625 0.04048828125
0 0.05447265625 0.251875 0.04146484375 0.04291015625
0 0.0549609375 0.20029296875 0.042421875 0.04193359375
0 0.05447265625 0.1511328125 0.03953125 0.0409765625
0 0.0549609375 0.09833984375 0.042421875 0.04146484375
0 0.05447265625 0.0491796875 0.04337890625 0.04048828125
0 0.05447265625 0.00939453125 0.04337890625 0.01880859375
0 0.098828125 0.02265625 0.03759765625 0.036640625
0 0.099296875 0.0749609375 0.03759765625 0.0380859375
0 0.099296875 0.12412109375 0.03953125 0.03904296875
0 0.09857421875 0.17474609375 0.03904296875 0.0380859375
0 0.0978515625 0.2251171875 0.04048828125 0.04146484375
0 0.09712890625 0.3270703125 0.03904296875 0.03904296875
0 0.098828125 0.37720703125 0.04146484375 0.0380859375
0 0.096171875 0.42806640625 0.0409765625 0.042421875
0 0.0973828125 0.4769921875 0.03953125 0.03904296875
0 0.09689453125 0.52955078125 0.03857421875 0.04193359375
0 0.09640625 0.5787109375 0.04048828125 0.0380859375
0 0.09640625 0.62908203125 0.03953125 0.03857421875
0 0.096171875 0.7315234375 0.03904296875 0.04001953125
0 0.09521484375 0.78142578125 0.04001953125 0.03953125
0 0.09400390625 0.83298828125 0.03953125 0.03953125
0 0.09400390625 0.8843359375 0.04048828125 0.04001953125
0 0.09400390625 0.933515625 0.03953125 0.03904296875
0 0.09400390625 0.9823046875 0.04048828125 0.03541015625
0 0.13642578125 0.9953125 0.03470703125 0.009375
0 0.13787109375 0.9607421875 0.03857421875 0.03759765625
0 0.13787109375 0.9098828125 0.04048828125 0.0409765625
0 0.138359375 0.8590234375 0.03953125 0.03953125
0 0.138828125 0.80841796875 0.042421875 0.042421875
0 0.13955078125 0.758046875 0.04001953125 0.0409765625
0 0.13931640625 0.70814453125 0.03953125 0.042421875
0 0.13955078125 0.656796875 0.04001953125 0.0409765625
0 0.13931640625 0.605234375 0.04048828125 0.0409765625
0 0.1398046875 0.55509765625 0.04146484375 0.03904296875
0 0.14052734375 0.50447265625 0.04001953125 0.0409765625
0 0.14099609375 0.45240234375 0.04001953125 0.03904296875
0 0.14099609375 0.4034765625 0.04001953125 0.04048828125
0 0.14125 0.353828125 0.03953125 0.042421875
0 0.14171875 0.30201171875 0.03857421875 0.0409765625
0 0.14125 0.251875 0.04146484375 0.04001953125
0 0.14244140625 0.2022265625 0.03904296875 0.04193359375
0 0.14197265625 0.1511328125 0.04001953125 0.04291015625
0 0.1426953125 0.1007421875 0.042421875 0.03857421875
0 0.14220703125 0.01060546875 0.04048828125 0.0212109375
0 0.18703125 0.0241015625 0.04146484375 0.03857421875
0 0.18607421875 0.07400390625 0.03953125 0.04001953125
0 0.18751953125 0.1255859375 0.04048828125 0.0380859375
0 0.18630859375 0.175234375 0.03904296875 0.04001953125
0 0.18607421875 0.2251171875 0.04146484375 0.04048828125
0 0.18486328125 0.27693359375 0.04001953125 0.03904296875
0 0.18607421875 0.32587890625 0.04048828125 0.03857421875
0 0.1851171875 0.376484375 0.04048828125 0.03953125
0 0.18486328125 0.4285546875 0.04193359375 0.04146484375
0 0.18390625 0.47869140625 0.0409765625 0.03953125
0 0.18439453125 0.52955078125 0.0409765625 0.04001953125
0 0.18318359375 0.58015625 0.042421875 0.04001953125
0 0.18390625 0.63052734375 0.04193359375 0.04146484375
0 0.1824609375 0.68115234375 0.03904296875 0.04146484375
0 0.18390625 0.72984375 0.04291015625 0.042421875
0 0.18294921875 0.78189453125 0.0409765625 0.04146484375
0 0.1822265625 0.832265625 0.04048828125 0.04001953125
0 0.18173828125 0.88361328125 0.03953125 0.03857421875
0 0.18125 0.933984375 0.03953125 0.04001953125
0 0.181015625 0.9827734375 0.04001953125 0.03443359375
0 0.22560546875 0.995546875 0.03181640625 0.00888671875
0 0.2248828125 0.961953125 0.0409765625 0.037109375
0 0.22609375 0.9098828125 0.04048828125 0.0409765625
0 0.22583984375 0.8590234375 0.04193359375 0.04146484375
0 0.2265625 0.81009765625 0.03953125 0.04193359375
0 0.22583984375 0.7568359375 0.04001953125 0.04048828125
0 0.22705078125 0.70765625 0.04048828125 0.03953125
0 0.22705078125 0.6066796875 0.04048828125 0.04001953125
0 0.22921875 0.55556640625 0.04193359375 0.04193359375
0 0.2275390625 0.5054296875 0.04337890625 0.04291015625
0 0.22826171875 0.45482421875 0.0380859375 0.04291015625
0 0.2277734375 0.40251953125 0.04001953125 0.04146484375
0 0.22921875 0.3526171875 0.04193359375 0.04291015625
0 0.229453125 0.30322265625 0.04146484375 0.042421875
0 0.22921875 0.20052734375 0.04291015625 0.03857421875
0 0.22994140625 0.1516015625 0.03953125 0.0380859375
0 0.229453125 0.10001953125 0.03953125 0.0380859375
0 0.2304296875 0.01083984375 0.03953125 0.02169921875
0 0.274296875 0.02482421875 0.042421875 0.04001953125
0 0.274296875 0.1260546875 0.03953125 0.03904296875
0 0.27357421875 0.22681640625 0.03904296875 0.04193359375
0 0.27357421875 0.27693359375 0.0409765625 0.0409765625
0 0.2730859375 0.3266015625 0.0409765625 0.03904296875
0 0.27212890625 0.37841796875 0.03904296875 0.04048828125
0 0.271875 0.4285546875 0.04048828125 0.03953125
0 0.271875 0.4794140625 0.04048828125 0.0409765625
0 0.27259765625 0.52978515625 0.04001953125 0.03857421875
0 0.27115234375 0.5789453125 0.04001953125 0.03857421875
0 0.27140625 0.631015625 0.04048828125 0.03857421875
0 0.27068359375 0.6808984375 0.04001953125 0.0409765625
0 0.27140625 0.732734375 0.04146484375 0.03953125
0 0.26970703125 0.78189453125 0.04001953125 0.03857421875
0 0.2701953125 0.83419921875 0.0409765625 0.03904296875
0 0.2701953125 0.88361328125 0.0409765625 0.03953125
0 0.26947265625 0.9349609375 0.03953125 0.0380859375
0 0.26947265625 0.98181640625 0.04048828125 0.0363671875
0 0.3123828125 0.9953125 0.03470703125 0.009375
0 0.3128515625 0.96001953125 0.03953125 0.0380859375
0 0.31357421875 0.91109375 0.04193359375 0.04337890625
0 0.3140625 0.86072265625 0.0409765625 0.04291015625
0 0.3140625 0.80888671875 0.0409765625 0.03857421875
0 0.31501953125 0.75876953125 0.03904296875 0.042421875
0 0.314296875 0.70935546875 0.04048828125 0.04291015625
0 0.31478515625 0.65705078125 0.04048828125 0.042421875
0 0.31455078125 0.6069140625 0.0409765625 0.04146484375
0 0.3157421875 0.5051953125 0.04048828125 0.03953125
0 0.31599609375 0.45505859375 0.0380859375 0.03953125
0 0.31599609375 0.40396484375 0.04001953125 0.042421875
0 0.316953125 0.3521484375 0.04193359375 0.04001953125
0 0.31671875 0.20173828125 0.04048828125 0.04001953125
0 0.3186328125 0.1007421875 0.04048828125 0.03857421875
0 0.3186328125 0.05181640625 0.04048828125 0.04001953125
0 0.3186328125 0.01109375 0.03953125 0.02216796875
0 0.36177734375 0.02603515625 0.03904296875 0.03857421875
0 0.36203125 0.07568359375 0.04146484375 0.04048828125
0 0.3625 0.12654296875 0.04146484375 0.03904296875
0 0.3610546875 0.17619140625 0.03953125 0.04001953125
0 0.36033203125 0.22705078125 0.0409765625 0.04146484375
0 0.3605859375 0.27669921875 0.04048828125 0.04048828125
0 0.359609375 0.3779296875 0.04048828125 0.03857421875
0 0.359609375 0.42951171875 0.042421875 0.03953125
0 0.35865234375 0.4796484375 0.042421875 0.042421875
0 0.35841796875 0.5813671875 0.04193359375 0.04048828125
0 0.35865234375 0.63150390625 0.04337890625 0.04146484375
0 0.35841796875 0.68259765625 0.04001953125 0.04048828125
0 0.3579296875 0.73296875 0.04193359375 0.04001953125
0 0.3579296875 0.78359375 0.03904296875 0.0409765625
0 0.3576953125 0.83419921875 0.03857421875 0.0380859375
0 0.35720703125 0.8841015625 0.03953125 0.04048828125
0 0.35697265625 0.9354296875 0.0409765625 0.03904296875
0 0.356484375 0.98302734375 0.03904296875 0.0339453125
0 0.40107421875 0.9953125 0.0327734375 0.009375
0 0.4003515625 0.96025390625 0.0409765625 0.03857421875
0 0.40130859375 0.911328125 0.03904296875 0.0409765625
0 0.40130859375 0.86095703125 0.0409765625 0.04146484375
0 0.40130859375 0.809375 0.04193359375 0.04146484375
0 0.40203125 0.75755859375 0.03857421875 0.037109375
0 0.4015625 0.7086328125 0.04048828125 0.04146484375
0 0.4030078125 0.656796875 0.04146484375 0.0380859375
0 0.4034765625 0.60787109375 0.042421875 0.04337890625
0 0.40251953125 0.5054296875 0.03953125 0.03904296875
0 0.4032421875 0.455546875 0.03904296875 0.04048828125
0 0.40419921875 0.3526171875 0.04001953125 0.0380859375
0 0.40419921875 0.30369140625 0.037109375 0.04048828125
0 0.4046875 0.2535546875 0.04291015625 0.04048828125
0 0.404921875 0.20390625 0.04048828125 0.04048828125
0 0.40541015625 0.15232421875 0.04048828125 0.04048828125
0 0.4063671875 0.011328125 0.03857421875 0.02265625
0 0.45048828125 0.02603515625 0.04193359375 0.04048828125
0 0.44904296875 0.07640625 0.0409765625 0.04001953125
0 0.4485546875 0.12703125 0.0380859375 0.03904296875
0 0.44759765625 0.32876953125 0.0409765625 0.03953125
0 0.44806640625 0.430234375 0.03904296875 0.03904296875
0 0.44662109375 0.4796484375 0.0380859375 0.03953125
0 0.44662109375 0.53099609375 0.037109375 0.03904296875
0 0.44615234375 0.6326953125 0.0380859375 0.0380859375
0 0.44541015625 0.6830859375 0.04048828125 0.03857421875
0 0.4456640625 0.733203125 0.0380859375 0.04048828125
0 0.4454296875 0.78455078125 0.03953125 0.0380859375
0 0.44421875 0.83517578125 0.04001953125 0.03904296875
0 0.44494140625 0.8845703125 0.04146484375 0.04048828125
0 0.44470703125 0.93568359375 0.04001953125 0.04048828125
0 0.44373046875 0.98291015625 0.0380859375 0.0327734375
0 0.489765625 0.995078125 0.0327734375 0.00984375
0 0.4880859375 0.96169921875 0.04001953125 0.04048828125
0 0.48857421875 0.91158203125 0.0380859375 0.04048828125
0 0.48880859375 0.86 0.04146484375 0.04048828125
0 0.4883203125 0.7599609375 0.04048828125 0.04001953125
0 0.4880859375 0.7086328125 0.04001953125 0.03857421875
0 0.49025390625 0.60908203125 0.03953125 0.03904296875
0 0.4907421875 0.5575 0.03953125 0.04001953125
0 0.48953125 0.506875 0.04291015625 0.04193359375
0 0.4909765625 0.45626953125 0.04193359375 0.04291015625
0 0.49001953125 0.40541015625 0.04193359375 0.04146484375
0 0.49146484375 0.3552734375 0.03904296875 0.042421875
0 0.49169921875 0.3041796875 0.042421875 0.03953125
0 0.492421875 0.25525390625 0.04193359375 0.04193359375
0 0.49169921875 0.2024609375 0.04337890625 0.04146484375
0 0.49146484375 0.10244140625 0.04291015625 0.04001953125
0 0.4938671875 0.05302734375 0.04001953125 0.03953125
0 0.4941015625 0.0098828125 0.04146484375 0.019765625
0 0.537734375 0.0267578125 0.04001953125 0.0380859375
0 0.53724609375 0.07640625 0.0380859375 0.03904296875
0 0.53724609375 0.1275 0.04001953125 0.03904296875
0 0.53701171875 0.17908203125 0.03857421875 0.0380859375
0 0.5362890625 0.2275390625 0.04001953125 0.04048828125
0 0.5365234375 0.277421875 0.03857421875 0.0409765625
0 0.5360546875 0.3297265625 0.03953125 0.04048828125
0 0.53484375 0.3803515625 0.0409765625 0.04146484375
0 0.535078125 0.48109375 0.04048828125 0.03953125
0 0.53435546875 0.5321875 0.04193359375 0.04048828125
0 0.53388671875 0.5828125 0.04001953125 0.04146484375
0 0.53388671875 0.63294921875 0.04001953125 0.04048828125
0 0.53388671875 0.68427734375 0.0409765625 0.04001953125
0 0.5331640625 0.7346484375 0.04048828125 0.04048828125
0 0.5333984375 0.78478515625 0.03904296875 0.042421875
0 0.5331640625 0.83517578125 0.03953125 0.0380859375
0 0.5333984375 0.886015625 0.0409765625 0.04146484375
0 0.53171875 0.936640625 0.03953125 0.03857421875
0 0.5321875 0.98375 0.03953125 0.0325
0 0.574375 0.9953125 0.031328125 0.009375
0 0.57630859375 0.96169921875 0.03904296875 0.03857421875
0 0.5760546875 0.91037109375 0.04048828125 0.04001953125
0 0.5760546875 0.860234375 0.04048828125 0.04001953125
0 0.57703125 0.8108203125 0.03953125 0.04048828125
0 0.57703125 0.76044921875 0.04146484375 0.0409765625
0 0.5775 0.7091015625 0.04146484375 0.03857421875
0 0.57798828125 0.65970703125 0.04048828125 0.03904296875
0 0.577265625 0.60763671875 0.04001953125 0.0409765625
0 0.5784765625 0.50736328125 0.04146484375 0.04001953125
0 0.57775390625 0.4567578125 0.04193359375 0.04193359375
0 0.5789453125 0.40564453125 0.04048828125 0.04193359375
0 0.5789453125 0.35625 0.042421875 0.04048828125
0 0.5789453125 0.2533203125 0.03953125 0.03904296875
0 0.57919921875 0.20294921875 0.04001953125 0.03759765625
0 0.5787109375 0.15353515625 0.0409765625 0.0380859375
0 0.579921875 0.10388671875 0.04048828125 0.0409765625
0 0.579921875 0.05279296875 0.04146484375 0.0380859375
0 0.58064453125 0.0115625 0.04001953125 0.023125
0 0.62451171875 0.02771484375 0.04193359375 0.037109375
0 0.62330078125 0.0790625 0.04048828125 0.03953125
0 0.62353515625 0.12822265625 0.0409765625 0.03953125
0 0.62353515625 0.17763671875 0.0409765625 0.04001953125
0 0.62306640625 0.2788671875 0.0409765625 0.0409765625
0 0.622578125 0.3299609375 0.04001953125 0.04001953125
0 0.6228125 0.38107421875 0.04337890625 0.0409765625
0 0.62185546875 0.4314453125 0.04146484375 0.03953125
0 0.6213671875 0.481328125 0.04146484375 0.04001953125
0 0.62234375 0.5321875 0.04146484375 0.03953125
0 0.6208984375 0.5828125 0.04337890625 0.04146484375
0 0.6208984375 0.6324609375 0.04048828125 0.04146484375
0 0.62185546875 0.6833203125 0.042421875 0.0409765625
0 0.62041015625 0.7341796875 0.04146484375 0.04146484375
0 0.619921875 0.7852734375 0.03953125 0.03953125
0 0.62064453125 0.834921875 0.037109375 0.04048828125
0 0.62064453125 0.88505859375 0.04193359375 0.04337890625
0 0.6196875 0.93759765625 0.04001953125 0.03953125
0 0.61896484375 0.98326171875 0.04048828125 0.0334765625
0 0.66115234375 0.99603515625 0.03326171875 0.0079296875
0 0.66283203125 0.96314453125 0.03953125 0.03953125
0 0.66234375 0.9125390625 0.04146484375 0.03857421875
0 0.66404296875 0.81033203125 0.04291015625 0.03953125
0 0.6635546875 0.70935546875 0.04193359375 0.04001953125
0 0.665234375 0.65970703125 0.04337890625 0.03904296875
0 0.665 0.608125 0.0409765625 0.04193359375
0 0.66572265625 0.55701171875 0.042421875 0.03904296875
0 0.66572265625 0.5080859375 0.04146484375 0.04146484375
0 0.6664453125 0.45794921875 0.04291015625 0.03953125
0 0.66693359375 0.407578125 0.0409765625 0.04291015625
0 0.66740234375 0.30466796875 0.04291015625 0.03953125
0 0.66595703125 0.25548828125 0.0409765625 0.03953125
0 0.6666796875 0.20560546875 0.04146484375 0.03904296875
0 0.66716796875 0.15498046875 0.042421875 0.04291015625
0 0.66740234375 0.10412109375 0.04193359375 0.042421875
0 0.668125 0.0549609375 0.03953125 0.04146484375
0 0.66765625 0.01228515625 0.04146484375 0.02458984375
0 0.71021484375 0.02830078125 0.0454296875 0.04021484375
0 0.71021484375 0.07708984375 0.04095703125 0.04095703125
0 0.7105859375 0.12923828125 0.04021484375 0.03947265625
0 0.71169921875 0.18025390625 0.0439453125 0.03873046875
0 0.71021484375 0.2308984375 0.03947265625 0.04171875
0 0.71021484375 0.33033203125 0.04095703125 0.03947265625
0 0.70984375 0.380625 0.04021484375 0.04171875
0 0.70947265625 0.431640625 0.04095703125 0.04095703125
0 0.7091015625 0.53255859375 0.04021484375 0.04021484375
0 0.70984375 0.58470703125 0.03873046875 0.04171875
0 0.70685546875 0.6338671875 0.04171875 0.043203125
0 0.708359375 0.684140625 0.0446875 0.0439453125
0 0.70685546875 0.73517578125 0.04021484375 0.03873046875
0 0.7072265625 0.8368359375 0.0439453125 0.0439453125
0 0.706484375 0.88748046875 0.0439453125 0.04095703125
0 0.7072265625 0.9358984375 0.03947265625 0.04095703125
0 0.7057421875 0.98490234375 0.0424609375 0.03021484375
0 0.7489453125 0.9964453125 0.030546875 0.007109375
0 0.75005859375 0.96533203125 0.04021484375 0.04171875
0 0.75080078125 0.9128125 0.043203125 0.0424609375
0 0.7504296875 0.86328125 0.0424609375 0.04171875
0 0.751171875 0.8111328125 0.04095703125 0.04171875
0 0.75193359375 0.7105859375 0.03947265625 0.04171875
0 0.751171875 0.60966796875 0.0424609375 0.04095703125
0 0.753046875 0.55900390625 0.04171875 0.04095703125
0 0.75193359375 0.5076171875 0.0424609375 0.04095703125
0 0.75453125 0.4580859375 0.043203125 0.04021484375
0 0.7537890625 0.4066796875 0.043203125 0.04021484375
0 0.7537890625 0.35640625 0.043203125 0.0424609375
0 0.7537890625 0.3061328125 0.04021484375 0.03873046875
0 0.75416015625 0.25623046875 0.04095703125 0.043203125
0 0.75453125 0.20482421875 0.04171875 0.04021484375
0 0.75341796875 0.154921875 0.03947265625 0.03873046875
0 0.7537890625 0.10427734375 0.04171875 0.03873046875
0 0.75453125 0.055859375 0.04171875 0.043203125
0 0.75564453125 0.01302734375 0.04095703125 0.0260546875
0 0.79810546875 0.0279296875 0.0424609375 0.04095703125
0 0.79810546875 0.0793359375 0.0424609375 0.04095703125
0 0.79884765625 0.180625 0.04095703125 0.04095703125
0 0.79810546875 0.2308984375 0.04095703125 0.04021484375
0 0.79736328125 0.2815625 0.04095703125 0.04171875
0 0.79662109375 0.33033203125 0.04095703125 0.04095703125
0 0.79810546875 0.382109375 0.0424609375 0.04171875
0 0.79736328125 0.43349609375 0.04095703125 0.04021484375
0 0.79625 0.4837890625 0.04171875 0.0424609375
0 0.7955078125 0.58396484375 0.04171875 0.04171875
0 0.79625 0.6848828125 0.043203125 0.0424609375
0 0.7951171875 0.7362890625 0.0439453125 0.0439453125
0 0.7951171875 0.7858203125 0.0439453125 0.043203125
0 0.79474609375 0.83609375 0.04021484375 0.0424609375
0 0.79474609375 0.8863671875 0.04171875 0.04021484375
0 0.7936328125 0.93740234375 0.04095703125 0.0424609375
0 0.79400390625 0.9833984375 0.04021484375 0.03318359375
0 0.83720703125 0.99607421875 0.02681640625 0.0078515625
0 0.83646484375 0.96458984375 0.04171875 0.043203125
0 0.839453125 0.81263671875 0.04171875 0.04171875
0 0.83908203125 0.760859375 0.0424609375 0.03947265625
0 0.83982421875 0.71169921875 0.03947265625 0.0439453125
0 0.83908203125 0.6603125 0.0424609375 0.0424609375
0 0.8409375 0.6115234375 0.04171875 0.043203125
0 0.83982421875 0.557890625 0.0439453125 0.043203125
0 0.84056640625 0.508359375 0.0424609375 0.04095703125
0 0.8416796875 0.4580859375 0.043203125 0.0446875
0 0.84056640625 0.40818359375 0.04095703125 0.04021484375
0 0.8409375 0.3571484375 0.04171875 0.03947265625
0 0.84056640625 0.306875 0.0424609375 0.03873046875
0 0.84205078125 0.2566015625 0.04095703125 0.03947265625
0 0.8409375 0.2070703125 0.043203125 0.04171875
0 0.84205078125 0.15716796875 0.03947265625 0.04021484375
0 0.8416796875 0.10501953125 0.04171875 0.04021484375
0 0.84130859375 0.055859375 0.0424609375 0.04171875
0 0.842421875 0.0133984375 0.04171875 0.02681640625
0 0.885625 0.02978515625 0.043203125 0.04021484375
0 0.8848828125 0.08044921875 0.043203125 0.04171875
0 0.8848828125 0.13109375 0.04171875 0.04171875
0 0.88451171875 0.18099609375 0.04095703125 0.04171875
0 0.884140625 0.2815625 0.04021484375 0.04021484375
0 0.88525390625 0.33220703125 0.0424609375 0.04171875
0 0.88376953125 0.43275390625 0.0424609375 0.03873046875
0 0.884140625 0.48302734375 0.04021484375 0.0424609375
0 0.8833984375 0.5333203125 0.04021484375 0.04021484375
0 0.88376953125 0.58544921875 0.03947265625 0.04021484375
0 0.88302734375 0.63423828125 0.04095703125 0.04095703125
0 0.88265625 0.68638671875 0.043203125 0.0439453125
0 0.8833984375 0.73591796875 0.04171875 0.043203125
0 0.882265625 0.78841796875 0.03947265625 0.04095703125
0 0.88265625 0.8368359375 0.04171875 0.04095703125
0 0.8815234375 0.938515625 0.0424609375 0.0446875
0 0.87966796875 0.98416015625 0.04171875 0.03169921875
0 0.92435546875 0.995703125 0.02830078125 0.00859375
0 0.9247265625 0.96419921875 0.0424609375 0.04095703125
0 0.92546875 0.916171875 0.04095703125 0.043203125
0 0.92583984375 0.86328125 0.04171875 0.04021484375
0 0.9266015625 0.81337890625 0.04021484375 0.04171875
0 0.9262109375 0.76123046875 0.0424609375 0.043203125
0 0.92697265625 0.7120703125 0.0424609375 0.04171875
0 0.9280859375 0.6610546875 0.043203125 0.0424609375
0 0.92697265625 0.61078125 0.04095703125 0.04171875
0 0.9280859375 0.56162109375 0.0446875 0.043203125
0 0.92771484375 0.50984375 0.0424609375 0.0439453125
0 0.9280859375 0.4603125 0.04171875 0.043203125
0 0.92919921875 0.409296875 0.0424609375 0.04095703125
0 0.92845703125 0.35751953125 0.04095703125 0.04021484375
0 0.928828125 0.30912109375 0.04171875 0.04171875
0 0.9280859375 0.25919921875 0.043203125 0.0446875
0 0.92845703125 0.2070703125 0.04095703125 0.04171875
0 0.928828125 0.15828125 0.04021484375 0.0424609375
0 0.928828125 0.1080078125 0.04171875 0.046171875
0 0.928828125 0.0551171875 0.0446875 0.04021484375
0 0.92919921875 0.01302734375 0.03947265625 0.0260546875
0 0.9727734375 0.08267578125 0.04021484375 0.043203125
0 0.97166015625 0.13072265625 0.0424609375 0.04095703125
0 0.97166015625 0.1813671875 0.03947265625 0.04095703125
0 0.970546875 0.2327734375 0.04171875 0.04095703125
0 0.97166015625 0.2823046875 0.03798828125 0.04171875
0 0.9727734375 0.33220703125 0.04021484375 0.04021484375
0 0.97091796875 0.38396484375 0.03947265625 0.0424609375
0 0.97091796875 0.43349609375 0.04095703125 0.04021484375
0 0.970546875 0.48265625 0.03873046875 0.04171875
0 0.96978515625 0.5333203125 0.043203125 0.04021484375
0 0.970546875 0.585078125 0.04021484375 0.04095703125
0 0.97017578125 0.63572265625 0.0424609375 0.03947265625
0 0.970546875 0.685625 0.03873046875 0.03947265625
0 0.97017578125 0.73734375 0.04095703125 0.03947265625
0 0.96904296875 0.8383203125 0.043203125 0.04095703125
0 0.9679296875 0.8878515625 0.0424609375 0.03873046875
0 0.968671875 0.93814453125 0.04095703125 0.0424609375
0 0.9671875 0.98453125 0.03798828125 0.03095703125
0 0.99533203125 0.9671875 0.0093359375 0.03798828125
0 0.995703125 0.9154296875 0.00859375 0.0327734375
0 0.9964453125 0.864765625 0.007109375 0.03724609375
1 0.9964453125 0.81486328125 0.007109375 0.03724609375
1 0.99533203125 0.5105859375 0.00935546875 0.03203125
1 0.99681640625 0.1061328125 0.0063671875 0.0245703125
1 0.99830078125 0.0584765625 0.0033984375 0.030546875
1 0.99755859375 0.0119140625 0.0048828125 0.023828125
0 0.9971875 0.15716796875 0.005625 0.02830078125
0 0.99681640625 0.206328125 0.0063671875 0.0312890625
0 0.99607421875 0.25548828125 0.0078515625 0.02830078125
0 0.995703125 0.30724609375 0.00861328125 0.0245703125
0 0.9964453125 0.35603515625 0.007109375 0.02681640625
0 0.99681640625 0.40630859375 0.0063671875 0.02904296875
0 0.99681640625 0.45845703125 0.0063671875 0.02607421875
0 0.9964453125 0.5601171875 0.007109375 0.02830078125
0 0.995703125 0.60927734375 0.00861328125 0.02681640625
0 0.99607421875 0.6603125 0.0078515625 0.0230859375
0 0.995703125 0.71095703125 0.00861328125 0.02607421875
0 0.99533203125 0.76123046875 0.00935546875 0.02681640625