0 0.0386328125 0.0654296875 0.0675390625 0.066015625
1 0.178828125 0.01095703125 0.0637109375 0.0219140625
0 0.0377734375 0.14240234375 0.06779296875 0.0676953125
1 0.249921875 0.19140625 0.0698828125 0.0669921875
0 0.38791015625 0.27078125 0.0697265625 0.066875
0 0.2476953125 0.35142578125 0.067578125 0.06931640625
1 0.38685546875 0.3537109375 0.07068359375 0.0688671875
0 0.4571484375 0.478125 0.066640625 0.06685546875
0 0.03380859375 0.71515625 0.0676171875 0.06888671875
0 0.0334375 0.87974609375 0.066875 0.0682421875
1 0.38552734375 0.8414453125 0.07015625 0.07134765625
0 0.45541015625 0.961875 0.06912109375 0.06814453125
0 0.5263671875 0.842109375 0.07005859375 0.06921875
0 0.94869140625 0.76439453125 0.06927734375 0.06724609375
0 0.9494921875 0.51923828125 0.06666015625 0.06595703125
0 0.87951171875 0.39822265625 0.06876953125 0.06958984375
0 0.74046875 0.2344921875 0.06720703125 0.068515625
0 0.1091796875 0.02947265625 0.068984375 0.05892578125
0 0.037421875 0.227578125 0.06771484375 0.0671484375
0 0.1092578125 0.10666015625 0.07283203125 0.07017578125
1 0.1080078125 0.188359375 0.0665625 0.06859375
0 0.03822265625 0.3076953125 0.06626953125 0.069140625
0 0.0350390625 0.3915625 0.0672265625 0.0676953125
0 0.10806640625 0.26859375 0.06484375 0.0649609375
0 0.10677734375 0.3508984375 0.06888671875 0.065859375
0 0.035390625 0.47095703125 0.06845703125 0.06939453125
1 0.03470703125 0.55376953125 0.0694140625 0.06765625
0 0.0341015625 0.63466796875 0.06822265625 0.065390625
0 0.03470703125 0.79873046875 0.0694140625 0.0665625
1 0.034765625 0.9590234375 0.06951171875 0.06611328125
0 0.10462890625 0.983515625 0.07306640625 0.03298828125
0 0.10474609375 0.8383984375 0.068671875 0.068125
0 0.10587890625 0.756796875 0.070078125 0.06587890625
0 0.1052734375 0.67556640625 0.06779296875 0.06708984375
0 0.1061328125 0.5932421875 0.0676171875 0.06556640625
0 0.10572265625 0.512421875 0.06896484375 0.0705859375
0 0.10654296875 0.43291015625 0.06638671875 0.0664453125
0 0.1785546875 0.0681640625 0.06876953125 0.0677734375
0 0.24888671875 0.11009765625 0.06802734375 0.06775390625
0 0.24720703125 0.029296875 0.07197265625 0.05859375
0 0.32208984375 0.069453125 0.07044921875 0.069609375
0 0.317421875 0.14578125 0.0684375 0.06611328125
1 0.17853515625 0.15232421875 0.0708203125 0.0724609375
0 0.178359375 0.2294921875 0.0696875 0.07037109375
0 0.1766015625 0.30919921875 0.06767578125 0.06810546875
0 0.24853515625 0.274296875 0.067890625 0.0707421875
0 0.1771875 0.38900390625 0.0695703125 0.0686328125
0 0.17634765625 0.4726953125 0.0680859375 0.06837890625
0 0.24869140625 0.43544921875 0.0669921875 0.07009765625
0 0.1763671875 0.5528515625 0.06962890625 0.0686328125
0 0.31591796875 0.96115234375 0.070234375 0.0652734375
0 0.17556640625 0.9625390625 0.07390625 0.06759765625
0 0.38626953125 0.92388671875 0.06833984375 0.06794921875
0 0.3153515625 0.8808203125 0.066796875 0.07025390625
0 0.24478515625 0.91984375 0.0678515625 0.0677734375
0 0.17669921875 0.87810546875 0.0676953125 0.06798828125
0 0.24513671875 0.67890625 0.0672265625 0.06896484375
1 0.24591796875 0.841015625 0.06712890625 0.0683984375
1 0.17625 0.718359375 0.06861328125 0.0676953125
1 0.2435546875 0.757734375 0.07095703125 0.0648828125
0 0.17615234375 0.63494140625 0.06880859375 0.0684765625
0 0.248203125 0.597265625 0.07046875 0.0671875
0 0.24796875 0.51701171875 0.0670703125 0.06767578125
0 0.31794921875 0.23142578125 0.0700390625 0.07046875
0 0.31796875 0.313515625 0.06484375 0.07091796875
0 0.3165234375 0.3959375 0.0671875 0.07001953125
0 0.38732421875 0.43537109375 0.06916015625 0.06576171875
0 0.31552734375 0.4737890625 0.0687109375 0.06759765625
0 0.38771484375 0.51705078125 0.0666015625 0.06869140625
0 0.31771484375 0.5533203125 0.068125 0.06810546875
0 0.31849609375 0.63634765625 0.06810546875 0.07107421875
0 0.3152734375 0.71794921875 0.06796875 0.068046875
0 0.31630859375 0.7996484375 0.06921875 0.068671875
0 0.3875390625 0.761953125 0.06794921875 0.068125
0 0.525625 0.98521484375 0.07072265625 0.02958984375
0 0.38626953125 0.9853515625 0.069765625 0.029296875
0 0.59630859375 0.96509765625 0.06791015625 0.06677734375
0 0.5256640625 0.92474609375 0.0614453125 0.0666796875
0 0.666015625 0.9851953125 0.06462890625 0.02962890625
0 0.807265625 0.986875 0.0666015625 0.02625
0 0.94837890625 0.84537109375 0.06751953125 0.068359375
1 0.87666015625 0.967421875 0.06869140625 0.06513671875
0 0.7398828125 0.9651953125 0.0673046875 0.06359375
0 0.8069140625 0.8442578125 0.068515625 0.0674609375
0 0.95021484375 0.6834765625 0.07029296875 0.06677734375
1 0.87931640625 0.8046484375 0.067109375 0.06390625
0 0.949609375 0.60177734375 0.07095703125 0.06654296875
0 0.87912109375 0.64177734375 0.06923828125 0.0689453125
0 0.8784375 0.479453125 0.06693359375 0.06505859375
0 0.94970703125 0.4399609375 0.0691015625 0.067265625
0 0.95154296875 0.357265625 0.068203125 0.06890625
0 0.8823046875 0.23412109375 0.06560546875 0.065078125
0 0.95439453125 0.11701171875 0.06736328125 0.07021484375
0 0.95333984375 0.03212890625 0.066875 0.0642578125
0 0.881953125 0.0136328125 0.0682421875 0.027265625
0 0.8833984375 0.0720703125 0.06685546875 0.069609375
0 0.8835546875 0.1535546875 0.0673046875 0.0671484375
0 0.95138671875 0.19666015625 0.0652734375 0.06544921875
0 0.67203125 0.03134765625 0.073125 0.06267578125
0 0.45904296875 0.14734375 0.06708984375 0.0672265625
0 0.52796875 0.03119140625 0.06818359375 0.0623828125
0 0.3916015625 0.03078125 0.06994140625 0.0615625
0 0.3902734375 0.11009765625 0.069609375 0.0672265625
0 0.4626171875 0.06841796875 0.06912109375 0.070078125
0 0.7423828125 0.013359375 0.0645703125 0.02669921875
0 0.74080078125 0.47978515625 0.06892578125 0.0674609375
0 0.74263671875 0.07037109375 0.07046875 0.06958984375
0 0.81171875 0.0315234375 0.06908203125 0.06302734375
0 0.81259765625 0.19359375 0.06927734375 0.0686328125
0 0.8131640625 0.35798828125 0.0668359375 0.06955078125
0 0.8105078125 0.52044921875 0.066484375 0.0673046875
0 0.81 0.5998828125 0.068515625 0.0676171875
0 0.87787109375 0.56017578125 0.069609375 0.06783203125
0 0.8080859375 0.6821484375 0.06654296875 0.067890625
0 0.38994140625 0.19314453125 0.06919921875 0.06708984375
0 0.45865234375 0.23228515625 0.068671875 0.06775390625
0 0.52919921875 0.1098828125 0.0712109375 0.06814453125
0 0.60072265625 0.01060546875 0.07080078125 0.0212109375
0 0.81259765625 0.11283203125 0.0683203125 0.0708203125
0 0.599921875 0.0702734375 0.06833984375 0.06826171875
0 0.52783203125 0.2757421875 0.0715234375 0.0690625
0 0.4585546875 0.55673828125 0.06904296875 0.06708984375
0 0.45669921875 0.63908203125 0.06990234375 0.06810546875
0 0.457265625 0.71912109375 0.06765625 0.0691796875
0 0.3868359375 0.59818359375 0.06767578125 0.07001953125
0 0.38650390625 0.67806640625 0.06830078125 0.0697265625
1 0.45513671875 0.88294921875 0.0683203125 0.0681640625
0 0.458203125 0.79990234375 0.06791015625 0.069375
0 0.53087890625 0.4364453125 0.068359375 0.0665625
0 0.4584375 0.39236328125 0.06955078125 0.0669140625
0 0.45744140625 0.31359375 0.07251953125 0.07046875
1 0.52830078125 0.19283203125 0.06994140625 0.07056640625
0 0.601640625 0.15125 0.06861328125 0.06744140625
0 0.6708203125 0.11197265625 0.06921875 0.067578125
0 0.6706640625 0.19375 0.07017578125 0.06916015625
0 0.74064453125 0.15404296875 0.0686328125 0.0690234375
0 0.67125 0.27490234375 0.066875 0.06951171875
0 0.81138671875 0.2759765625 0.06892578125 0.06951171875
0 0.88171875 0.31703125 0.069609375 0.0678515625
0 0.7402734375 0.317109375 0.07052734375 0.06802734375
0 0.66880859375 0.35439453125 0.06890625 0.0685546875
0 0.60021484375 0.23421875 0.06982421875 0.06880859375
0 0.528671875 0.3547265625 0.06919921875 0.06931640625
0 0.60064453125 0.31533203125 0.06994140625 0.0698828125
0 0.5990234375 0.39794921875 0.0689453125 0.07041015625
0 0.6666015625 0.43609375 0.06591796875 0.0684765625
0 0.73986328125 0.39939453125 0.0684765625 0.06779296875
0 0.66908203125 0.51697265625 0.067421875 0.06865234375
0 0.7394921875 0.5603125 0.0681640625 0.0659375
1 0.52783203125 0.51658203125 0.07037109375 0.06880859375
0 0.6003515625 0.47958984375 0.06814453125 0.0712109375
0 0.66765625 0.59748046875 0.0675 0.066953125
1 0.5994921875 0.55916015625 0.06953125 0.06779296875
0 0.5273828125 0.59734375 0.0682421875 0.068984375
0 0.52666015625 0.68048828125 0.0687109375 0.06572265625
0 0.59861328125 0.7217578125 0.06828125 0.06984375
1 0.59712890625 0.80140625 0.0673828125 0.06693359375
1 0.5272265625 0.76341796875 0.07060546875 0.06841796875
0 0.66625 0.8430078125 0.06841796875 0.06708984375
1 0.5965234375 0.88271484375 0.06857421875 0.0707421875
0 0.66701171875 0.92345703125 0.06708984375 0.0685546875
1 0.73701171875 0.88537109375 0.06904296875 0.0687109375
0 0.80736328125 0.76513671875 0.06884765625 0.0684765625
0 0.73916015625 0.804375 0.06845703125 0.06701171875
0 0.87833984375 0.72169921875 0.06841796875 0.06564453125
0 0.6693359375 0.75734375 0.0669921875 0.06767578125
0 0.74080078125 0.6426171875 0.06876953125 0.064453125
0 0.5987890625 0.63880859375 0.06986328125 0.06853515625
0 0.669921875 0.68015625 0.06685546875 0.06873046875
1 0.73873046875 0.721875 0.06966796875 0.0699609375
0 0.10388671875 0.9191796875 0.06763671875 0.066875
0 0.1755859375 0.7983984375 0.06791015625 0.06806640625
1 0.24587890625 0.983828125 0.0715625 0.03234375
0 0.95205078125 0.27595703125 0.06875 0.06966796875
0 0.81064453125 0.4367578125 0.0686328125 0.06951171875
0 0.8051171875 0.9255859375 0.06435546875 0.0644140625
0 0.87796875 0.88724609375 0.0673828125 0.067265625
0 0.9475 0.98703125 0.06615234375 0.0259375
0 0.94736328125 0.92669921875 0.068203125 0.06896484375
0 0.31921875 0.01078125 0.06482421875 0.0215625
0 0.46162109375 0.01138671875 0.0598828125 0.02275390625
0 0.0380859375 0.0101171875 0.0602734375 0.02021484375