1 0.04375 0.21904296875 0.06998046875 0.07041015625
1 0.25578125 0.2609375 0.0716796875 0.06876953125
0 0.3957421875 0.426953125 0.06966796875 0.0687890625
0 0.53748046875 0.34474609375 0.07046875 0.06962890625
1 0.39546875 0.50669921875 0.0687890625 0.06662109375
1 0.18357421875 0.62671875 0.06923828125 0.06875
1 0.11130859375 0.911875 0.06740234375 0.06669921875
1 0.324921875 0.7901171875 0.068828125 0.06734375
1 0.39357421875 0.75234375 0.0706640625 0.06953125
1 0.46419921875 0.791796875 0.071875 0.07107421875
1 0.3946484375 0.6698828125 0.07052734375 0.06875
1 0.6078515625 0.465859375 0.07208984375 0.07017578125
1 0.8901171875 0.46896484375 0.06849609375 0.06712890625
1 0.88814453125 0.5494140625 0.07046875 0.06697265625
1 0.7477734375 0.6314453125 0.0729296875 0.0736328125
1 0.95873046875 0.67357421875 0.067578125 0.07298828125
1 0.95669921875 0.75552734375 0.065234375 0.07177734375
0 0.95796875 0.9174609375 0.070078125 0.068984375
1 0.81998046875 0.265 0.07177734375 0.07099609375
1 0.8925390625 0.0088671875 0.054765625 0.017734375
1 0.0464453125 0.00611328125 0.050078125 0.01220703125
1 0.0440625 0.058203125 0.07119140625 0.070078125
1 0.11650390625 0.0251171875 0.07033203125 0.050234375
1 0.18755859375 0.005703125 0.055 0.01140625
1 0.1854296875 0.05783203125 0.07263671875 0.0708203125
1 0.11544921875 0.0983984375 0.068828125 0.0684375
1 0.043828125 0.13916015625 0.06970703125 0.0695703125
1 0.11466796875 0.1808984375 0.07001953125 0.0665234375
1 0.114296875 0.26232421875 0.07044921875 0.06703125
1 0.04201171875 0.30044921875 0.070390625 0.0684375
1 0.0427734375 0.38388671875 0.07173828125 0.0696484375
1 0.04267578125 0.4642578125 0.0697265625 0.070859375
1 0.04150390625 0.54552734375 0.0669140625 0.0696484375
1 0.041875 0.6277734375 0.06943359375 0.06853515625
0 0.0408984375 0.70828125 0.070859375 0.0693359375
1 0.0417578125 0.7891796875 0.06763671875 0.07015625
1 0.04232421875 0.86994140625 0.0691796875 0.06751953125
0 0.04037109375 0.9523046875 0.0683203125 0.06576171875
1 0.11140625 0.980234375 0.067890625 0.03955078125
1 0.18140625 0.9529296875 0.0687109375 0.06673828125
1 0.11150390625 0.83056640625 0.06875 0.06798828125
1 0.25626953125 0.02625 0.0683203125 0.0525
1 0.25517578125 0.0988671875 0.07138671875 0.066484375
1 0.18486328125 0.13990234375 0.0712890625 0.0695703125
1 0.18560546875 0.22123046875 0.06845703125 0.06802734375
1 0.184921875 0.30166015625 0.07029296875 0.06826171875
1 0.1129296875 0.3427734375 0.070625 0.070625
1 0.11341796875 0.4249609375 0.07046875 0.0695703125
1 0.11123046875 0.506171875 0.07220703125 0.06947265625
0 0.11123046875 0.5863671875 0.0678125 0.06796875
1 0.11134765625 0.668671875 0.0723828125 0.068828125
1 0.111640625 0.75009765625 0.07138671875 0.06984375
1 0.18130859375 0.8715234375 0.07224609375 0.06994140625
1 0.25306640625 0.9803515625 0.07029296875 0.039296875
1 0.2563671875 0.18009765625 0.07060546875 0.068515625
1 0.2546484375 0.34380859375 0.07294921875 0.071171875
1 0.1841796875 0.384453125 0.07259765625 0.06853515625
1 0.1845703125 0.46458984375 0.0695703125 0.06818359375
1 0.18427734375 0.54646484375 0.07017578125 0.06701171875
1 0.25486328125 0.50701171875 0.0690234375 0.06892578125
1 0.2541015625 0.58865234375 0.07017578125 0.06765625
1 0.253515625 0.6692578125 0.0692578125 0.06884765625
1 0.18353515625 0.7092578125 0.07046875 0.06837890625
1 0.18353515625 0.7916015625 0.07099609375 0.06671875
1 0.25205078125 0.75146484375 0.07048828125 0.06740234375
1 0.25181640625 0.83158203125 0.07146484375 0.0706640625
1 0.252578125 0.91439453125 0.06974609375 0.068984375
1 0.3228125 0.95451171875 0.06869140625 0.0663671875
1 0.32328125 0.87328125 0.071015625 0.0685546875
1 0.3224609375 0.7105859375 0.0713671875 0.0676171875
1 0.32203125 0.6285546875 0.0726953125 0.06853515625
1 0.32455078125 0.54767578125 0.072421875 0.070546875
1 0.323203125 0.46462890625 0.075 0.07205078125
1 0.2543359375 0.4256640625 0.07251953125 0.06966796875
1 0.32498046875 0.38345703125 0.07146484375 0.068828125
1 0.3245703125 0.30154296875 0.0721484375 0.07078125
1 0.32712890625 0.22091796875 0.0710546875 0.0682421875
1 0.32564453125 0.14005859375 0.07072265625 0.06916015625
1 0.32650390625 0.05857421875 0.0702734375 0.0684375
1 0.331484375 0.0055078125 0.0523046875 0.0109765625
1 0.46896484375 0.0068359375 0.0534765625 0.013671875
1 0.39765625 0.02529296875 0.07126953125 0.0505859375
1 0.3980078125 0.09943359375 0.0709375 0.070546875
0 0.3957421875 0.1817578125 0.07123046875 0.06849609375
1 0.396328125 0.26224609375 0.0719140625 0.06822265625
1 0.3969140625 0.34541015625 0.07107421875 0.06712890625
1 0.4660546875 0.38498046875 0.06900390625 0.06794921875
1 0.46666015625 0.30294921875 0.070625 0.06939453125
1 0.46751953125 0.2227734375 0.06896484375 0.06578125
1 0.46767578125 0.1403515625 0.069140625 0.068828125
1 0.46896484375 0.0595703125 0.06904296875 0.06662109375
1 0.5385546875 0.026640625 0.0689453125 0.05328125
1 0.61203125 0.0073828125 0.0543359375 0.01474609375
0 0.60853515625 0.06171875 0.07212890625 0.06775390625
1 0.5391015625 0.09994140625 0.0706640625 0.06794921875
1 0.5378515625 0.18310546875 0.07 0.06744140625
1 0.53701171875 0.2632421875 0.07099609375 0.06708984375
1 0.60830078125 0.22373046875 0.07126953125 0.06791015625
1 0.6064453125 0.305078125 0.07109375 0.06912109375
1 0.60765625 0.3863671875 0.07220703125 0.06818359375
1 0.53763671875 0.42611328125 0.0715625 0.067890625
1 0.4667578125 0.465859375 0.07021484375 0.068984375
1 0.46388671875 0.5484375 0.07298828125 0.0697265625
1 0.53544921875 0.50791015625 0.07345703125 0.06947265625
0 0.39556640625 0.58861328125 0.0683203125 0.07080078125
1 0.46482421875 0.7110546875 0.0725 0.0687109375
1 0.3942578125 0.83296875 0.07033203125 0.068046875
1 0.39396484375 0.9139453125 0.07037109375 0.06796875
1 0.3927734375 0.9810546875 0.07169921875 0.037890625
1 0.4634375 0.95521484375 0.06953125 0.06939453125
1 0.46509765625 0.87287109375 0.06947265625 0.06966796875
1 0.5353125 0.83435546875 0.07234375 0.0675
1 0.53228515625 0.91447265625 0.07099609375 0.06705078125
1 0.5330078125 0.9809765625 0.07126953125 0.038046875
1 0.60578125 0.95689453125 0.07060546875 0.06787109375
1 0.60484375 0.8746875 0.06849609375 0.06650390625
1 0.60455078125 0.793359375 0.06953125 0.0675
1 0.53580078125 0.7530078125 0.07185546875 0.06935546875
1 0.46376953125 0.629375 0.07111328125 0.0683984375
1 0.53638671875 0.59068359375 0.06853515625 0.06716796875
1 0.53736328125 0.67078125 0.07095703125 0.0695703125
1 0.6071484375 0.631328125 0.07048828125 0.06671875
1 0.60548828125 0.71236328125 0.07015625 0.070078125
0 0.605546875 0.5475390625 0.0682421875 0.06955078125
1 0.679296875 0.50853515625 0.06787109375 0.06763671875
1 0.67845703125 0.4268359375 0.07248046875 0.06634765625
1 0.67994140625 0.34634765625 0.06880859375 0.06775390625
1 0.680859375 0.26396484375 0.06861328125 0.0684375
1 0.67890625 0.18296875 0.06939453125 0.07044921875
1 0.60798828125 0.1414453125 0.07107421875 0.0703515625
1 0.68068359375 0.10111328125 0.07154296875 0.0695703125
0 0.6809765625 0.02705078125 0.07046875 0.05408203125
1 0.752578125 0.00732421875 0.05919921875 0.01462890625
0 0.7507421875 0.0603515625 0.0684765625 0.068359375
1 0.82193359375 0.02681640625 0.06994140625 0.0536328125
1 0.81982421875 0.10361328125 0.06984375 0.069609375
1 0.75072265625 0.14150390625 0.0690625 0.0674609375
1 0.75025390625 0.225 0.06955078125 0.06732421875
1 0.82109375 0.18369140625 0.071015625 0.0676953125
1 0.8915234375 0.1437109375 0.06873046875 0.06603515625
1 0.891328125 0.06212890625 0.07123046875 0.068515625
1 0.9644140625 0.028359375 0.071171875 0.05673828125
1 0.96150390625 0.1043359375 0.0694921875 0.06734375
1 0.96125 0.184609375 0.0689453125 0.0665234375
1 0.89107421875 0.2247265625 0.07044921875 0.06771484375
1 0.8910546875 0.30640625 0.07044921875 0.0693359375
1 0.9615234375 0.2655078125 0.0676171875 0.06826171875
1 0.96119140625 0.3475 0.0690234375 0.0680859375
1 0.89015625 0.386953125 0.068828125 0.06810546875
1 0.82017578125 0.34677734375 0.0701953125 0.06833984375
1 0.74900390625 0.3053125 0.06998046875 0.06892578125
1 0.748359375 0.3876953125 0.0703125 0.06869140625
1 0.74576171875 0.468359375 0.071640625 0.0673046875
1 0.74755859375 0.54953125 0.0710546875 0.0679296875
1 0.67759765625 0.59041015625 0.069921875 0.06888671875
1 0.67791015625 0.672421875 0.06994140625 0.0694140625
1 0.67595703125 0.75328125 0.0693359375 0.06560546875
1 0.6753125 0.834296875 0.0698828125 0.06673828125
1 0.6753125 0.91587890625 0.06990234375 0.06845703125
1 0.74712890625 0.9563671875 0.06978515625 0.068515625
1 0.67525390625 0.98091796875 0.0720703125 0.0381640625
1 0.7446875 0.875859375 0.071640625 0.0658203125
1 0.8871484375 0.95755859375 0.068828125 0.066875
1 0.8165625 0.98140625 0.06916015625 0.03720703125
1 0.81595703125 0.915859375 0.06845703125 0.06642578125
1 0.81712890625 0.8344140625 0.07208984375 0.0682421875
1 0.88767578125 0.87666015625 0.0705078125 0.06689453125
1 0.9573046875 0.8351953125 0.067890625 0.0675390625
1 0.8877734375 0.7947265625 0.07208984375 0.0694140625
0 0.74552734375 0.794453125 0.07091796875 0.0676953125
1 0.7476953125 0.712734375 0.06771484375 0.068125
1 0.8184375 0.67208984375 0.06826171875 0.06875
1 0.81720703125 0.75396484375 0.069921875 0.0679296875
1 0.88765625 0.71337890625 0.0698828125 0.06923828125
1 0.8878125 0.63275390625 0.07255859375 0.06751953125
1 0.95974609375 0.59205078125 0.07033203125 0.06875
1 0.95978515625 0.51087890625 0.07025390625 0.06884765625
0 0.96005859375 0.42853515625 0.06935546875 0.067265625
1 0.81900390625 0.42806640625 0.0676953125 0.06853515625
1 0.81779296875 0.50916015625 0.07302734375 0.0699609375
1 0.81767578125 0.59103515625 0.07248046875 0.068046875
1 0.95806640625 0.98203125 0.071015625 0.0359375