1 0.06765625 0.2085546875 0.0990625 0.1018359375
1 0.490390625 0.3362109375 0.1018359375 0.1032421875
1 0.2769140625 0.4548046875 0.09625 0.09765625
1 0.5922265625 0.6410546875 0.1018359375 0.1101953125
1 0.594296875 0.8865625 0.0948828125 0.1018359375
1 0.7003515625 0.3383203125 0.09765625 0.1018359375
1 0.702421875 0.0948828125 0.0990625 0.1004296875
0 0.0718359375 0.0906640625 0.0934765625 0.0948828125
0 0.1716015625 0.14578125 0.1032421875 0.0934765625
0 0.1792578125 0.0432421875 0.09625 0.069765625
0 0.2790234375 0.0913671875 0.09765625 0.09625
0 0.283203125 0.206484375 0.09765625 0.108828125
0 0.177890625 0.2678515625 0.107421875 0.0948828125
0 0.07046875 0.330625 0.107421875 0.0948828125
1 0.3864453125 0.516875 0.108828125 0.1046484375
0 0.1716015625 0.3948046875 0.1004296875 0.09765625
0 0.068359375 0.4526953125 0.1116015625 0.0990625
0 0.174375 0.51546875 0.1032421875 0.0934765625
0 0.0725390625 0.5719921875 0.106015625 0.1004296875
0 0.07046875 0.6961328125 0.107421875 0.09765625
0 0.175078125 0.6375390625 0.1101953125 0.0948828125
0 0.2797265625 0.576875 0.107421875 0.1046484375
0 0.2797265625 0.3348046875 0.0990625 0.0808984375
0 0.380859375 0.274140625 0.1032421875 0.0934765625
0 0.38921875 0.39203125 0.09765625 0.0920703125
0 0.49875 0.214140625 0.09625 0.09625
0 0.490390625 0.458984375 0.107421875 0.089296875
0 0.5978125 0.3864453125 0.1046484375 0.1004296875
0 0.3871484375 0.03765625 0.107421875 0.0753515625
0 0.3857421875 0.14859375 0.1046484375 0.107421875
0 0.49734375 0.0913671875 0.11578125 0.0934765625
0 0.6005859375 0.27484375 0.0990625 0.1032421875
0 0.606875 0.1527734375 0.106015625 0.0934765625
0 0.70453125 0.2134375 0.09765625 0.09765625
0 0.488984375 0.576875 0.107421875 0.0990625
0 0.3850390625 0.6459375 0.108828125 0.0948828125
0 0.066953125 0.819609375 0.106015625 0.1046484375
0 0.1730078125 0.759609375 0.1004296875 0.1018359375
0 0.2804296875 0.6968359375 0.108828125 0.0990625
0 0.380859375 0.7561328125 0.1032421875 0.1032421875
0 0.2783203125 0.8203125 0.107421875 0.1032421875
0 0.174375 0.87890625 0.1144140625 0.0948828125
0 0.0711328125 0.9423828125 0.106015625 0.0990625
0 0.1716015625 0.96875 0.089296875 0.0625
0 0.28109375 0.9416796875 0.1101953125 0.1032421875
0 0.3843359375 0.97640625 0.09625 0.0471484375
0 0.3857421875 0.8830859375 0.107421875 0.1032421875
0 0.490390625 0.6982421875 0.1101953125 0.1101953125
0 0.4855078125 0.821015625 0.108828125 0.09625
0 0.4931640625 0.9464453125 0.107421875 0.1071484375
0 0.59640625 0.97640625 0.0934765625 0.0471484375
0 0.597109375 0.5224609375 0.0948828125 0.1101953125
0 0.59640625 0.763125 0.107421875 0.0920703125
0 0.705234375 0.4659765625 0.1213671875 0.1032421875
0 0.701015625 0.5789453125 0.107421875 0.108828125
0 0.703125 0.703828125 0.1144140625 0.1046484375
0 0.7073046875 0.82796875 0.106015625 0.0990625
0 0.6961328125 0.949375 0.106015625 0.0990625
0 0.8049609375 0.8844921875 0.108828125 0.089296875
0 0.8056640625 0.97640625 0.1018359375 0.0471484375
0 0.8021875 0.0355859375 0.0948828125 0.0655859375
0 0.811953125 0.145078125 0.108828125 0.1032421875
0 0.811953125 0.2699609375 0.106015625 0.1046484375
0 0.8203125 0.3976171875 0.1116015625 0.1032421875
0 0.810546875 0.5217578125 0.09765625 0.1032421875
0 0.8084375 0.642421875 0.0990625 0.0990625
0 0.81125 0.7644921875 0.1018359375 0.1032421875
0 0.9151953125 0.10953125 0.09765625 0.0934765625
0 0.9165625 0.2134375 0.1032421875 0.0948828125
0 0.915859375 0.3271484375 0.0934765625 0.11859375
0 0.926328125 0.46109375 0.1032421875 0.1130078125
0 0.919375 0.5831640625 0.108828125 0.1144140625
0 0.9137890625 0.70453125 0.108828125 0.106015625
0 0.91796875 0.828671875 0.106015625 0.106015625
0 0.9151953125 0.947109375 0.1004296875 0.1057421875
0 0.9826953125 0.14859375 0.034609375 0.07953125
0 0.987578125 0.2678515625 0.02484375 0.1144140625
0 0.9841015625 0.398984375 0.031796875 0.106015625
0 0.986171875 0.51828125 0.0276171875 0.09625
0 0.987578125 0.643828125 0.02484375 0.0990625
0 0.9833984375 0.761015625 0.033203125 0.0990625
0 0.9833984375 0.8830859375 0.033203125 0.1144140625
0 0.9855078125 0.977265625 0.0290234375 0.03765625
0 0.6005859375 0.0446484375 0.1101953125 0.089296875
0 0.71078125 0.018828125 0.087890625 0.03765625
0 0.5008203125 0.0223046875 0.09765625 0.0418359375