1 0.0512890625 0.08107421875 0.10255859375 0.101171875
1 0.16146484375 0.14759765625 0.112265625 0.1039453125
1 0.8343359375 0.28619140625 0.11087890625 0.1039453125
1 0.94697265625 0.35341796875 0.1060546875 0.10810546875
1 0.05267578125 0.7387109375 0.10533203125 0.10533203125
1 0.15591796875 0.932734375 0.1039453125 0.10255859375
1 0.72 0.87314453125 0.10671875 0.10533203125
1 0.048125 0.00626953125 0.07115234375 0.01255859375
0 0.05091796875 0.21205078125 0.1018359375 0.10603515625
0 0.05232421875 0.3425 0.10462890625 0.1018359375
0 0.05162109375 0.4729296875 0.1032421875 0.10603515625
0 0.05021484375 0.60546875 0.10044921875 0.09765625
0 0.04953125 0.86705078125 0.09904296875 0.10462890625
0 0.04953125 0.96248046875 0.09904296875 0.033203125
0 0.156953125 0.80287109375 0.10462890625 0.10462890625
0 0.15833984375 0.67173828125 0.107421875 0.107421875
0 0.15833984375 0.5419921875 0.107421875 0.10462890625
0 0.15763671875 0.409453125 0.10603515625 0.10462890625
0 0.15974609375 0.2783203125 0.11021484375 0.10462890625
0 0.1604296875 0.03626953125 0.10603515625 0.0725390625
0 0.274140625 0.0837109375 0.11021484375 0.10603515625
0 0.2734375 0.214140625 0.1032421875 0.1018359375
0 0.27205078125 0.3466796875 0.1032421875 0.10462890625
0 0.27205078125 0.4743359375 0.10603515625 0.10880859375
0 0.27134765625 0.60685546875 0.11021484375 0.10603515625
0 0.27064453125 0.7373046875 0.10603515625 0.10462890625
0 0.2692578125 0.8684375 0.10603515625 0.107421875
0 0.2685546875 0.9736328125 0.1018359375 0.052734375
0 0.38294921875 0.93400390625 0.10462890625 0.1018359375
0 0.3815625 0.8049609375 0.11021484375 0.1032421875
0 0.38294921875 0.67591796875 0.107421875 0.107421875
0 0.38365234375 0.5426953125 0.1116015625 0.10603515625
0 0.38365234375 0.41224609375 0.10880859375 0.10462890625
0 0.3850390625 0.28111328125 0.10603515625 0.1018359375
0 0.3857421875 0.1513671875 0.107421875 0.10462890625
0 0.3857421875 0.03556640625 0.11021484375 0.07115234375
0 0.498046875 0.08439453125 0.10880859375 0.10462890625
0 0.498046875 0.21763671875 0.10603515625 0.1032421875
0 0.49734375 0.34388671875 0.1130078125 0.107421875
0 0.49666015625 0.47642578125 0.10603515625 0.107421875
0 0.49734375 0.60755859375 0.10462890625 0.10462890625
0 0.49595703125 0.7380078125 0.11021484375 0.10603515625
0 0.49525390625 0.87193359375 0.10603515625 0.1032421875
0 0.498046875 0.97501953125 0.10880859375 0.04994140625
0 0.6103515625 0.938203125 0.107421875 0.1018359375
0 0.6110546875 0.80775390625 0.10603515625 0.1032421875
0 0.6096484375 0.6787109375 0.1032421875 0.107421875
0 0.6096484375 0.546875 0.10603515625 0.1032421875
0 0.6103515625 0.4157421875 0.107421875 0.10603515625
0 0.61173828125 0.283203125 0.11021484375 0.10603515625
0 0.61244140625 0.15345703125 0.10880859375 0.10044921875
0 0.61314453125 0.038359375 0.11021484375 0.07673828125
0 0.72544921875 0.0871875 0.10603515625 0.1018359375
0 0.72265625 0.21693359375 0.1032421875 0.1018359375
0 0.72265625 0.34876953125 0.10880859375 0.1032421875
0 0.72265625 0.47990234375 0.10603515625 0.10044921875
0 0.72126953125 0.6103515625 0.1032421875 0.107421875
0 0.72126953125 0.742890625 0.1032421875 0.107421875
0 0.71986328125 0.97572265625 0.10044921875 0.0485546875
0 0.83287109375 0.93888671875 0.1032421875 0.10044921875
0 0.8342578125 0.80916015625 0.10603515625 0.1032421875
0 0.8342578125 0.67732421875 0.10603515625 0.10462890625
0 0.83357421875 0.546171875 0.10462890625 0.10462890625
0 0.83775390625 0.41712890625 0.10462890625 0.1032421875
0 0.83705078125 0.15416015625 0.1032421875 0.1018359375
0 0.83634765625 0.03697265625 0.107421875 0.0739453125
0 0.94783203125 0.09068359375 0.10435546875 0.1032421875
0 0.94783203125 0.2190234375 0.10435546875 0.10044921875
0 0.94712890625 0.48201171875 0.1057421875 0.1018359375
0 0.94712890625 0.61314453125 0.1057421875 0.10462890625
0 0.94783203125 0.74427734375 0.10435546875 0.1018359375
0 0.94572265625 0.87123046875 0.10853515625 0.10462890625
0 0.94447265625 0.97572265625 0.10603515625 0.0485546875