1 0.0298046875 0.2146484375 0.05623046875 0.05470703125
1 0.14671875 0.1474609375 0.05841796875 0.05783203125
1 0.204296875 0.24806640625 0.0583203125 0.056171875
1 0.20498046875 0.18177734375 0.0586328125 0.0576953125
1 0.3223046875 0.18162109375 0.05744140625 0.056328125
1 0.26287109375 0.282734375 0.05814453125 0.05607421875
1 0.20390625 0.31525390625 0.0576953125 0.055546875
1 0.20228515625 0.5180859375 0.05890625 0.05791015625
1 0.2617578125 0.3499609375 0.0578125 0.05576171875
1 0.26171875 0.4175 0.0583984375 0.05681640625
1 0.02734375 0.6176171875 0.05466796875 0.05724609375
1 0.31658203125 0.92177734375 0.058125 0.0571875
1 0.31751953125 0.7877734375 0.056875 0.05716796875
1 0.43873046875 0.18279296875 0.05595703125 0.0561328125
1 0.613671875 0.217265625 0.05640625 0.05796875
1 0.61201171875 0.2846484375 0.05861328125 0.057109375
1 0.43716796875 0.3841796875 0.0590625 0.056875
1 0.6702734375 0.38603515625 0.05611328125 0.0564453125
1 0.6098046875 0.75521484375 0.056953125 0.057734375
1 0.5510546875 0.788671875 0.0598828125 0.0583203125
1 0.49279296875 0.822109375 0.059609375 0.05671875
1 0.55029296875 0.98146484375 0.05697265625 0.03705078125
1 0.9059375 0.052265625 0.05728515625 0.05642578125
1 0.9040625 0.18556640625 0.055625 0.05611328125
1 0.96271484375 0.22 0.05794921875 0.0551171875
1 0.84625 0.218984375 0.05646484375 0.05533203125
1 0.7292578125 0.21796875 0.05783203125 0.05556640625
1 0.72828125 0.48744140625 0.05798828125 0.05646484375
1 0.7861328125 0.5212109375 0.055859375 0.0562109375
1 0.84376953125 0.68951171875 0.0590234375 0.05634765625
1 0.78494140625 0.72275390625 0.0570703125 0.05595703125
1 0.9009765625 0.85841796875 0.05697265625 0.055234375
1 0.7844140625 0.8576171875 0.05751953125 0.057421875
0 0.96349609375 0.023203125 0.05478515625 0.04638671875
0 0.84701171875 0.0221484375 0.055859375 0.044296875
0 0.9631640625 0.085078125 0.0563671875 0.05490234375
0 0.963046875 0.15341796875 0.0556640625 0.05466796875
0 0.90533203125 0.11826171875 0.05607421875 0.0559765625
0 0.846484375 0.08404296875 0.0559765625 0.05505859375
0 0.96216796875 0.2862109375 0.055078125 0.05541015625
0 0.90419921875 0.253046875 0.055546875 0.0542578125
0 0.9621484375 0.35404296875 0.05560546875 0.05484375
0 0.9037109375 0.32037109375 0.05513671875 0.05560546875
0 0.96203125 0.4214453125 0.05537109375 0.054609375
0 0.961328125 0.48833984375 0.05630859375 0.0540234375
0 0.9609765625 0.55546875 0.05513671875 0.05392578125
0 0.96119140625 0.6227734375 0.05658203125 0.05384765625
0 0.9604296875 0.68998046875 0.05625 0.05494140625
0 0.95958984375 0.7572265625 0.05513671875 0.05498046875
0 0.95931640625 0.8257421875 0.0551953125 0.0534765625
0 0.95904296875 0.892109375 0.05578125 0.0534765625
0 0.95888671875 0.96009765625 0.05607421875 0.05439453125
0 0.9001953125 0.92580078125 0.0556640625 0.05451171875
0 0.89986328125 0.982890625 0.05677734375 0.03421875
0 0.783359375 0.98275390625 0.05603515625 0.0344921875
0 0.84171875 0.95857421875 0.0557421875 0.0537109375
0 0.84189453125 0.89177734375 0.05724609375 0.0545703125
0 0.843203125 0.82521484375 0.056953125 0.05591796875
0 0.90123046875 0.79078125 0.0554296875 0.053984375
0 0.84345703125 0.7574609375 0.05689453125 0.05544921875
0 0.90205078125 0.723984375 0.05474609375 0.05486328125
0 0.9022265625 0.6565625 0.05625 0.05564453125
0 0.902421875 0.58890625 0.054921875 0.05541015625
0 0.90271484375 0.5219921875 0.05666015625 0.05603515625
0 0.90271484375 0.4548828125 0.05666015625 0.05568359375
0 0.9040234375 0.38681640625 0.0563671875 0.05578125
0 0.8457421875 0.2862109375 0.055625 0.05541015625
0 0.84556640625 0.35291015625 0.0564453125 0.05607421875
0 0.84546875 0.42072265625 0.05568359375 0.05548828125
0 0.84455078125 0.48796875 0.05615234375 0.05609375
0 0.844453125 0.55435546875 0.055390625 0.05509765625
0 0.84361328125 0.62248046875 0.0566015625 0.05673828125
0 0.73046875 0.02265625 0.0559765625 0.0453125
0 0.78890625 0.0509375 0.05455078125 0.05466796875
0 0.78849609375 0.11859375 0.056171875 0.0559765625
0 0.73033203125 0.0846484375 0.05470703125 0.05482421875
0 0.730234375 0.1512890625 0.05646484375 0.055078125
0 0.78822265625 0.18580078125 0.05396484375 0.05392578125
0 0.8463671875 0.15259765625 0.055078125 0.054765625
0 0.7875390625 0.25265625 0.05572265625 0.0565625
0 0.787734375 0.3203125 0.05416015625 0.0558984375
0 0.729609375 0.28505859375 0.0557421875 0.05458984375
0 0.728828125 0.35298828125 0.0565234375 0.0544921875
0 0.78716796875 0.3862890625 0.0544921875 0.05431640625
0 0.7278515625 0.420078125 0.0561328125 0.0546875
0 0.78666015625 0.45474609375 0.05435546875 0.0567578125
0 0.785859375 0.58763671875 0.05435546875 0.05453125
0 0.7844921875 0.6565234375 0.05552734375 0.05533203125
0 0.7269140625 0.6216796875 0.05486328125 0.053984375
0 0.72677734375 0.68869140625 0.0559375 0.055859375
0 0.7841015625 0.79056640625 0.05474609375 0.05587890625
0 0.726484375 0.7566796875 0.0549609375 0.05498046875
0 0.72650390625 0.82396484375 0.05451171875 0.05544921875
0 0.725625 0.89076171875 0.05509765625 0.05501953125
0 0.78392578125 0.92462890625 0.05587890625 0.05357421875
0 0.66736328125 0.98255859375 0.05541015625 0.03490234375
0 0.72568359375 0.958828125 0.0557421875 0.05470703125
0 0.667109375 0.92466796875 0.0558984375 0.05234375
0 0.66755859375 0.85712890625 0.05580078125 0.05431640625
0 0.6685546875 0.72287109375 0.05748046875 0.0541796875
0 0.66861328125 0.78990234375 0.0566796875 0.0554296875
0 0.608671875 0.89025390625 0.0571875 0.055859375
0 0.608671875 0.9570703125 0.05541015625 0.05443359375
0 0.60962890625 0.82298828125 0.0559765625 0.055
0 0.61037109375 0.68841796875 0.055234375 0.0558984375
0 0.6689453125 0.65482421875 0.056015625 0.0548828125
0 0.66916015625 0.58802734375 0.05556640625 0.05453125
0 0.61013671875 0.621171875 0.0556640625 0.0546484375
0 0.6115625 0.5537890625 0.0549609375 0.0544140625
0 0.6703125 0.52064453125 0.055390625 0.05431640625
0 0.61154296875 0.486796875 0.05537109375 0.0537109375
0 0.66943359375 0.4530078125 0.05611328125 0.05630859375
0 0.61216796875 0.4192578125 0.05482421875 0.05275390625
0 0.61169921875 0.35185546875 0.05611328125 0.0539453125
0 0.67078125 0.31943359375 0.0566015625 0.0551953125
0 0.6709375 0.2516796875 0.05556640625 0.05427734375
0 0.6715234375 0.1853515625 0.0540625 0.05439453125
0 0.67146484375 0.11779296875 0.056640625 0.0551953125
0 0.6719921875 0.0504296875 0.056328125 0.0545703125
0 0.614375 0.02189453125 0.05572265625 0.0437890625
0 0.61263671875 0.0835546875 0.05708984375 0.05509765625
0 0.61283203125 0.150859375 0.05705078125 0.05513671875
0 0.497578125 0.021640625 0.05744140625 0.04328125
0 0.5557421875 0.04923828125 0.05501953125 0.0538671875
0 0.5548828125 0.116875 0.05609375 0.0543359375
0 0.49658203125 0.08314453125 0.05748046875 0.055078125
0 0.49650390625 0.15009765625 0.055703125 0.0566015625
0 0.5550390625 0.1837109375 0.05642578125 0.05521484375
0 0.5546875 0.250625 0.0561328125 0.05421875
0 0.49587890625 0.2165234375 0.057265625 0.0550390625
0 0.49572265625 0.28400390625 0.0553515625 0.0551953125
0 0.55353515625 0.3179296875 0.05623046875 0.0544140625
0 0.49541015625 0.35111328125 0.05470703125 0.05578125
0 0.55380859375 0.38544921875 0.0559765625 0.05546875
0 0.4946484375 0.41853515625 0.0555859375 0.053828125
0 0.55349609375 0.45197265625 0.05533203125 0.05369140625
0 0.49419921875 0.4853125 0.057109375 0.055390625
0 0.5528515625 0.519453125 0.054375 0.05451171875
0 0.4940234375 0.5527734375 0.055546875 0.054296875
0 0.55234375 0.58689453125 0.05505859375 0.05474609375
0 0.55220703125 0.6544140625 0.0559765625 0.05578125
0 0.49373046875 0.6196484375 0.05578125 0.054453125
0 0.49330078125 0.68763671875 0.05443359375 0.05482421875
0 0.55126953125 0.7220703125 0.05689453125 0.05755859375
0 0.4928125 0.75537109375 0.05474609375 0.0570703125
0 0.55052734375 0.85638671875 0.05421875 0.0553125
0 0.55015625 0.924140625 0.054296875 0.053984375
0 0.491953125 0.88921875 0.0558203125 0.05515625
0 0.49173828125 0.95638671875 0.05498046875 0.054296875
0 0.3751953125 0.95705078125 0.05498046875 0.05267578125
0 0.43291015625 0.98166015625 0.05638671875 0.0366796875
0 0.43353515625 0.92392578125 0.05607421875 0.05482421875
0 0.376015625 0.889609375 0.05490234375 0.05533203125
0 0.43388671875 0.85619140625 0.05599609375 0.0552734375
0 0.37541015625 0.82205078125 0.05580078125 0.0541796875
0 0.43392578125 0.78826171875 0.05529296875 0.05458984375
0 0.375625 0.75431640625 0.05505859375 0.05310546875
0 0.43431640625 0.72248046875 0.05607421875 0.05462890625
0 0.37591796875 0.6873828125 0.05603515625 0.054765625
0 0.4354296875 0.6548046875 0.05634765625 0.05560546875
0 0.37744140625 0.6200390625 0.05517578125 0.05447265625
0 0.43578125 0.586328125 0.05470703125 0.053828125
0 0.3777734375 0.55201171875 0.05544921875 0.05396484375
0 0.43576171875 0.51884765625 0.05662109375 0.0544140625
0 0.37796875 0.484609375 0.05505859375 0.05314453125
0 0.43603515625 0.4521875 0.05482421875 0.054296875
0 0.37865234375 0.41802734375 0.05369140625 0.0535546875
0 0.37826171875 0.35123046875 0.05447265625 0.05396484375
0 0.43728515625 0.3182421875 0.05576171875 0.05435546875
0 0.3789453125 0.28365234375 0.05560546875 0.05474609375
0 0.43802734375 0.2503515625 0.05490234375 0.05416015625
0 0.37947265625 0.216171875 0.05611328125 0.05533203125
0 0.37978515625 0.1490625 0.05673828125 0.05580078125
0 0.43880859375 0.116171875 0.05646484375 0.05412109375
0 0.38009765625 0.0821484375 0.05580078125 0.05369140625
0 0.43837890625 0.0490234375 0.05482421875 0.05369140625
0 0.380859375 0.0208984375 0.05615234375 0.04181640625
0 0.2635546875 0.020859375 0.057265625 0.04169921875
0 0.32251953125 0.0478515625 0.05515625 0.05470703125
0 0.2060546875 0.0471875 0.05517578125 0.054140625
0 0.26396484375 0.08099609375 0.05646484375 0.05451171875
0 0.32173828125 0.115859375 0.05673828125 0.055
0 0.2634375 0.14828125 0.05623046875 0.0553125
0 0.2050390625 0.1146484375 0.0562890625 0.05453125
0 0.26275390625 0.21578125 0.05603515625 0.0553515625
0 0.32125 0.24900390625 0.05580078125 0.05529296875
0 0.32013671875 0.31642578125 0.05552734375 0.0567578125
0 0.32015625 0.38373046875 0.05673828125 0.05560546875
0 0.3198046875 0.4515234375 0.054609375 0.055078125
0 0.3188671875 0.51783203125 0.05615234375 0.05431640625
0 0.31828125 0.58572265625 0.05732421875 0.05552734375
0 0.3183984375 0.65275390625 0.05521484375 0.0558203125
0 0.31759765625 0.7202734375 0.05556640625 0.05392578125
0 0.25986328125 0.7534375 0.05458984375 0.0549609375
0 0.31666015625 0.854453125 0.05681640625 0.0559375
0 0.25923828125 0.82126953125 0.05490234375 0.0537109375
0 0.25828125 0.88849609375 0.05615234375 0.05396484375
0 0.25728515625 0.955859375 0.05533203125 0.054921875
0 0.3165234375 0.98130859375 0.05771484375 0.0373828125
0 0.199765625 0.9808203125 0.0551953125 0.038359375
0 0.19923828125 0.92130859375 0.056875 0.05349609375
0 0.026015625 0.9540625 0.05201171875 0.05455078125
0 0.0827734375 0.98068359375 0.05533203125 0.0386328125
0 0.14138671875 0.95513671875 0.0549609375 0.05353515625
0 0.0834375 0.92115234375 0.05619140625 0.05431640625
0 0.026328125 0.88716796875 0.05263671875 0.05443359375
0 0.14134765625 0.88814453125 0.0556640625 0.0543359375
0 0.08306640625 0.853671875 0.05474609375 0.05333984375
0 0.026796875 0.8196875 0.05357421875 0.05376953125
0 0.14150390625 0.82078125 0.0559765625 0.0559375
0 0.20005859375 0.8538671875 0.05568359375 0.05498046875
0 0.200625 0.78708984375 0.0559375 0.05517578125
0 0.14267578125 0.753203125 0.0549609375 0.05533203125
0 0.08361328125 0.7865625 0.05517578125 0.05453125
0 0.20205078125 0.719140625 0.05521484375 0.05462890625
0 0.2597265625 0.68578125 0.05609375 0.05509765625
0 0.1428125 0.6855859375 0.05623046875 0.05392578125
0 0.2014453125 0.6523046875 0.05517578125 0.05455078125
0 0.26029296875 0.6190625 0.0552734375 0.05447265625
0 0.20234375 0.584921875 0.05619140625 0.05494140625
0 0.26076171875 0.551875 0.0546484375 0.054453125
0 0.26072265625 0.48458984375 0.0553515625 0.05466796875
0 0.20326171875 0.45068359375 0.05685546875 0.0544140625
0 0.20306640625 0.38349609375 0.05568359375 0.05439453125
0 0.147578125 0.02048828125 0.05576171875 0.04095703125
0 0.03048828125 0.0203515625 0.056484375 0.040703125
0 0.088828125 0.04650390625 0.05544921875 0.0545703125
0 0.0303515625 0.0794140625 0.05677734375 0.05359375
0 0.14744140625 0.0804296875 0.0569140625 0.05505859375
0 0.088203125 0.113828125 0.0558203125 0.05396484375
0 0.08826171875 0.18099609375 0.05484375 0.05412109375
0 0.14666015625 0.213828125 0.055 0.0546484375
0 0.0880859375 0.24830078125 0.05560546875 0.0562109375
0 0.1461328125 0.2819140625 0.05603515625 0.0551171875
0 0.1456640625 0.34904296875 0.05478515625 0.05533203125
0 0.03015625 0.1471484375 0.0558203125 0.05322265625
0 0.0299609375 0.28111328125 0.0554296875 0.0544140625
0 0.0870703125 0.3144921875 0.0552734375 0.05345703125
0 0.0292578125 0.34869140625 0.05451171875 0.05517578125
0 0.02876953125 0.415546875 0.05548828125 0.05501953125
0 0.08740234375 0.38291015625 0.05619140625 0.0564453125
0 0.14490234375 0.416953125 0.05603515625 0.055390625
0 0.0286328125 0.48275390625 0.057265625 0.05458984375
0 0.0863671875 0.4497265625 0.05591796875 0.054453125
0 0.14421875 0.483046875 0.05662109375 0.05517578125
0 0.02814453125 0.54990234375 0.0562890625 0.05501953125
0 0.086015625 0.5165625 0.05703125 0.05552734375
0 0.14412109375 0.55087890625 0.05642578125 0.05548828125
0 0.0854296875 0.5837890625 0.055859375 0.05658203125
0 0.14330078125 0.61837890625 0.05576171875 0.0551953125
0 0.08517578125 0.65099609375 0.05634765625 0.05615234375
0 0.02748046875 0.685078125 0.05494140625 0.05615234375
0 0.08427734375 0.7194921875 0.0554296875 0.055078125
0 0.02689453125 0.75201171875 0.05376953125 0.056640625
0 0.72724609375 0.55388671875 0.05595703125 0.054921875