0 0.17580078125 0.0241796875 0.110078125 0.048359375
0 0.40767578125 0.02748046875 0.11580078125 0.0549609375
0 0.29296875 0.0649609375 0.11232421875 0.111171875
0 0.6338671875 0.0250390625 0.11072265625 0.050078125
0 0.86052734375 0.02859375 0.1133203125 0.05716796875
0 0.74474609375 0.0637109375 0.1097265625 0.10630859375
0 0.95998046875 0.20044921875 0.08001953125 0.1112890625
0 0.5172265625 0.06296875 0.11248046875 0.11
0 0.28544921875 0.588046875 0.10931640625 0.1123828125
0 0.4044140625 0.3928515625 0.11283203125 0.10984375
1 0.17744140625 0.51970703125 0.11294921875 0.11390625
0 0.28521484375 0.7212890625 0.11345703125 0.11056640625
0 0.169765625 0.783203125 0.11265625 0.1099609375
1 0.74146484375 0.8508984375 0.1078125 0.1065625
0 0.96013671875 0.593046875 0.0797265625 0.10802734375
0 0.95953125 0.32974609375 0.0809375 0.11060546875
0 0.95923828125 0.46251953125 0.0815234375 0.10978515625
0 0.86025390625 0.13123046875 0.11005859375 0.10556640625
0 0.85513671875 0.26390625 0.1107421875 0.1073828125
0 0.74423828125 0.19638671875 0.1091796875 0.10693359375
0 0.85654296875 0.39076171875 0.11013671875 0.1090625
0 0.95912109375 0.72232421875 0.0817578125 0.10646484375
0 0.95857421875 0.85646484375 0.08287109375 0.1069140625
0 0.85728515625 0.791328125 0.107109375 0.10462890625
0 0.9537109375 0.96541015625 0.09255859375 0.06919921875
1 0.8522265625 0.91890625 0.11431640625 0.11236328125
0 0.7382421875 0.96669921875 0.1159375 0.0666015625
0 0.6280078125 0.91708984375 0.10771484375 0.1078515625
0 0.8549609375 0.655 0.11123046875 0.1080078125
0 0.7426171875 0.7258984375 0.10494140625 0.1079296875
0 0.85810546875 0.52169921875 0.11017578125 0.106171875
0 0.74216796875 0.329609375 0.1067578125 0.1077734375
0 0.74125 0.45875 0.10923828125 0.10626953125
0 0.74271484375 0.593203125 0.10640625 0.10728515625
0 0.63240234375 0.1299609375 0.10453125 0.10861328125
0 0.4058984375 0.12830078125 0.11048828125 0.10626953125
0 0.63146484375 0.26443359375 0.1084375 0.10828125
1 0.51822265625 0.19611328125 0.11111328125 0.10765625
1 0.6300390625 0.3942578125 0.10732421875 0.10673828125
0 0.51990234375 0.46138671875 0.10732421875 0.1058984375
0 0.5171484375 0.589453125 0.107265625 0.10630859375
0 0.6316015625 0.65740234375 0.110546875 0.10505859375
0 0.63203125 0.5244921875 0.1069140625 0.10921875
0 0.28302734375 0.9655859375 0.11517578125 0.0673046875
0 0.5111328125 0.96806640625 0.11037109375 0.0638671875
1 0.62791015625 0.7872265625 0.10716796875 0.10970703125
0 0.0593359375 0.9631640625 0.118671875 0.07365234375
0 0.06009765625 0.84998046875 0.1092578125 0.110234375
0 0.1705859375 0.911484375 0.10736328125 0.10548828125
0 0.06 0.71759765625 0.1081640625 0.11396484375
0 0.2832421875 0.850078125 0.11 0.10498046875
0 0.3975 0.91462890625 0.11072265625 0.11068359375
0 0.51259765625 0.84861328125 0.109765625 0.10716796875
0 0.515546875 0.71953125 0.10533203125 0.10521484375
0 0.40216796875 0.78416015625 0.10912109375 0.11087890625
1 0.5198046875 0.3292578125 0.10875 0.10853515625
1 0.40333984375 0.261171875 0.10873046875 0.10732421875
0 0.288203125 0.45505859375 0.1048046875 0.10974609375
1 0.1780078125 0.25990234375 0.10865234375 0.10712890625
0 0.29068359375 0.1953125 0.1091796875 0.1075390625
0 0.1777734375 0.129453125 0.10521484375 0.1077734375
1 0.0637890625 0.06185546875 0.106640625 0.10564453125
0 0.06490234375 0.192109375 0.10373046875 0.10435546875
0 0.06359375 0.32490234375 0.10955078125 0.10650390625
0 0.28919921875 0.3255859375 0.11140625 0.111640625
0 0.17568359375 0.3877734375 0.109296875 0.106953125
0 0.06162109375 0.45458984375 0.10697265625 0.10962890625
0 0.06130859375 0.585546875 0.1079296875 0.1080078125
0 0.4007421875 0.5193359375 0.11078125 0.1085546875
0 0.17498046875 0.6502734375 0.1081640625 0.1080859375
0 0.40169921875 0.653671875 0.107578125 0.107109375
0 0.96033203125 0.0694921875 0.0793359375 0.109453125