0 0.0167578125 0.01201171875 0.03349609375 0.0240234375
0 0.1031640625 0.05341796875 0.03939453125 0.041953125
0 0.10095703125 0.01095703125 0.04181640625 0.0219140625
1 0.0176171875 0.0538671875 0.0349609375 0.04361328125
1 0.18990234375 0.05388671875 0.043984375 0.0410546875
1 0.10111328125 0.10515625 0.0430078125 0.0426953125
1 0.01716796875 0.1549609375 0.03435546875 0.04263671875
1 0.232890625 0.2316796875 0.04232421875 0.0423046875
1 0.05708984375 0.38234375 0.04423828125 0.0432421875
1 0.01740234375 0.40845703125 0.0348046875 0.0438671875
0 0.27611328125 0.35853515625 0.04244140625 0.040234375
0 0.40626953125 0.58560546875 0.0408203125 0.0411328125
0 0.49435546875 0.63646484375 0.04087890625 0.040859375
1 0.62361328125 0.6621875 0.04466796875 0.04345703125
1 0.5375 0.71216796875 0.0426953125 0.043671875
1 0.71125 0.7120703125 0.04234375 0.04212890625
1 0.6684765625 0.58619140625 0.043828125 0.04375
1 0.97298828125 0.71197265625 0.04255859375 0.041328125
0 0.92849609375 0.73771484375 0.040859375 0.04099609375
0 0.885546875 0.76283203125 0.03873046875 0.04099609375
1 0.88615234375 0.61220703125 0.04197265625 0.0419921875
1 0.931640625 0.3845703125 0.04376953125 0.0440625
1 0.93046875 0.334296875 0.04384765625 0.0427734375
1 0.71220703125 0.46048828125 0.0423828125 0.04078125
0 0.71337890625 0.40958984375 0.04173828125 0.041796875
1 0.8875390625 0.35876953125 0.0424609375 0.04458984375
1 0.75734375 0.23240234375 0.04162109375 0.0426953125
1 0.713203125 0.357890625 0.0435546875 0.043046875
1 0.58279296875 0.08029296875 0.0441015625 0.042109375
1 0.84546875 0.03060546875 0.04126953125 0.04255859375
1 0.49564453125 0.08044921875 0.04345703125 0.042265625
1 0.495078125 0.28298828125 0.041953125 0.04248046875
1 0.36412109375 0.30759765625 0.0422265625 0.04390625
0 0.231953125 0.53427734375 0.04197265625 0.0379296875
1 0.232890625 0.48455078125 0.04177734375 0.042734375
1 0.27525390625 0.6110546875 0.0441015625 0.04357421875
0 0.1878125 0.559453125 0.0415234375 0.04115234375
1 0.14421875 0.6368359375 0.04185546875 0.0431640625
1 0.10015625 0.71193359375 0.04353515625 0.04375
1 0.055859375 0.53482421875 0.04369140625 0.04359375
1 0.0165234375 0.76205078125 0.033046875 0.04275390625
1 0.143359375 0.8373828125 0.044609375 0.0432421875
1 0.229453125 0.984609375 0.0441796875 0.03078125
1 0.88455078125 0.863046875 0.04193359375 0.04341796875
1 0.97109375 0.86458984375 0.041328125 0.04224609375
1 0.62388671875 0.8641015625 0.04494140625 0.0433203125
1 0.66712890625 0.8896875 0.0437890625 0.042890625
0 0.0571875 0.0283984375 0.0406640625 0.04025390625
1 0.0574609375 0.07828125 0.04357421875 0.0431640625
1 0.05810546875 0.1276171875 0.04154296875 0.0428125
0 0.1020703125 0.154453125 0.04060546875 0.04130859375
0 0.01677734375 0.1033984375 0.03353515625 0.0427734375
1 0.057109375 0.17947265625 0.0436328125 0.0421484375
0 0.0581640625 0.22978515625 0.04099609375 0.04146484375
1 0.0170703125 0.20646484375 0.034140625 0.042265625
0 0.10125 0.203984375 0.04400390625 0.04142578125
0 0.0166796875 0.25546875 0.03333984375 0.0425
0 0.05720703125 0.28107421875 0.043046875 0.04162109375
1 0.1014453125 0.2552734375 0.04302734375 0.04322265625
0 0.10005859375 0.35740234375 0.0425390625 0.0422265625
0 0.05736328125 0.331796875 0.042578125 0.0421484375
0 0.01625 0.35705078125 0.03251953125 0.04259765625
1 0.01728515625 0.3066015625 0.03455078125 0.04185546875
1 0.1015625 0.30625 0.04345703125 0.04310546875
0 0.016171875 0.45783203125 0.03234375 0.0412890625
1 0.1009375 0.408359375 0.043515625 0.04240234375
0 0.0162890625 0.5098828125 0.032578125 0.04357421875
0 0.0556640625 0.48439453125 0.04201171875 0.04203125
1 0.0994921875 0.508828125 0.04427734375 0.043359375
1 0.01677734375 0.55853515625 0.0335546875 0.04275390625
0 0.016015625 0.610703125 0.03201171875 0.04171875
1 0.0160546875 0.71052734375 0.03212890625 0.04234375
0 0.01615234375 0.81173828125 0.0323046875 0.04279296875
1 0.01619140625 0.86375 0.03236328125 0.04169921875
0 0.0152734375 0.91296875 0.030546875 0.04302734375
1 0.01583984375 0.96412109375 0.03166015625 0.0419921875
1 0.05482421875 0.98462890625 0.04212890625 0.03076171875
1 0.05513671875 0.93849609375 0.04140625 0.0421875
1 0.09775390625 0.9640234375 0.04296875 0.04146484375
1 0.0546484375 0.889375 0.042265625 0.04193359375
1 0.09908203125 0.91384765625 0.0426953125 0.041171875
0 0.0558203125 0.836640625 0.0437890625 0.04138671875
1 0.05541015625 0.78734375 0.04361328125 0.04169921875
1 0.0996875 0.8130078125 0.04314453125 0.04298828125
1 0.05595703125 0.7376953125 0.04177734375 0.0417578125
0 0.0564453125 0.68669921875 0.04251953125 0.0417578125
1 0.09865234375 0.76333984375 0.04216796875 0.04138671875
0 0.14365234375 0.6859765625 0.04248046875 0.04263671875
1 0.05650390625 0.63578125 0.0429296875 0.042421875
1 0.09912109375 0.659609375 0.04095703125 0.042265625
0 0.0157421875 0.6601953125 0.03150390625 0.04134765625
0 0.05666015625 0.58482421875 0.0422265625 0.0426171875
0 0.10015625 0.61076171875 0.04224609375 0.0412109375
0 0.100234375 0.5596875 0.04166015625 0.04197265625
0 0.101015625 0.459140625 0.04146484375 0.0410546875
1 0.14439453125 0.53453125 0.0423046875 0.040703125
1 0.0572265625 0.43326171875 0.04197265625 0.04220703125
0 0.1444140625 0.48513671875 0.04146484375 0.04205078125
0 0.14453125 0.43322265625 0.04119140625 0.0421875
0 0.14453125 0.38373046875 0.0412890625 0.04193359375
0 0.1458203125 0.33208984375 0.04146484375 0.040390625
1 0.14484375 0.28158203125 0.04228515625 0.041328125
0 0.14451171875 0.23001953125 0.0411328125 0.041953125
1 0.14474609375 0.17998046875 0.04255859375 0.042109375
0 0.1446875 0.12908203125 0.0407421875 0.0416015625
1 0.1447265625 0.07958984375 0.0429296875 0.04203125
0 0.1454296875 0.02900390625 0.04296875 0.0424609375
0 0.1896484375 0.0115234375 0.0425 0.023046875
1 0.2331640625 0.029140625 0.04076171875 0.04255859375
0 0.27646484375 0.0120703125 0.0415234375 0.02416015625
0 0.363828125 0.0118359375 0.04119140625 0.02369140625
1 0.4081640625 0.02888671875 0.0415234375 0.04232421875
1 0.277265625 0.0535546875 0.04259765625 0.041328125
1 0.23345703125 0.07931640625 0.0412109375 0.0416796875
0 0.1897265625 0.10404296875 0.0426953125 0.0426953125
1 0.23396484375 0.13005859375 0.04154296875 0.04142578125
0 0.188515625 0.2051171875 0.04255859375 0.04240234375
0 0.18806640625 0.25634765625 0.04296875 0.04224609375
0 0.1893359375 0.3066796875 0.0428515625 0.0414453125
0 0.1878515625 0.357265625 0.04181640625 0.04197265625
0 0.23201171875 0.28208984375 0.04130859375 0.041328125
1 0.23228515625 0.33248046875 0.04197265625 0.0420703125
0 0.18869140625 0.40759765625 0.04162109375 0.0416796875
0 0.231953125 0.38359375 0.042109375 0.04173828125
1 0.18880859375 0.45919921875 0.04197265625 0.04123046875
1 0.18765625 0.5099609375 0.0415625 0.04068359375
0 0.31875 0.4840625 0.0415625 0.0428515625
0 0.231640625 0.5846484375 0.0416796875 0.04080078125
0 0.2761328125 0.5097265625 0.042109375 0.04228515625
0 0.14388671875 0.58517578125 0.04125 0.04052734375
1 0.18810546875 0.6110546875 0.04162109375 0.0413671875
0 0.1865625 0.66294921875 0.04171875 0.0403125
0 0.1428125 0.73712890625 0.04212890625 0.042578125
1 0.14333984375 0.7873828125 0.04201171875 0.04154296875
1 0.0987109375 0.86373046875 0.04208984375 0.04171875
1 0.18638671875 0.81408203125 0.04181640625 0.04166015625
1 0.1859765625 0.8638671875 0.04240234375 0.04193359375
1 0.14275390625 0.88970703125 0.04125 0.04310546875
1 0.1418359375 0.9845703125 0.0433984375 0.03087890625
0 0.31640625 0.9853125 0.04193359375 0.029375
0 0.14189453125 0.93783203125 0.0412109375 0.0409375
0 0.1866796875 0.96349609375 0.0410546875 0.04046875
1 0.27296875 0.91408203125 0.04404296875 0.04275390625
0 0.22994140625 0.8880859375 0.04029296875 0.04072265625
0 0.185703125 0.91328125 0.04138671875 0.0418359375
0 0.23013671875 0.83658203125 0.04228515625 0.04140625
0 0.18671875 0.7625390625 0.04146484375 0.0401953125
0 0.18669921875 0.7128515625 0.041640625 0.04322265625
0 0.2298828125 0.78544921875 0.041875 0.0416015625
0 0.23041015625 0.7362109375 0.04068359375 0.042265625
0 0.23107421875 0.68640625 0.0408984375 0.042421875
0 0.31939453125 0.5360546875 0.0421875 0.04193359375
0 0.23240234375 0.43337890625 0.04232421875 0.04080078125
0 0.27474609375 0.40900390625 0.041796875 0.04083984375
1 0.3185546875 0.3818359375 0.04263671875 0.0423046875
1 0.2762890625 0.30732421875 0.04146484375 0.04158203125
0 0.2754296875 0.2564453125 0.0408984375 0.04162109375
0 0.2773828125 0.206484375 0.04240234375 0.04201171875
0 0.23435546875 0.1809765625 0.04203125 0.041328125
0 0.18912109375 0.1555078125 0.0422265625 0.042734375
0 0.27716796875 0.10291015625 0.04251953125 0.04267578125
1 0.3212109375 0.02916015625 0.0415625 0.0420703125
0 0.32115234375 0.08033203125 0.0418359375 0.04060546875
1 0.31998046875 0.1298046875 0.0441015625 0.0428515625
0 0.3628125 0.15470703125 0.0430078125 0.04087890625
0 0.2761328125 0.15658203125 0.04220703125 0.0421484375
1 0.32060546875 0.18150390625 0.04255859375 0.04234375
0 0.4063671875 0.2328515625 0.04220703125 0.04263671875
0 0.36462890625 0.206015625 0.04103515625 0.04140625
1 0.45162109375 0.15634765625 0.04181640625 0.0403125
0 0.40873046875 0.1799609375 0.0397265625 0.04154296875
1 0.45173828125 0.10544921875 0.04080078125 0.0403515625
0 0.4509765625 0.2062109375 0.04189453125 0.04099609375
0 0.36451171875 0.10630859375 0.0423046875 0.04091796875
0 0.3647265625 0.05486328125 0.04251953125 0.042578125
0 0.494375 0.0283984375 0.04203125 0.0417578125
1 0.4530859375 0.05416015625 0.04244140625 0.041484375
0 0.40734375 0.12900390625 0.04076171875 0.04150390625
1 0.408046875 0.080234375 0.0416015625 0.040234375
1 0.62875 0.0154296875 0.04375 0.030859375
0 0.5395703125 0.054140625 0.0394921875 0.04107421875
0 0.45173828125 0.01240234375 0.0407421875 0.0248046875
0 0.49654296875 0.1301953125 0.04115234375 0.0421484375
1 0.5399609375 0.1055078125 0.04154296875 0.04216796875
1 0.4957421875 0.18201171875 0.04158203125 0.0416796875
1 0.54025390625 0.15578125 0.043359375 0.04310546875
0 0.53955078125 0.2054296875 0.0396484375 0.0413671875
0 0.4951953125 0.23169921875 0.04185546875 0.0416015625
0 0.53875 0.25662109375 0.0409765625 0.04115234375
0 0.49474609375 0.33271484375 0.04044921875 0.04107421875
0 0.5822265625 0.2823046875 0.0418359375 0.04255859375
0 0.451484375 0.2567578125 0.04291015625 0.041171875
0 0.4081640625 0.38259765625 0.04208984375 0.0414453125
0 0.40716796875 0.33220703125 0.04201171875 0.0419140625
0 0.36341796875 0.2559765625 0.0417578125 0.04271484375
1 0.31998046875 0.23146484375 0.04291015625 0.0429296875
1 0.407421875 0.2827734375 0.04236328125 0.04208984375
1 0.32091796875 0.2824609375 0.0418359375 0.04234375
0 0.32005859375 0.3329296875 0.04189453125 0.042890625
0 0.363671875 0.35853515625 0.0408203125 0.0418359375
0 0.3189453125 0.433984375 0.04291015625 0.04248046875
1 0.45052734375 0.55982421875 0.0420703125 0.0421484375
1 0.36283203125 0.40873046875 0.04212890625 0.04197265625
0 0.27580078125 0.4590234375 0.04158203125 0.042578125
0 0.36291015625 0.4604296875 0.04134765625 0.04306640625
0 0.3637109375 0.55947265625 0.0417578125 0.04212890625
0 0.23068359375 0.63533203125 0.0423046875 0.041484375
0 0.27455078125 0.56064453125 0.04267578125 0.04173828125
1 0.31845703125 0.6363671875 0.041875 0.04259765625
1 0.31951171875 0.58630859375 0.04099609375 0.04142578125
0 0.3183203125 0.6871484375 0.04255859375 0.041328125
0 0.319375 0.7369140625 0.0425390625 0.0426953125
0 0.27470703125 0.7125390625 0.04248046875 0.04185546875
0 0.27474609375 0.764296875 0.0428125 0.04197265625
0 0.3193359375 0.7876171875 0.040625 0.04078125
0 0.36138671875 0.6629296875 0.0418359375 0.0419140625
0 0.31701171875 0.88888671875 0.0423828125 0.04072265625
1 0.317890625 0.8385546875 0.0411328125 0.04263671875
0 0.36341796875 0.713125 0.04212890625 0.039765625
1 0.36177734375 0.763671875 0.04150390625 0.04037109375
1 0.27369140625 0.81376953125 0.04279296875 0.04283203125
0 0.27380859375 0.86462890625 0.040546875 0.0408203125
0 0.40568359375 0.786171875 0.0423046875 0.04314453125
0 0.4041015625 0.8374609375 0.04185546875 0.04138671875
0 0.36033203125 0.8134375 0.0421875 0.0422265625
0 0.3169140625 0.9393359375 0.04109375 0.04248046875
0 0.448984375 0.71189453125 0.0414453125 0.0413671875
1 0.45001953125 0.7628515625 0.0421875 0.04107421875
0 0.44966796875 0.81373046875 0.03974609375 0.03958984375
0 0.44873046875 0.9637109375 0.04021484375 0.04138671875
1 0.493125 0.73748046875 0.041328125 0.0419140625
0 0.27353515625 0.96146484375 0.0405859375 0.04138671875
0 0.22876953125 0.9394921875 0.04126953125 0.041171875
0 0.36041015625 0.9644140625 0.03865234375 0.04099609375
0 0.4036328125 0.9859375 0.04068359375 0.028125
1 0.3622265625 0.86408203125 0.04134765625 0.0403515625
1 0.36189453125 0.915546875 0.04076171875 0.0425
0 0.4483203125 0.86287109375 0.04181640625 0.04181640625
1 0.4480078125 0.91216796875 0.04234375 0.04421875
1 0.491875 0.98591796875 0.042265625 0.02818359375
0 0.4051171875 0.93984375 0.04099609375 0.0403125
0 0.57841796875 0.98626953125 0.0409375 0.0274609375
1 0.405234375 0.88986328125 0.0414453125 0.04248046875
0 0.4925390625 0.93771484375 0.04076171875 0.040625
1 0.927734375 0.98330078125 0.04341796875 0.03337890625
0 0.5349609375 0.96455078125 0.04048828125 0.0415234375
0 0.6221875 0.9643359375 0.04076171875 0.0421875
1 0.53587890625 0.91466796875 0.041640625 0.04125
1 0.4916796875 0.88912109375 0.04197265625 0.0418359375
1 0.4923828125 0.839609375 0.0408203125 0.04076171875
0 0.57857421875 0.9391796875 0.0405859375 0.041015625
0 0.6682421875 0.789140625 0.04173828125 0.0405859375
1 0.5358984375 0.8635546875 0.04078125 0.04037109375
1 0.4933203125 0.78892578125 0.04109375 0.04169921875
0 0.5797265625 0.88875 0.04232421875 0.04138671875
1 0.53650390625 0.8146484375 0.04072265625 0.04123046875
1 0.580078125 0.83904296875 0.040546875 0.0420703125
1 0.27462890625 0.6621484375 0.04017578125 0.0415234375
0 0.4054296875 0.736875 0.0408203125 0.04158203125
1 0.36298828125 0.611171875 0.0411328125 0.0423828125
0 0.449609375 0.66060546875 0.0421875 0.0402734375
0 0.40640625 0.68732421875 0.04158203125 0.03978515625
1 0.4066015625 0.6363671875 0.04248046875 0.04138671875
1 0.4509765625 0.510234375 0.0416015625 0.04234375
0 0.45095703125 0.6105078125 0.041875 0.042578125
0 0.4942578125 0.53529296875 0.04130859375 0.0425
0 0.5372265625 0.610859375 0.0413671875 0.04134765625
0 0.4936328125 0.68685546875 0.0408984375 0.04123046875
0 0.536796875 0.661171875 0.040390625 0.04111328125
0 0.53744140625 0.76263671875 0.04158203125 0.041953125
0 0.580390625 0.736875 0.04072265625 0.04138671875
0 0.5800390625 0.78744140625 0.0405078125 0.04171875
1 0.62369140625 0.71208984375 0.04234375 0.04314453125
0 0.406796875 0.485 0.04064453125 0.04017578125
1 0.3626953125 0.5089453125 0.042265625 0.0422265625
1 0.450859375 0.45939453125 0.04109375 0.0403515625
0 0.49458984375 0.48474609375 0.04111328125 0.04193359375
1 0.5376171875 0.51029296875 0.040546875 0.0415625
1 0.45044921875 0.40927734375 0.04099609375 0.0418359375
0 0.40720703125 0.43298828125 0.04150390625 0.04193359375
0 0.45056640625 0.35869140625 0.04111328125 0.04076171875
1 0.4516015625 0.30748046875 0.04150390625 0.041953125
0 0.4065625 0.53513671875 0.04119140625 0.04224609375
1 0.62625 0.15697265625 0.041171875 0.04076171875
0 0.6265625 0.2071484375 0.04216796875 0.0414453125
1 0.5828515625 0.23189453125 0.0416796875 0.0415234375
0 0.49484375 0.383515625 0.04130859375 0.040234375
0 0.58240234375 0.33275390625 0.0416796875 0.042421875
0 0.5380859375 0.30748046875 0.04140625 0.04203125
0 0.49357421875 0.43337890625 0.04140625 0.0420703125
0 0.582109375 0.43427734375 0.0412890625 0.04099609375
1 0.53849609375 0.4100390625 0.04169921875 0.04033203125
0 0.58162109375 0.4842578125 0.04046875 0.04048828125
0 0.58154296875 0.53578125 0.0420703125 0.04099609375
0 0.66958984375 0.33404296875 0.0402734375 0.0405859375
0 0.5833203125 0.03025390625 0.04021484375 0.04056640625
0 0.53837890625 0.01212890625 0.04109375 0.02423828125
0 0.7141796875 0.055703125 0.04107421875 0.04171875
0 0.5833984375 0.13033203125 0.0401171875 0.04173828125
0 0.62662109375 0.05607421875 0.04126953125 0.0416015625
0 0.5830859375 0.1812109375 0.04099609375 0.04091796875
1 0.7144140625 0.01283203125 0.04125 0.02564453125
0 0.67048828125 0.02921875 0.0405078125 0.04068359375
1 0.67029296875 0.1319140625 0.04095703125 0.041953125
0 0.6271875 0.10533203125 0.040859375 0.04140625
1 0.67009765625 0.182265625 0.0410546875 0.0407421875
0 0.71265625 0.2573046875 0.04048828125 0.04017578125
1 0.6262109375 0.257578125 0.04109375 0.041796875
0 0.62603515625 0.30841796875 0.04142578125 0.0403125
0 0.7148046875 0.15576171875 0.0425 0.04130859375
0 0.67013671875 0.232421875 0.03953125 0.04162109375
0 0.67009765625 0.28314453125 0.04041015625 0.04115234375
0 0.58119140625 0.38376953125 0.0420703125 0.04109375
1 0.6259375 0.3590234375 0.04208984375 0.04205078125
0 0.67021484375 0.38345703125 0.04126953125 0.03994140625
0 0.7576953125 0.33375 0.0407421875 0.04052734375
0 0.66990234375 0.43501953125 0.04072265625 0.04119140625
1 0.6259765625 0.45998046875 0.0419921875 0.040703125
0 0.53810546875 0.35828125 0.04041015625 0.040546875
0 0.537421875 0.46005859375 0.0409375 0.0404296875
1 0.53755859375 0.56111328125 0.0414453125 0.0401953125
0 0.4934765625 0.58560546875 0.04115234375 0.0412890625
1 0.62498046875 0.51076171875 0.04048828125 0.04080078125
0 0.579921875 0.68693359375 0.04173828125 0.04138671875
1 0.5805078125 0.6371875 0.04255859375 0.041640625
1 0.58087890625 0.58626953125 0.0408984375 0.041484375
1 0.62359375 0.76287109375 0.04115234375 0.0419140625
0 0.75501953125 0.93908203125 0.04197265625 0.04083984375
0 0.62390625 0.81333984375 0.04189453125 0.04298828125
0 0.66771484375 0.8387109375 0.0404296875 0.0409765625
0 0.62353515625 0.91341796875 0.041171875 0.0402734375
0 0.7110546875 0.9149609375 0.04109375 0.0416796875
0 0.6663671875 0.9853515625 0.0433984375 0.029296875
0 0.88412109375 0.96361328125 0.04185546875 0.04220703125
1 0.71033203125 0.9660546875 0.0408984375 0.04080078125
0 0.75353515625 0.984296875 0.0413671875 0.03140625
0 0.84037109375 0.98501953125 0.04318359375 0.0299609375
0 0.92798828125 0.9396875 0.0421484375 0.040546875
0 0.97140625 0.96498046875 0.041171875 0.04357421875
0 0.84322265625 0.78736328125 0.04041015625 0.042265625
0 0.88349609375 0.913828125 0.04275390625 0.042421875
0 0.79740234375 0.964609375 0.0410546875 0.04125
1 0.6659765625 0.93921875 0.04177734375 0.04099609375
0 0.7101953125 0.86556640625 0.0414453125 0.04076171875
0 0.75353515625 0.8376171875 0.040859375 0.0400390625
0 0.71171875 0.8123828125 0.03990234375 0.04109375
1 0.84154296875 0.73798828125 0.04134765625 0.04056640625
0 0.7535546875 0.88765625 0.04140625 0.03916015625
0 0.7969921875 0.9140234375 0.03927734375 0.03970703125
1 0.7993359375 0.71232421875 0.04119140625 0.0414453125
0 0.79833984375 0.863515625 0.0415234375 0.04029296875
0 0.84017578125 0.8892578125 0.0430078125 0.041171875
1 0.84033203125 0.93931640625 0.0415234375 0.04154296875
0 0.927734375 0.88890625 0.0412109375 0.0411328125
0 0.84228515625 0.8381640625 0.04130859375 0.04005859375
0 0.9725 0.9141796875 0.04068359375 0.0404296875
1 0.9286328125 0.8394921875 0.04138671875 0.040859375
1 0.92826171875 0.7882421875 0.041015625 0.04169921875
0 0.884453125 0.81166015625 0.04025390625 0.0410546875
0 0.7983203125 0.6108203125 0.04060546875 0.0398828125
1 0.9728125 0.8128515625 0.040625 0.04126953125
1 0.75453125 0.78869140625 0.04236328125 0.041640625
1 0.7986328125 0.81388671875 0.0426171875 0.0425
0 0.7996875 0.7629296875 0.040078125 0.04130859375
0 0.6673828125 0.73876953125 0.03966796875 0.03974609375
0 0.710625 0.76248046875 0.0409765625 0.040703125
0 0.75361328125 0.73765625 0.04111328125 0.0411328125
0 0.71205078125 0.66181640625 0.040546875 0.04109375
1 0.624375 0.61130859375 0.04083984375 0.04185546875
0 0.62435546875 0.56041015625 0.0418359375 0.03888671875
1 0.66859375 0.6365625 0.0417578125 0.04291015625
1 0.75634765625 0.585703125 0.0406640625 0.0398828125
0 0.75615234375 0.5364453125 0.03982421875 0.040859375
1 0.755703125 0.68783203125 0.0415234375 0.04115234375
0 0.6694140625 0.685625 0.04 0.03970703125
0 0.6688671875 0.5355859375 0.04177734375 0.04115234375
0 0.71263671875 0.51037109375 0.0415234375 0.04189453125
1 0.71251953125 0.61064453125 0.0412890625 0.0406640625
0 0.79908203125 0.6620703125 0.0397265625 0.03986328125
1 0.66927734375 0.48490234375 0.04111328125 0.04115234375
1 0.75740234375 0.384296875 0.04048828125 0.03990234375
0 0.75607421875 0.48576171875 0.0398046875 0.0409375
0 0.799296875 0.5099609375 0.03974609375 0.03890625
1 0.75716796875 0.435078125 0.04216796875 0.041328125
0 0.800546875 0.35994140625 0.04185546875 0.04140625
0 0.844140625 0.33412109375 0.04041015625 0.04046875
1 0.62556640625 0.409375 0.042578125 0.0428515625
0 0.71349609375 0.30732421875 0.0408984375 0.0420703125
0 0.75783203125 0.28357421875 0.04171875 0.04162109375
0 0.71353515625 0.207578125 0.04072265625 0.0409765625
0 0.75708984375 0.13068359375 0.0401953125 0.04142578125
1 0.6709375 0.0808203125 0.04103515625 0.04138671875
1 0.7580078125 0.08154296875 0.04052734375 0.04078125
0 0.71388671875 0.1043359375 0.0416796875 0.04166015625
0 0.75638671875 0.0307421875 0.04103515625 0.04
1 0.80125 0.05544921875 0.0409375 0.0407421875
0 0.8025390625 0.01333984375 0.039140625 0.02666015625
1 0.9744921875 0.01400390625 0.0442578125 0.02798828125
0 0.9732421875 0.055390625 0.04134765625 0.04171875
0 0.88818359375 0.106171875 0.03875 0.0394140625
0 0.97462890625 0.1062109375 0.040703125 0.0433203125
1 0.9322265625 0.0821875 0.04181640625 0.04169921875
0 0.973984375 0.1569140625 0.04162109375 0.0413671875
1 0.84494140625 0.0815234375 0.0409765625 0.04017578125
0 0.801796875 0.10572265625 0.03947265625 0.04154296875
0 0.93119140625 0.03166015625 0.04142578125 0.04171875
0 0.888125 0.05568359375 0.0419140625 0.040625
1 0.80162109375 0.15640625 0.041953125 0.041796875
1 0.9744140625 0.2071875 0.04265625 0.04232421875
0 0.9319921875 0.1314453125 0.041640625 0.04123046875
0 0.88671875 0.15595703125 0.040625 0.04126953125
1 0.88748046875 0.20763671875 0.04384765625 0.0423828125
0 0.88841796875 0.0126171875 0.04103515625 0.02525390625
0 0.7571875 0.1812109375 0.0403515625 0.0410546875
1 0.84462890625 0.1329296875 0.04005859375 0.03990234375
0 0.80078125 0.20853515625 0.04197265625 0.04126953125
1 0.9319140625 0.18291015625 0.039921875 0.04091796875
0 0.97447265625 0.2576953125 0.04310546875 0.04388671875
0 0.973515625 0.30783203125 0.041484375 0.04234375
0 0.93091796875 0.233046875 0.0401171875 0.0408203125
0 0.8432421875 0.1810546875 0.0405078125 0.0406640625
1 0.8451953125 0.23376953125 0.04021484375 0.04103515625
0 0.88736328125 0.25775390625 0.041015625 0.04224609375
0 0.93033203125 0.48517578125 0.041640625 0.03859375
1 0.9741015625 0.35890625 0.0412890625 0.0421484375
0 0.9746484375 0.40869140625 0.04158203125 0.040625
1 0.9315625 0.28423828125 0.04080078125 0.0413671875
0 0.97357421875 0.45921875 0.04224609375 0.0410546875
0 0.93197265625 0.4332421875 0.04166015625 0.03998046875
1 0.97380859375 0.5105859375 0.0433203125 0.04244140625
1 0.92982421875 0.5347265625 0.0419140625 0.0417578125
0 0.80134765625 0.25892578125 0.04052734375 0.0405078125
0 0.84384765625 0.28400390625 0.04001953125 0.04041015625
0 0.80119140625 0.30873046875 0.04255859375 0.0414453125
0 0.888125 0.30708984375 0.040546875 0.04107421875
0 0.84302734375 0.43521484375 0.0421484375 0.04208984375
0 0.8436328125 0.3858203125 0.04103515625 0.0403125
0 0.88728515625 0.40833984375 0.0421875 0.04142578125
1 0.79986328125 0.41033203125 0.0404296875 0.0425390625
0 0.887265625 0.45955078125 0.04197265625 0.04013671875
0 0.7991796875 0.460390625 0.04185546875 0.04171875
1 0.8863671875 0.51052734375 0.04041015625 0.04033203125
0 0.84265625 0.486328125 0.03984375 0.0400390625
0 0.84287109375 0.5378515625 0.04125 0.03884765625
0 0.88626953125 0.56021484375 0.0410546875 0.04125
0 0.9721484375 0.560859375 0.03896484375 0.04224609375
0 0.9733984375 0.66185546875 0.03724609375 0.0418359375
1 0.7993359375 0.56130859375 0.0403515625 0.03974609375
0 0.84359375 0.58568359375 0.04041015625 0.04041015625
1 0.7123828125 0.5614453125 0.04056640625 0.0396484375
0 0.88591796875 0.71255859375 0.0416796875 0.0397265625
1 0.88623046875 0.66244140625 0.04091796875 0.04140625
1 0.9296875 0.586640625 0.04134765625 0.0420703125
0 0.97158203125 0.761328125 0.0383984375 0.0398828125
0 0.97248046875 0.61048828125 0.0416015625 0.04083984375
0 0.84306640625 0.6875 0.04001953125 0.0402734375
0 0.9296484375 0.6376953125 0.04087890625 0.040390625
1 0.9290234375 0.686875 0.04015625 0.0412109375
0 0.8435546875 0.636484375 0.0415234375 0.0430078125
0 0.75544921875 0.6356640625 0.03962890625 0.04025390625