0 0.01953125 0.01439453125 0.0390625 0.0287890625
0 0.0201171875 0.058125 0.040234375 0.0396484375
0 0.01970703125 0.10716796875 0.03939453125 0.041953125
0 0.10619140625 0.0146875 0.04181640625 0.02935546875
1 0.10556640625 0.05828125 0.04359375 0.04361328125
1 0.1939453125 0.058125 0.043984375 0.04369140625
1 0.2363671875 0.134921875 0.0430078125 0.0426953125
1 0.10541015625 0.21029296875 0.04302734375 0.04263671875
1 0.23580078125 0.28681640625 0.04451171875 0.04443359375
1 0.06025390625 0.38673828125 0.04423828125 0.0432421875
1 0.103359375 0.41240234375 0.04421875 0.0438671875
1 0.27794921875 0.413515625 0.04525390625 0.0444921875
1 0.40892578125 0.4899609375 0.0433203125 0.044453125
1 0.4955859375 0.541015625 0.04416015625 0.04357421875
1 0.539765625 0.567109375 0.04466796875 0.04345703125
1 0.62625 0.6180078125 0.045078125 0.04380859375
1 0.71494140625 0.5683203125 0.0439453125 0.0440625
1 0.714140625 0.66875 0.04431640625 0.04375
1 0.93421875 0.64521484375 0.045390625 0.04314453125
1 0.93267578125 0.79640625 0.0450390625 0.04318359375
1 0.9768359375 0.8221484375 0.0446875 0.0446875
1 0.9341015625 0.59447265625 0.0459375 0.04478515625
1 0.97794921875 0.5194921875 0.04376953125 0.0440625
1 0.93451171875 0.49328125 0.04482421875 0.044375
1 0.71568359375 0.4160546875 0.0446875 0.04421875
1 0.75986328125 0.39134765625 0.0451171875 0.04537109375
1 0.891875 0.31603515625 0.045078125 0.04458984375
1 0.71708984375 0.26408203125 0.0466796875 0.0449609375
1 0.71791015625 0.16298828125 0.0435546875 0.04455078125
1 0.71830078125 0.0167578125 0.04634765625 0.03353515625
1 0.76271484375 0.00447265625 0.0348828125 0.0089453125
1 0.4105859375 0.23716796875 0.04423828125 0.04427734375
1 0.498125 0.287890625 0.04384765625 0.04421875
1 0.4096875 0.33814453125 0.044609375 0.04390625
1 0.27796875 0.51458984375 0.04435546875 0.04369140625
1 0.32140625 0.5396484375 0.04408203125 0.04376953125
1 0.36478515625 0.5658203125 0.04498046875 0.04357421875
1 0.19037109375 0.56470703125 0.04462890625 0.04568359375
1 0.1464453125 0.6400390625 0.04513671875 0.04373046875
1 0.145859375 0.6898828125 0.04353515625 0.04375
1 0.01880859375 0.66404296875 0.0376171875 0.045390625
1 0.01845703125 0.764765625 0.03689453125 0.04490234375
1 0.10115234375 0.8159375 0.044609375 0.0432421875
1 0.1008984375 0.96771484375 0.04390625 0.04435546875
1 0.800390625 0.973046875 0.04408203125 0.04341796875
1 0.931640625 0.9488671875 0.0448828125 0.04224609375
1 0.75689453125 0.89685546875 0.04494140625 0.0433203125
1 0.71353515625 0.770546875 0.0437890625 0.042890625
0 0.06318359375 0.0329296875 0.0437109375 0.042890625
0 0.0633984375 0.08357421875 0.04357421875 0.0431640625
0 0.062109375 0.13419921875 0.0438671875 0.0428125
0 0.1060546875 0.1086328125 0.04279296875 0.04333984375
0 0.0203125 0.1588671875 0.040625 0.0427734375
0 0.0619921875 0.18408203125 0.0436328125 0.0421484375
0 0.0201953125 0.2090625 0.040390625 0.0438671875
0 0.0619921875 0.2342578125 0.044765625 0.04259765625
0 0.10609375 0.1601171875 0.04400390625 0.04412109375
0 0.01994140625 0.2596484375 0.0398828125 0.043984375
0 0.06142578125 0.2852734375 0.043046875 0.04328125
0 0.10439453125 0.26052734375 0.04302734375 0.04322265625
0 0.10431640625 0.31109375 0.045234375 0.04265625
0 0.01962890625 0.30974609375 0.0392578125 0.04408203125
0 0.060703125 0.33599609375 0.0432421875 0.04310546875
0 0.01923828125 0.36033203125 0.03845703125 0.04357421875
0 0.10431640625 0.3615625 0.04345703125 0.04310546875
0 0.0192578125 0.41185546875 0.038515625 0.042578125
0 0.05990234375 0.43703125 0.043515625 0.04240234375
0 0.0191796875 0.46208984375 0.038359375 0.04255859375
0 0.05986328125 0.48796875 0.0433203125 0.04203125
0 0.01912109375 0.51267578125 0.03826171875 0.04263671875
0 0.01896484375 0.56369140625 0.0379296875 0.04240234375
0 0.01806640625 0.61376953125 0.0361328125 0.04265625
0 0.0180859375 0.71470703125 0.03619140625 0.04234375
0 0.01751953125 0.81556640625 0.0350390625 0.0424609375
0 0.01724609375 0.86580078125 0.03451171875 0.0418359375
0 0.01740234375 0.9166796875 0.0348046875 0.043671875
0 0.0169921875 0.96755859375 0.03400390625 0.0419921875
0 0.05673828125 0.98591796875 0.0453125 0.0281640625
0 0.05681640625 0.94208984375 0.0430859375 0.0421875
0 0.10171875 0.9167578125 0.04296875 0.04146484375
0 0.057578125 0.89171875 0.042265625 0.04193359375
0 0.1012890625 0.86666015625 0.0426953125 0.041171875
0 0.05716796875 0.84119140625 0.0437890625 0.04138671875
0 0.05794921875 0.7905078125 0.04361328125 0.04169921875
0 0.101796875 0.76587890625 0.04314453125 0.04298828125
0 0.05849609375 0.74 0.04177734375 0.0417578125
0 0.10224609375 0.7155859375 0.0440234375 0.0417578125
0 0.05869140625 0.6892578125 0.04216796875 0.04138671875
0 0.10234375 0.6651953125 0.04248046875 0.04263671875
0 0.05849609375 0.63892578125 0.0429296875 0.042421875
0 0.1026171875 0.6141796875 0.0441796875 0.04345703125
0 0.05908203125 0.5884375 0.0429296875 0.04134765625
0 0.1033984375 0.56322265625 0.0422265625 0.0426171875
0 0.146015625 0.58896484375 0.04224609375 0.0412109375
0 0.059296875 0.53810546875 0.04166015625 0.04197265625
0 0.10298828125 0.51296875 0.04146484375 0.0410546875
0 0.1459375 0.5387890625 0.0423046875 0.040703125
0 0.10416015625 0.462109375 0.04310546875 0.04267578125
0 0.1469140625 0.4881640625 0.04146484375 0.04205078125
0 0.14712890625 0.437265625 0.04119140625 0.0421875
0 0.1475390625 0.3872265625 0.0412890625 0.04193359375
0 0.1483203125 0.33619140625 0.04146484375 0.040390625
0 0.14873046875 0.28638671875 0.04228515625 0.041328125
0 0.1481640625 0.2357421875 0.0411328125 0.041953125
0 0.14818359375 0.18455078125 0.04048828125 0.04080078125
0 0.1490234375 0.1346875 0.0407421875 0.0416015625
0 0.149765625 0.08357421875 0.0429296875 0.04203125
0 0.15083984375 0.03248046875 0.04296875 0.0424609375
0 0.1941796875 0.01419921875 0.04388671875 0.0283984375
0 0.23689453125 0.03357421875 0.04076171875 0.04255859375
0 0.280859375 0.015078125 0.0429296875 0.03015625
0 0.36908203125 0.014453125 0.04150390625 0.02890625
0 0.3241015625 0.0334765625 0.0415234375 0.04232421875
0 0.280703125 0.0593359375 0.04259765625 0.041328125
0 0.23677734375 0.08375 0.0412109375 0.0416796875
0 0.19287109375 0.1088671875 0.0426953125 0.0426953125
0 0.192421875 0.16033203125 0.04322265625 0.0416015625
0 0.192109375 0.2103125 0.04255859375 0.04240234375
0 0.191953125 0.26119140625 0.04296875 0.04224609375
0 0.19189453125 0.310234375 0.0428515625 0.0419140625
0 0.19103515625 0.36263671875 0.04181640625 0.04197265625
0 0.23505859375 0.33630859375 0.04130859375 0.041328125
0 0.2346875 0.38728515625 0.04197265625 0.0420703125
0 0.1912890625 0.41275390625 0.04162109375 0.0416796875
0 0.2344140625 0.437734375 0.042109375 0.04173828125
0 0.19111328125 0.46314453125 0.04197265625 0.04123046875
0 0.19029296875 0.5133984375 0.04033203125 0.04189453125
0 0.234140625 0.4885546875 0.0415625 0.0428515625
0 0.233828125 0.53970703125 0.043046875 0.0432421875
0 0.233359375 0.59021484375 0.042109375 0.04228515625
0 0.1899609375 0.61462890625 0.04318359375 0.04263671875
0 0.1891796875 0.66498046875 0.04162109375 0.04279296875
0 0.1895703125 0.71505859375 0.04171875 0.0403125
0 0.14583984375 0.7411328125 0.04212890625 0.042578125
0 0.145078125 0.79125 0.04201171875 0.04154296875
0 0.1444140625 0.84228515625 0.04208984375 0.04171875
0 0.18857421875 0.81625 0.04181640625 0.04166015625
0 0.144921875 0.89267578125 0.04240234375 0.04193359375
0 0.14505859375 0.9428125 0.04125 0.0416796875
0 0.144296875 0.98646484375 0.0411328125 0.0270703125
0 0.2306640625 0.9869921875 0.04236328125 0.026015625
0 0.188046875 0.9684375 0.04287109375 0.04234375
0 0.18818359375 0.91830078125 0.0410546875 0.04046875
0 0.2311328125 0.943984375 0.041171875 0.04193359375
0 0.23173828125 0.89275390625 0.04029296875 0.04072265625
0 0.188359375 0.866953125 0.04138671875 0.0418359375
0 0.2323828125 0.84212890625 0.04228515625 0.04140625
0 0.23197265625 0.79162109375 0.04146484375 0.0401953125
0 0.18953125 0.76572265625 0.041640625 0.04322265625
0 0.232890625 0.742421875 0.041875 0.0416015625
0 0.23263671875 0.69142578125 0.04068359375 0.042265625
0 0.23275390625 0.6401953125 0.0408984375 0.042421875
0 0.27734375 0.564375 0.0421875 0.04193359375
0 0.27740234375 0.46328125 0.04232421875 0.04291015625
0 0.32177734375 0.43869140625 0.041796875 0.04083984375
0 0.32205078125 0.388359375 0.04166015625 0.04068359375
0 0.27802734375 0.36279296875 0.04146484375 0.04158203125
0 0.279140625 0.31185546875 0.0408984375 0.04162109375
0 0.27990234375 0.26107421875 0.04240234375 0.04201171875
0 0.23578125 0.23578125 0.04203125 0.041328125
0 0.23658203125 0.18515625 0.0422265625 0.042734375
0 0.281015625 0.10921875 0.04251953125 0.04267578125
0 0.32517578125 0.085 0.0415625 0.0420703125
0 0.32390625 0.1348828125 0.0418359375 0.04060546875
0 0.279765625 0.159921875 0.0421484375 0.0428515625
0 0.3239453125 0.1850390625 0.0430078125 0.04087890625
0 0.279453125 0.21123046875 0.04220703125 0.0421484375
0 0.32357421875 0.236640625 0.04255859375 0.04234375
0 0.36697265625 0.21078125 0.04220703125 0.04263671875
0 0.36708984375 0.1598828125 0.04103515625 0.04140625
0 0.4103515625 0.1860546875 0.04181640625 0.0403125
0 0.41142578125 0.1355859375 0.0397265625 0.04154296875
0 0.4544921875 0.1618359375 0.04080078125 0.0403515625
0 0.4546875 0.212421875 0.04189453125 0.04099609375
0 0.367734375 0.11009765625 0.0423046875 0.04091796875
0 0.36783203125 0.059609375 0.04251953125 0.042578125
0 0.411875 0.085546875 0.04203125 0.0417578125
0 0.45546875 0.0597265625 0.04064453125 0.040703125
0 0.45455078125 0.1111328125 0.04076171875 0.04150390625
0 0.41166015625 0.03453125 0.0416015625 0.040234375
0 0.45560546875 0.0154296875 0.04375 0.030859375
0 0.4991796875 0.03458984375 0.0394921875 0.04107421875
0 0.54298828125 0.01513671875 0.04103515625 0.03025390625
0 0.4982421875 0.0846875 0.04115234375 0.0421484375
0 0.5430859375 0.06044921875 0.04154296875 0.04216796875
0 0.54240234375 0.1115234375 0.04158203125 0.0416796875
0 0.49900390625 0.1361328125 0.043359375 0.04310546875
0 0.5419140625 0.16146484375 0.04130859375 0.042421875
0 0.49849609375 0.18716796875 0.043046875 0.0425390625
0 0.5417578125 0.2125 0.0409765625 0.04115234375
0 0.497890625 0.2373046875 0.04322265625 0.04298828125
0 0.5421875 0.26310546875 0.0418359375 0.04255859375
0 0.454140625 0.2620703125 0.04291015625 0.041171875
0 0.45408203125 0.3125390625 0.04208984375 0.04298828125
0 0.41080078125 0.2873828125 0.04201171875 0.0419140625
0 0.36708984375 0.26212890625 0.0417578125 0.04271484375
0 0.32248046875 0.2875390625 0.041796875 0.04220703125
0 0.36669921875 0.31173828125 0.04236328125 0.04208984375
0 0.321796875 0.33716796875 0.0418359375 0.04234375
0 0.36576171875 0.3630859375 0.04189453125 0.042890625
0 0.40951171875 0.38822265625 0.0408203125 0.0418359375
0 0.36626953125 0.413515625 0.04291015625 0.04248046875
0 0.40908203125 0.43900390625 0.0420703125 0.0421484375
0 0.36552734375 0.4645703125 0.04212890625 0.04197265625
0 0.3212890625 0.48947265625 0.04365234375 0.042578125
0 0.36482421875 0.51501953125 0.04283203125 0.04306640625
0 0.40841796875 0.54021484375 0.04357421875 0.04212890625
0 0.2766796875 0.61546875 0.0423046875 0.041484375
0 0.32080078125 0.59029296875 0.04267578125 0.04173828125
0 0.3646875 0.616015625 0.041875 0.04259765625
0 0.3206640625 0.640390625 0.04099609375 0.04142578125
0 0.27681640625 0.666015625 0.04255859375 0.041328125
0 0.320390625 0.6912890625 0.0425390625 0.0426953125
0 0.27642578125 0.716875 0.04248046875 0.04185546875
0 0.27625 0.76685546875 0.0428125 0.04197265625
0 0.32013671875 0.74201171875 0.040625 0.04078125
0 0.36328125 0.715859375 0.0418359375 0.0419140625
0 0.27603515625 0.8183203125 0.0423828125 0.04072265625
0 0.31927734375 0.79212890625 0.0411328125 0.04263671875
0 0.36392578125 0.76759765625 0.0412890625 0.0423046875
0 0.36333984375 0.81884765625 0.04150390625 0.04037109375
0 0.3187109375 0.843046875 0.04279296875 0.04283203125
0 0.2758203125 0.8669140625 0.040546875 0.04177734375
0 0.406875 0.79240234375 0.0423046875 0.04314453125
0 0.4059765625 0.84232421875 0.04185546875 0.04138671875
0 0.36296875 0.86712890625 0.0421875 0.0422265625
0 0.3185546875 0.89353515625 0.04109375 0.04353515625
0 0.40646484375 0.74298828125 0.0414453125 0.0413671875
0 0.4507421875 0.768203125 0.0421875 0.04107421875
0 0.45009765625 0.81751953125 0.04232421875 0.04048828125
0 0.4497265625 0.8694921875 0.04021484375 0.04138671875
0 0.494140625 0.74302734375 0.041328125 0.0419140625
0 0.27548828125 0.9187109375 0.0405859375 0.04138671875
0 0.27533203125 0.96892578125 0.04126953125 0.041171875
0 0.31845703125 0.943359375 0.040859375 0.04169921875
0 0.3180859375 0.98685546875 0.04099609375 0.0262890625
0 0.36234375 0.91806640625 0.04134765625 0.0403515625
0 0.36173828125 0.969140625 0.04076171875 0.0425
0 0.40646484375 0.89353515625 0.04181640625 0.04181640625
0 0.40533203125 0.94462890625 0.041328125 0.04421875
0 0.40580078125 0.9870703125 0.042265625 0.02583984375
0 0.44892578125 0.970234375 0.04099609375 0.0403125
0 0.49353515625 0.98751953125 0.04181640625 0.0249609375
0 0.4500390625 0.9196875 0.0414453125 0.04248046875
0 0.4930078125 0.94544921875 0.04076171875 0.040625
0 0.58140625 0.9881640625 0.04248046875 0.02365234375
0 0.53708984375 0.97083984375 0.04048828125 0.0415234375
0 0.5809765625 0.94580078125 0.04076171875 0.0421875
0 0.5372265625 0.920390625 0.041640625 0.04125
0 0.4936328125 0.89486328125 0.04197265625 0.0418359375
0 0.493046875 0.84443359375 0.0408203125 0.04076171875
0 0.537578125 0.86994140625 0.0405859375 0.041015625
0 0.58107421875 0.895 0.04173828125 0.0405859375
0 0.53765625 0.819296875 0.04078125 0.04037109375
0 0.4944921875 0.79369140625 0.04109375 0.04169921875
0 0.581328125 0.844296875 0.04232421875 0.04138671875
0 0.538515625 0.76896484375 0.04072265625 0.04123046875
0 0.58173828125 0.7947265625 0.040546875 0.04025390625
0 0.3640625 0.66669921875 0.04017578125 0.0415234375
0 0.4068359375 0.692109375 0.0408203125 0.04158203125
0 0.45119140625 0.717890625 0.0411328125 0.0423828125
0 0.45171875 0.66775390625 0.0421875 0.04189453125
0 0.40765625 0.641328125 0.04158203125 0.03978515625
0 0.40806640625 0.59048828125 0.0398046875 0.04138671875
0 0.45185546875 0.5655859375 0.0416015625 0.04234375
0 0.4515625 0.61646484375 0.041875 0.042578125
0 0.49546875 0.59103515625 0.04130859375 0.0425
0 0.495078125 0.64166015625 0.0413671875 0.04134765625
0 0.49439453125 0.6928125 0.0408984375 0.04123046875
0 0.5387890625 0.66751953125 0.0412890625 0.0423046875
0 0.53806640625 0.718125 0.04158203125 0.041953125
0 0.58314453125 0.69244140625 0.04072265625 0.04138671875
0 0.58271484375 0.74369140625 0.04248046875 0.04146484375
0 0.62615234375 0.76939453125 0.0409375 0.04037109375
0 0.45220703125 0.51546875 0.04228515625 0.04017578125
0 0.4521875 0.46486328125 0.042265625 0.0422265625
0 0.4958203125 0.490625 0.04109375 0.0403515625
0 0.53958984375 0.5163671875 0.04111328125 0.04193359375
0 0.53974609375 0.46498046875 0.040546875 0.0415625
0 0.49619140625 0.44015625 0.04099609375 0.0418359375
0 0.453125 0.41396484375 0.04150390625 0.04193359375
0 0.4529296875 0.363359375 0.04111328125 0.04314453125
0 0.49732421875 0.33826171875 0.04150390625 0.041953125
0 0.49658203125 0.38908203125 0.04177734375 0.04294921875
0 0.58599609375 0.1875390625 0.041171875 0.04076171875
0 0.63025390625 0.21240234375 0.04216796875 0.0414453125
0 0.5858203125 0.2378515625 0.0416796875 0.0433203125
0 0.54142578125 0.3128515625 0.04130859375 0.04279296875
0 0.58537109375 0.2881640625 0.0416796875 0.042421875
0 0.5848046875 0.33873046875 0.04140625 0.04203125
0 0.541484375 0.364140625 0.04140625 0.0420703125
0 0.58416015625 0.388984375 0.04013671875 0.04099609375
0 0.54076171875 0.41359375 0.04169921875 0.04033203125
0 0.58388671875 0.439921875 0.04046875 0.04048828125
0 0.583828125 0.49138671875 0.0420703125 0.04099609375
0 0.6280078125 0.46623046875 0.0402734375 0.0405859375
0 0.5868359375 0.03515625 0.04021484375 0.04056640625
0 0.6303515625 0.0153125 0.041484375 0.03060546875
0 0.63015625 0.06068359375 0.04107421875 0.04171875
0 0.58677734375 0.08607421875 0.0401171875 0.04173828125
0 0.630234375 0.11138671875 0.04126953125 0.0416015625
0 0.58634765625 0.13599609375 0.04099609375 0.04091796875
0 0.675078125 0.03509765625 0.04080078125 0.04216796875
0 0.6740625 0.08509765625 0.0405078125 0.04068359375
0 0.67341796875 0.136953125 0.04095703125 0.041953125
0 0.6300390625 0.16205078125 0.040859375 0.04140625
0 0.6734765625 0.18666015625 0.0410546875 0.0407421875
0 0.71650390625 0.21263671875 0.04048828125 0.04017578125
0 0.62927734375 0.26291015625 0.04109375 0.041796875
0 0.62900390625 0.31380859375 0.04142578125 0.0403125
0 0.67287109375 0.23728515625 0.0425 0.04130859375
0 0.67314453125 0.288203125 0.03953125 0.04162109375
0 0.672265625 0.3400390625 0.04041015625 0.04115234375
0 0.62845703125 0.36408203125 0.0420703125 0.04109375
0 0.62759765625 0.414453125 0.04208984375 0.04205078125
0 0.67181640625 0.389765625 0.04126953125 0.03994140625
0 0.716640625 0.36466796875 0.0407421875 0.04052734375
0 0.6712890625 0.44029296875 0.0428515625 0.042109375
0 0.67130859375 0.49123046875 0.0419921875 0.040703125
0 0.6271875 0.5156640625 0.04041015625 0.040546875
0 0.58369140625 0.54099609375 0.0409375 0.0404296875
0 0.583515625 0.5920703125 0.0414453125 0.0401953125
0 0.53857421875 0.6169921875 0.0426171875 0.041875
0 0.6272265625 0.5665625 0.04048828125 0.04080078125
0 0.58322265625 0.64212890625 0.04173828125 0.04138671875
0 0.626953125 0.66806640625 0.04255859375 0.041640625
0 0.62611328125 0.71875 0.0408984375 0.041484375
0 0.62537109375 0.82005859375 0.04115234375 0.0419140625
0 0.6253515625 0.87072265625 0.04197265625 0.04083984375
0 0.6253125 0.92037109375 0.04189453125 0.04298828125
0 0.66921875 0.896171875 0.0404296875 0.0409765625
0 0.62494140625 0.97064453125 0.041171875 0.04201171875
0 0.6691015625 0.94685546875 0.04109375 0.0416796875
0 0.66806640625 0.98884765625 0.04166015625 0.02228515625
0 0.75615234375 0.9887109375 0.04185546875 0.02255859375
0 0.71212890625 0.97189453125 0.0422265625 0.0409765625
0 0.7565625 0.94720703125 0.04271484375 0.04240234375
0 0.843828125 0.98904296875 0.04306640625 0.0219140625
0 0.93087890625 0.9894921875 0.0403515625 0.02103515625
0 0.97580078125 0.97388671875 0.04091796875 0.0405859375
0 0.8880078125 0.9725390625 0.04041015625 0.042265625
0 0.84455078125 0.94810546875 0.04275390625 0.042421875
0 0.8008203125 0.92169921875 0.0410546875 0.04125
0 0.7127734375 0.9211328125 0.04177734375 0.04099609375
0 0.71259765625 0.8715625 0.0414453125 0.04076171875
0 0.66943359375 0.84537109375 0.040859375 0.0400390625
0 0.66884765625 0.795390625 0.04146484375 0.04158203125
0 0.7134375 0.820703125 0.04134765625 0.04056640625
0 0.75767578125 0.84625 0.04140625 0.03916015625
0 0.80080078125 0.87146484375 0.03927734375 0.03970703125
0 0.80044921875 0.82115234375 0.04119140625 0.0414453125
0 0.757734375 0.7960546875 0.0415234375 0.04029296875
0 0.8446875 0.8469921875 0.0430078125 0.04236328125
0 0.8439453125 0.89732421875 0.0415234375 0.04154296875
0 0.8875390625 0.92294921875 0.0412109375 0.0411328125
0 0.97599609375 0.92416015625 0.04130859375 0.04005859375
0 0.9765625 0.87271484375 0.04068359375 0.0404296875
0 0.932265625 0.89830078125 0.04138671875 0.040859375
0 0.8883203125 0.8724609375 0.041015625 0.04169921875
0 0.93232421875 0.8467578125 0.04150390625 0.0410546875
0 0.8885546875 0.82123046875 0.04060546875 0.0398828125
0 0.976640625 0.77203125 0.04083984375 0.04126953125
0 0.845078125 0.795859375 0.0412890625 0.041640625
0 0.8003125 0.771171875 0.0409375 0.040390625
0 0.75787109375 0.7453515625 0.040078125 0.04130859375
0 0.66970703125 0.7445703125 0.03966796875 0.03974609375
0 0.67037109375 0.6938671875 0.0409765625 0.040703125
0 0.71419921875 0.719453125 0.04111328125 0.0411328125
0 0.75767578125 0.6944921875 0.040546875 0.04109375
0 0.67029296875 0.64322265625 0.04083984375 0.04185546875
0 0.67078125 0.59337890625 0.0418359375 0.041953125
0 0.714296875 0.618671875 0.04044921875 0.0408984375
0 0.757734375 0.6440234375 0.0406640625 0.042578125
0 0.7586328125 0.59328125 0.03982421875 0.040859375
0 0.80212890625 0.61873046875 0.039296875 0.0409765625
0 0.8016015625 0.669296875 0.04 0.03970703125
0 0.67197265625 0.541875 0.04068359375 0.04220703125
0 0.71515625 0.51640625 0.04041015625 0.0394140625
0 0.75908203125 0.54234375 0.038984375 0.03962890625
0 0.8027734375 0.56828125 0.0397265625 0.03986328125
0 0.7155078125 0.46564453125 0.04111328125 0.04115234375
0 0.75984375 0.44046875 0.04048828125 0.03990234375
0 0.7594921875 0.491796875 0.0398046875 0.0409375
0 0.8027734375 0.51791015625 0.03974609375 0.03890625
0 0.803203125 0.46638671875 0.0396875 0.0408984375
0 0.80296875 0.41587890625 0.04185546875 0.04140625
0 0.8035546875 0.36595703125 0.04041015625 0.04046875
0 0.76005859375 0.33998046875 0.040078125 0.04103515625
0 0.71626953125 0.31423828125 0.0408984375 0.0420703125
0 0.76076171875 0.28951171875 0.03970703125 0.04162109375
0 0.76076171875 0.238828125 0.03970703125 0.0400390625
0 0.76099609375 0.1883203125 0.0401953125 0.04142578125
0 0.7172265625 0.11171875 0.04103515625 0.04138671875
0 0.76205078125 0.138125 0.04052734375 0.04078125
0 0.71841796875 0.06240234375 0.0416796875 0.04166015625
0 0.76140625 0.086953125 0.04013671875 0.04
0 0.761796875 0.0361328125 0.0409375 0.0407421875
0 0.80623046875 0.01572265625 0.03875 0.0314453125
0 0.89392578125 0.01515625 0.03822265625 0.0303125
0 0.98072265625 0.016171875 0.03853515625 0.03236328125
0 0.93751953125 0.03765625 0.03875 0.0394140625
0 0.98072265625 0.06318359375 0.03853515625 0.04060546875
0 0.93775390625 0.08744140625 0.04009765625 0.040078125
0 0.980078125 0.11419921875 0.03984375 0.0409375
0 0.84978515625 0.03759765625 0.0409765625 0.04017578125
0 0.80572265625 0.0619140625 0.03947265625 0.04154296875
0 0.89376953125 0.06287109375 0.04142578125 0.04171875
0 0.84982421875 0.08771484375 0.0419140625 0.040625
0 0.80619140625 0.11236328125 0.0404296875 0.041796875
0 0.980078125 0.16400390625 0.03984375 0.0400390625
0 0.93671875 0.13794921875 0.0398046875 0.03869140625
0 0.89380859375 0.11341796875 0.040625 0.04126953125
0 0.89271484375 0.16333984375 0.04017578125 0.0422265625
0 0.8494921875 0.13787109375 0.03951171875 0.041171875
0 0.80615234375 0.1636328125 0.0403515625 0.0410546875
0 0.84845703125 0.1888671875 0.04005859375 0.03990234375
0 0.80484375 0.21416015625 0.0412109375 0.04146484375
0 0.9361328125 0.18923828125 0.039921875 0.04091796875
0 0.97962890625 0.21533203125 0.04072265625 0.04119140625
0 0.97962890625 0.26521484375 0.04072265625 0.0402734375
0 0.9364453125 0.23966796875 0.0401171875 0.0408203125
0 0.89244140625 0.21462890625 0.0405078125 0.0406640625
0 0.84896484375 0.2393359375 0.04021484375 0.04103515625
0 0.89181640625 0.2653125 0.041015625 0.04224609375
0 0.9354296875 0.2896484375 0.03982421875 0.04099609375
0 0.9795703125 0.3159765625 0.040859375 0.04115234375
0 0.980078125 0.36734375 0.03984375 0.040625
0 0.93548828125 0.34189453125 0.04080078125 0.0413671875
0 0.9794140625 0.4174609375 0.04115234375 0.0410546875
0 0.93501953125 0.3906640625 0.04166015625 0.03998046875
0 0.97908203125 0.4674609375 0.039609375 0.04126953125
0 0.93517578125 0.44255859375 0.03931640625 0.04138671875
0 0.80404296875 0.264453125 0.04052734375 0.0405078125
0 0.8484375 0.29021484375 0.04001953125 0.04041015625
0 0.80462890625 0.3148046875 0.04255859375 0.0414453125
0 0.84783203125 0.34087890625 0.040546875 0.04107421875
0 0.89193359375 0.3658984375 0.0403515625 0.04208984375
0 0.84806640625 0.390390625 0.04103515625 0.0403125
0 0.89154296875 0.41677734375 0.0421875 0.04142578125
0 0.84689453125 0.44138671875 0.0404296875 0.0425390625
0 0.89142578125 0.46771484375 0.04197265625 0.041796875
0 0.84671875 0.492421875 0.04185546875 0.04220703125
0 0.89107421875 0.5173046875 0.04041015625 0.04033203125
0 0.84703125 0.54298828125 0.03984375 0.0400390625
0 0.89017578125 0.56865234375 0.04125 0.03884765625
0 0.93427734375 0.54314453125 0.0410546875 0.04125
0 0.97814453125 0.56890625 0.0403515625 0.04025390625
0 0.97849609375 0.62046875 0.039296875 0.0418359375
0 0.8459765625 0.5931640625 0.0403515625 0.03974609375
0 0.89 0.61876953125 0.04041015625 0.04041015625
0 0.84607421875 0.6451953125 0.04056640625 0.0396484375
0 0.84533203125 0.6951171875 0.0416796875 0.0397265625
0 0.8897265625 0.669921875 0.0403125 0.03919921875
0 0.97732421875 0.67091796875 0.04134765625 0.0420703125
0 0.9779296875 0.7205859375 0.03994140625 0.0398828125
0 0.93376953125 0.694453125 0.04 0.04013671875
0 0.8895703125 0.72033203125 0.04001953125 0.0402734375
0 0.932890625 0.74578125 0.04087890625 0.040390625
0 0.88919921875 0.77158203125 0.04015625 0.0412109375
0 0.84595703125 0.74578125 0.0415234375 0.0430078125
0 0.80064453125 0.7193359375 0.03962890625 0.04025390625