0 0.06216796875 0.12224609375 0.04326171875 0.04353515625
0 0.1507421875 0.17353515625 0.04294921875 0.04384765625
0 0.1066796875 0.14841796875 0.04646484375 0.0441796875
0 0.10642578125 0.1997265625 0.04478515625 0.045703125
0 0.238046875 0.2246484375 0.04361328125 0.04384765625
0 0.41328125 0.2763671875 0.04505859375 0.04505859375
0 0.45578125 0.35216796875 0.04544921875 0.0450390625
0 0.41158203125 0.42849609375 0.04517578125 0.04376953125
0 0.4540234375 0.6055859375 0.04427734375 0.04515625
0 0.41048828125 0.6812109375 0.04537109375 0.0462109375
0 0.54224609375 0.60515625 0.044453125 0.0433203125
0 0.498046875 0.6812109375 0.0453515625 0.04384765625
0 0.365390625 0.7566015625 0.04564453125 0.04412109375
0 0.49779296875 0.78302734375 0.04484375 0.0441796875
0 0.62904296875 0.7072265625 0.0452734375 0.04416015625
0 0.62837890625 0.75861328125 0.04513671875 0.04470703125
0 0.67296875 0.73416015625 0.043828125 0.0428125
0 0.67265625 0.78310546875 0.04435546875 0.04314453125
0 0.71708984375 0.75837890625 0.04390625 0.043046875
0 0.7162890625 0.80876953125 0.0434765625 0.042265625
0 0.71462890625 0.86021484375 0.0448828125 0.04576171875
0 0.76037109375 0.83419921875 0.0446875 0.0442578125
0 0.75919921875 0.88548828125 0.04341796875 0.04296875
0 0.846015625 0.8856640625 0.044609375 0.04451171875
0 0.80263671875 0.91109375 0.04279296875 0.04302734375
0 0.80205078125 0.96107421875 0.04333984375 0.0416015625
0 0.8457421875 0.98291015625 0.040625 0.03416015625
0 0.9327734375 0.9826953125 0.0439453125 0.034609375
0 0.93357421875 0.936640625 0.04380859375 0.04474609375
0 0.84625 0.93662109375 0.04162109375 0.043828125
0 0.97697265625 0.86103515625 0.04357421875 0.04310546875
0 0.93384765625 0.88693359375 0.045234375 0.04240234375
0 0.890703125 0.75962890625 0.04306640625 0.0427734375
0 0.93498046875 0.73451171875 0.04279296875 0.0426171875
0 0.80337890625 0.75982421875 0.0442578125 0.0431640625
0 0.84833984375 0.68404296875 0.04248046875 0.04283203125
0 0.8476171875 0.632421875 0.0438671875 0.0426171875
0 0.8918359375 0.55734375 0.0453515625 0.04373046875
0 0.71775390625 0.55658203125 0.045625 0.04390625
0 0.63017578125 0.5560546875 0.045546875 0.04384765625
0 0.6305078125 0.5060546875 0.04353515625 0.04228515625
0 0.6750390625 0.48015625 0.0427734375 0.0434375
0 0.192109375 0.60455078125 0.044140625 0.04388671875
0 0.060234375 0.5791796875 0.04470703125 0.04330078125
0 0.05896484375 0.73056640625 0.04521484375 0.0437890625
0 0.23421875 0.83275390625 0.0446484375 0.0433984375
0 0.45275390625 0.96044921875 0.044140625 0.045625
0 0.36970703125 0.0492578125 0.043671875 0.043046875
0 0.41365234375 0.074296875 0.04154296875 0.0422265625
0 0.7633203125 0.1782421875 0.042890625 0.0416796875
0 0.98015625 0.10373046875 0.0396875 0.04400390625
0 0.97962890625 0.35609375 0.0407421875 0.04392578125
0 0.49927734375 0.530546875 0.045390625 0.044453125
1 0.41142578125 0.52984375 0.04517578125 0.04609375
1 0.45544921875 0.55625 0.04501953125 0.04423828125
1 0.4554296875 0.5056640625 0.04552734375 0.04478515625
1 0.49892578125 0.5816015625 0.04484375 0.0445703125
1 0.49837890625 0.63189453125 0.04591796875 0.0450390625
1 0.543046875 0.65798828125 0.04513671875 0.04515625
1 0.4551953125 0.65705078125 0.04560546875 0.0461328125
1 0.4549609375 0.7071875 0.04619140625 0.0457421875
1 0.49833984375 0.7329296875 0.04529296875 0.04580078125
1 0.0209765625 0.0090234375 0.04197265625 0.01806640625
1 0.06330078125 0.02177734375 0.0446484375 0.04353515625
1 0.1078125 0.008671875 0.04265625 0.01734375
1 0.19546875 0.00935546875 0.04353515625 0.01869140625
1 0.15166015625 0.023125 0.0453125 0.04404296875
1 0.0212109375 0.04677734375 0.04244140625 0.044765625
1 0.02125 0.097421875 0.04248046875 0.04439453125
1 0.0636328125 0.07248046875 0.045859375 0.0446484375
1 0.10779296875 0.04716796875 0.04552734375 0.04419921875
1 0.1068359375 0.09873046875 0.04578125 0.04556640625
1 0.0209375 0.1480859375 0.041875 0.04470703125
1 0.020859375 0.1987890625 0.04171875 0.04505859375
1 0.06306640625 0.17388671875 0.0448046875 0.043984375
1 0.06263671875 0.2242578125 0.0453125 0.04515625
1 0.02064453125 0.2493359375 0.0412890625 0.04369140625
1 0.0205078125 0.30017578125 0.04103515625 0.04482421875
1 0.0625 0.27513671875 0.04431640625 0.0444140625
1 0.0619921875 0.32544921875 0.044765625 0.04474609375
1 0.02021484375 0.35060546875 0.0404296875 0.0441796875
1 0.0200390625 0.4018359375 0.040078125 0.0434375
1 0.01994140625 0.45197265625 0.0398828125 0.04271484375
1 0.06197265625 0.37630859375 0.043984375 0.04470703125
1 0.06162109375 0.4266796875 0.04474609375 0.04369140625
1 0.06142578125 0.477578125 0.045078125 0.04375
1 0.019765625 0.50283203125 0.03955078125 0.04412109375
1 0.0197265625 0.55333984375 0.03947265625 0.04265625
1 0.01916015625 0.6040234375 0.03833984375 0.04443359375
1 0.01939453125 0.65451171875 0.03876953125 0.04439453125
1 0.019453125 0.70564453125 0.03892578125 0.045625
1 0.01927734375 0.755703125 0.03857421875 0.0447265625
1 0.01908203125 0.80623046875 0.0381640625 0.04400390625
1 0.01900390625 0.8576171875 0.03802734375 0.0443359375
1 0.0188671875 0.90767578125 0.03771484375 0.04341796875
1 0.01861328125 0.95869140625 0.0372265625 0.0444140625
1 0.01671875 0.9933203125 0.03341796875 0.01337890625
1 0.05869140625 0.9805859375 0.043984375 0.03880859375
1 0.0590234375 0.93296875 0.0446484375 0.0445703125
1 0.1019140625 0.99349609375 0.0395703125 0.0130078125
1 0.102734375 0.95873046875 0.04484375 0.04451171875
1 0.14603515625 0.981328125 0.043515625 0.03736328125
1 0.1899609375 0.993671875 0.0390625 0.01263671875
1 0.19021484375 0.959375 0.04392578125 0.04431640625
1 0.14619140625 0.9330859375 0.04529296875 0.0448046875
1 0.10345703125 0.90798828125 0.04482421875 0.0433203125
1 0.059296875 0.88263671875 0.04373046875 0.0434765625
1 0.0591015625 0.83185546875 0.0448046875 0.04224609375
1 0.1466796875 0.88306640625 0.04365234375 0.0436328125
1 0.1025 0.85771484375 0.04509765625 0.0437890625
1 0.19013671875 0.908984375 0.04376953125 0.04384765625
1 0.19044921875 0.85830078125 0.043671875 0.043515625
0 0.147109375 0.83216796875 0.04443359375 0.04275390625
1 0.10330078125 0.80720703125 0.04453125 0.04380859375
1 0.058984375 0.78123046875 0.046484375 0.04529296875
1 0.10359375 0.75625 0.044375 0.04365234375
1 0.10384765625 0.70560546875 0.0448828125 0.04482421875
1 0.0600390625 0.6804296875 0.04666015625 0.044609375
1 0.0607421875 0.62990234375 0.04587890625 0.04533203125
1 0.14751953125 0.68076171875 0.04501953125 0.0445703125
1 0.10466796875 0.6553515625 0.04509765625 0.044609375
1 0.10435546875 0.60421875 0.0451953125 0.04412109375
1 0.1917578125 0.65576171875 0.04484375 0.0454296875
1 0.14822265625 0.62974609375 0.04498046875 0.04501953125
1 0.14810546875 0.57955078125 0.04544921875 0.04419921875
1 0.10470703125 0.55380859375 0.04517578125 0.04576171875
1 0.06125 0.5277734375 0.045234375 0.044375
1 0.1052734375 0.50263671875 0.04451171875 0.0447265625
1 0.19275390625 0.503828125 0.0446484375 0.0446484375
1 0.148203125 0.52876953125 0.04638671875 0.04439453125
1 0.1493359375 0.4781640625 0.0457421875 0.0441796875
1 0.106015625 0.45197265625 0.04560546875 0.0455859375
1 0.10572265625 0.40146484375 0.044296875 0.04560546875
1 0.193046875 0.4531640625 0.0459765625 0.04505859375
1 0.14921875 0.42728515625 0.04625 0.04564453125
1 0.14916015625 0.376640625 0.0461328125 0.0446484375
1 0.10578125 0.35078125 0.043671875 0.04380859375
1 0.10623046875 0.30041015625 0.0453125 0.04408203125
1 0.1065234375 0.2500390625 0.04515625 0.04435546875
1 0.1500390625 0.22427734375 0.045703125 0.044453125
1 0.14984375 0.275859375 0.0460546875 0.04443359375
1 0.14919921875 0.32578125 0.0462109375 0.04470703125
1 0.15091796875 0.12361328125 0.04525390625 0.04515625
1 0.1509765625 0.07283203125 0.04466796875 0.04462890625
1 0.19494140625 0.0477734375 0.0446484375 0.04396484375
1 0.23927734375 0.0230859375 0.04466796875 0.043984375
1 0.283828125 0.00955078125 0.0436328125 0.0191015625
1 0.28203125 0.0483203125 0.04609375 0.04478515625
1 0.3264453125 0.0233984375 0.046015625 0.04388671875
1 0.3262890625 0.07314453125 0.045703125 0.04380859375
1 0.23884765625 0.072890625 0.045234375 0.04330078125
1 0.3267578125 0.12427734375 0.04517578125 0.04431640625
1 0.194453125 0.09806640625 0.04513671875 0.0442578125
1 0.28251953125 0.09884765625 0.0453515625 0.0443359375
1 0.2384375 0.1242578125 0.04662109375 0.0451171875
1 0.19451171875 0.1487109375 0.04595703125 0.04451171875
1 0.28216796875 0.14947265625 0.04615234375 0.04529296875
1 0.19447265625 0.19875 0.0458984375 0.0457421875
1 0.2384375 0.1741796875 0.04443359375 0.04384765625
1 0.1937109375 0.24990234375 0.04509765625 0.04482421875
1 0.19349609375 0.30072265625 0.04611328125 0.04470703125
1 0.23796875 0.27580078125 0.044921875 0.04501953125
1 0.2809765625 0.250546875 0.04552734375 0.04392578125
1 0.28275390625 0.19982421875 0.044375 0.04498046875
1 0.32607421875 0.17439453125 0.0443359375 0.04439453125
1 0.32529296875 0.22533203125 0.04587890625 0.0458203125
1 0.36974609375 0.1500390625 0.04392578125 0.04498046875
1 0.369453125 0.099296875 0.045546875 0.04521484375
1 0.45779296875 0.099765625 0.0448828125 0.04470703125
1 0.41404296875 0.12525390625 0.04458984375 0.04556640625
1 0.3701171875 0.01056640625 0.04615234375 0.0211328125
1 0.457890625 0.0102734375 0.04654296875 0.020546875
1 0.41458984375 0.02416015625 0.04640625 0.0454296875
1 0.54578125 0.010390625 0.0449609375 0.02078125
1 0.50138671875 0.02443359375 0.04556640625 0.04453125
1 0.45751953125 0.04953125 0.04580078125 0.04455078125
1 0.54525390625 0.0503515625 0.04609375 0.0447265625
1 0.501796875 0.0753125 0.04494140625 0.0444921875
1 0.501171875 0.12576171875 0.04587890625 0.04439453125
1 0.45763671875 0.1505078125 0.046015625 0.044453125
1 0.41310546875 0.17544921875 0.0448828125 0.0441796875
1 0.36978515625 0.200234375 0.04619140625 0.0443359375
1 0.36923828125 0.25125 0.04583984375 0.04390625
1 0.41275390625 0.22626953125 0.04564453125 0.0448046875
1 0.4566796875 0.2006640625 0.04412109375 0.0451953125
1 0.50083984375 0.17611328125 0.0444921875 0.04408203125
1 0.545 0.1008203125 0.0455859375 0.04392578125
1 0.54466796875 0.15107421875 0.044921875 0.04416015625
1 0.54498046875 0.201953125 0.0448046875 0.04486328125
1 0.50078125 0.22666015625 0.04509765625 0.04486328125
1 0.45654296875 0.25177734375 0.0453125 0.04421875
1 0.3257421875 0.27607421875 0.04458984375 0.0441015625
1 0.28154296875 0.3016015625 0.045625 0.04431640625
1 0.2376953125 0.32609375 0.04439453125 0.0453125
1 0.193125 0.3513671875 0.04541015625 0.04427734375
1 0.19318359375 0.40158203125 0.0455078125 0.0451171875
1 0.23732421875 0.3770703125 0.0436328125 0.04478515625
1 0.23703125 0.42814453125 0.04453125 0.04517578125
1 0.2363671875 0.47859375 0.04537109375 0.045078125
1 0.236640625 0.52888671875 0.04521484375 0.044609375
1 0.19279296875 0.55353515625 0.04470703125 0.0444921875
1 0.28 0.554140625 0.04541015625 0.0449609375
1 0.23525390625 0.5805078125 0.04607421875 0.0448046875
1 0.23587890625 0.6304296875 0.0451171875 0.044921875
1 0.2361328125 0.6805859375 0.0441796875 0.0434765625
1 0.19138671875 0.705703125 0.0448046875 0.0450390625
1 0.14736328125 0.731015625 0.04470703125 0.0440625
1 0.14669921875 0.78185546875 0.04482421875 0.0446875
1 0.191640625 0.75626953125 0.0438671875 0.043671875
1 0.1912890625 0.807109375 0.04462890625 0.04435546875
1 0.23513671875 0.78134765625 0.044375 0.04294921875
1 0.3228515625 0.7826171875 0.0446484375 0.04404296875
1 0.27845703125 0.807421875 0.0466796875 0.0449609375
1 0.2341796875 0.88291015625 0.04537109375 0.04330078125
1 0.278515625 0.85822265625 0.04537109375 0.04482421875
0 0.27748046875 0.9084375 0.04474609375 0.04421875
1 0.23412109375 0.93376953125 0.04525390625 0.04470703125
1 0.23400390625 0.9811328125 0.044296875 0.03771484375
1 0.2771484375 0.9593359375 0.045546875 0.04498046875
1 0.32166015625 0.93390625 0.04369140625 0.04283203125
1 0.321328125 0.9816796875 0.04595703125 0.03662109375
1 0.36521484375 0.959609375 0.04505859375 0.0448046875
1 0.3654296875 0.9093359375 0.04546875 0.04529296875
0 0.32193359375 0.88345703125 0.045 0.043671875
1 0.3223046875 0.83298828125 0.045 0.04447265625
1 0.40923828125 0.9816796875 0.0455078125 0.03662109375
0 0.75888671875 0.935703125 0.04310546875 0.043515625
0 0.75880859375 0.9822265625 0.0429296875 0.035546875
1 0.71517578125 0.96060546875 0.0465234375 0.04376953125
1 0.6715234375 0.9816796875 0.04568359375 0.03662109375
1 0.62751953125 0.9612109375 0.044921875 0.04435546875
0 0.6278515625 0.91099609375 0.04486328125 0.04421875
1 0.7151171875 0.910859375 0.04568359375 0.0446875
1 0.6715625 0.9359375 0.04435546875 0.04490234375
1 0.67177734375 0.88517578125 0.04404296875 0.0441796875
1 0.62841796875 0.85984375 0.04525390625 0.04443359375
0 0.67189453125 0.83455078125 0.04283203125 0.0432421875
1 0.62900390625 0.809375 0.04498046875 0.0444921875
1 0.58486328125 0.83435546875 0.04537109375 0.04357421875
1 0.58435546875 0.8849609375 0.045078125 0.04376953125
1 0.584140625 0.9359375 0.043203125 0.043984375
1 0.5838671875 0.98205078125 0.045546875 0.0358984375
1 0.49662109375 0.98150390625 0.0455078125 0.0369921875
1 0.496875 0.935 0.0452734375 0.04572265625
1 0.5402734375 0.91001953125 0.0445703125 0.04517578125
1 0.54060546875 0.960078125 0.04408203125 0.0435546875
1 0.45341796875 0.9093359375 0.04556640625 0.0445703125
1 0.40927734375 0.93423828125 0.04595703125 0.04421875
1 0.41015625 0.8841796875 0.04552734375 0.045859375
1 0.36630859375 0.8587109375 0.045078125 0.04431640625
1 0.453671875 0.85916015625 0.04462890625 0.04521484375
1 0.54095703125 0.85939453125 0.044765625 0.04498046875
1 0.49705078125 0.88484375 0.04416015625 0.04427734375
1 0.4977734375 0.83400390625 0.045625 0.0443359375
1 0.54146484375 0.8092578125 0.04287109375 0.0435546875
1 0.58515625 0.7844921875 0.04306640625 0.04341796875
1 0.54140625 0.75830078125 0.0449609375 0.04412109375
1 0.58576171875 0.732890625 0.0428125 0.04416015625
1 0.54177734375 0.70810546875 0.0449609375 0.0447265625
1 0.5855859375 0.68287109375 0.04318359375 0.043671875
1 0.6296875 0.656796875 0.04416015625 0.04458984375
1 0.5862890625 0.63154296875 0.0438671875 0.0442578125
1 0.6732421875 0.6829296875 0.04478515625 0.04453125
1 0.67388671875 0.63265625 0.04462890625 0.044296875
1 0.71671875 0.7084375 0.04453125 0.04466796875
1 0.76033203125 0.78462890625 0.041640625 0.04373046875
1 0.80337890625 0.8103125 0.0437109375 0.0434765625
0 0.80298828125 0.8596875 0.04333984375 0.04337890625
1 0.8468359375 0.834921875 0.043828125 0.04326171875
1 0.89033203125 0.86041015625 0.0443359375 0.043359375
1 0.890234375 0.911171875 0.0448828125 0.0438671875
1 0.9765625 0.911484375 0.04384765625 0.0451953125
1 0.9763671875 0.9612109375 0.0426953125 0.04291015625
0 0.8891015625 0.96140625 0.04478515625 0.0433203125
1 0.9775390625 0.81052734375 0.0443359375 0.045078125
1 0.93431640625 0.83578125 0.045078125 0.04423828125
1 0.89021484375 0.81013671875 0.04484375 0.04603515625
1 0.934453125 0.7849609375 0.04537109375 0.04435546875
1 0.9782421875 0.76021484375 0.04353515625 0.04501953125
1 0.978046875 0.70974609375 0.04388671875 0.04439453125
1 0.93478515625 0.6844921875 0.0453125 0.04546875
1 0.89146484375 0.70955078125 0.04587890625 0.043984375
1 0.84740234375 0.734765625 0.04640625 0.04427734375
1 0.84669921875 0.7845703125 0.04501953125 0.04431640625
1 0.97841796875 0.65923828125 0.0431640625 0.043671875
1 0.891953125 0.6591796875 0.04541015625 0.043828125
1 0.89232421875 0.60853515625 0.04396484375 0.04400390625
1 0.97841796875 0.60916015625 0.0431640625 0.04455078125
1 0.935078125 0.63380859375 0.0466015625 0.0437890625
1 0.9356640625 0.5837109375 0.04634765625 0.0459765625
1 0.97876953125 0.55845703125 0.04244140625 0.04416015625
1 0.935625 0.53279296875 0.04697265625 0.04517578125
1 0.9782421875 0.508359375 0.04353515625 0.04498046875
1 0.93630859375 0.48203125 0.046171875 0.0461328125
1 0.89296875 0.5071484375 0.04525390625 0.0447265625
1 0.84923828125 0.5314453125 0.0457421875 0.04466796875
1 0.84951171875 0.4816796875 0.045546875 0.04541015625
1 0.97876953125 0.457578125 0.04244140625 0.04591796875
1 0.97876953125 0.4070703125 0.04244140625 0.04517578125
1 0.93669921875 0.431875 0.04625 0.045390625
1 0.89298828125 0.45640625 0.0445703125 0.04501953125
1 0.8492578125 0.43095703125 0.0450390625 0.04572265625
1 0.892734375 0.40599609375 0.0448046875 0.04595703125
1 0.8930859375 0.35517578125 0.044765625 0.0460546875
1 0.97896484375 0.30576171875 0.0420703125 0.04537109375
1 0.9365234375 0.38095703125 0.045859375 0.043828125
1 0.9374609375 0.33072265625 0.0462890625 0.043671875
1 0.9370703125 0.2801171875 0.0448046875 0.0456640625
1 0.89390625 0.3051171875 0.04568359375 0.04478515625
1 0.97896484375 0.2556640625 0.0420703125 0.04470703125
1 0.97896484375 0.2046875 0.0420703125 0.04453125
1 0.93748046875 0.22900390625 0.045625 0.04447265625
1 0.893359375 0.2547265625 0.04677734375 0.0435546875
1 0.89392578125 0.2036328125 0.04642578125 0.04458984375
1 0.937890625 0.1787890625 0.04423828125 0.04578125
1 0.9796875 0.15357421875 0.040625 0.04478515625
1 0.93744140625 0.12833984375 0.04552734375 0.04517578125
1 0.89447265625 0.152734375 0.04681640625 0.04599609375
1 0.8508203125 0.1783984375 0.04525390625 0.04533203125
1 0.97986328125 0.05275390625 0.04025390625 0.04443359375
1 0.9790234375 0.01251953125 0.04193359375 0.0250390625
1 0.89423828125 0.01271484375 0.04849609375 0.02541015625
1 0.8069140625 0.01216796875 0.0468359375 0.02435546875
1 0.938125 0.02734375 0.0447265625 0.0459765625
1 0.8505078125 0.02705078125 0.0468359375 0.045390625
1 0.9378125 0.0780078125 0.0469921875 0.045546875
1 0.89458984375 0.0519140625 0.04560546875 0.04568359375
1 0.851171875 0.0769140625 0.045234375 0.04408203125
1 0.807109375 0.051953125 0.04724609375 0.04576171875
1 0.894296875 0.10287109375 0.0457421875 0.04439453125
1 0.8503515625 0.1273828125 0.04578125 0.04400390625
1 0.80685546875 0.152890625 0.046015625 0.04412109375
1 0.80646484375 0.20376953125 0.04595703125 0.0455859375
1 0.85068359375 0.22859375 0.04572265625 0.04431640625
1 0.80728515625 0.1021875 0.04466796875 0.045078125