0 0.49814453125 0.5008984375 0.05775390625 0.05740234375
0 0.035390625 0.0289453125 0.05875 0.057890625
0 0.1519921875 0.02953125 0.06076171875 0.05904296875
0 0.0368359375 0.096875 0.05943359375 0.05689453125
0 0.26857421875 0.1648046875 0.05982421875 0.0600390625
1 0.3827734375 0.2990625 0.06205078125 0.05767578125
0 0.26701171875 0.366484375 0.06177734375 0.05962890625
0 0.38369140625 0.43361328125 0.06080078125 0.05962890625
1 0.55751953125 0.40140625 0.0600390625 0.05779296875
0 0.032578125 0.70013671875 0.05875 0.06
0 0.0325 0.834296875 0.05880859375 0.05998046875
0 0.14697265625 0.8354296875 0.05953125 0.05853515625
0 0.323046875 0.98880859375 0.05517578125 0.02236328125
0 0.3795703125 0.9048828125 0.06013671875 0.06037109375
1 0.44033203125 0.8715625 0.05900390625 0.05794921875
0 0.556796875 0.9379296875 0.06095703125 0.06255859375
0 0.73 0.90677734375 0.05845703125 0.05962890625
0 0.96306640625 0.9088671875 0.05810546875 0.05697265625
0 0.96240234375 0.77572265625 0.0612890625 0.0596875
0 0.84845703125 0.70572265625 0.05736328125 0.05966796875
0 0.90478515625 0.67224609375 0.0587890625 0.056875
0 0.84869140625 0.50361328125 0.05845703125 0.05751953125
0 0.965546875 0.3704296875 0.0594140625 0.057578125
0 0.84837890625 0.43625 0.05984375 0.05822265625
0 0.79154296875 0.26859375 0.05984375 0.05931640625
1 0.9657421875 0.03783203125 0.05970703125 0.05775390625
0 0.79291015625 0.01533203125 0.05833984375 0.0306640625
0 0.09669921875 0.01212890625 0.05853515625 0.02427734375
0 0.094296875 0.061015625 0.05826171875 0.05556640625
0 0.21234375 0.012890625 0.057890625 0.02578125
0 0.2112890625 0.06345703125 0.0565234375 0.055859375
0 0.15369140625 0.09638671875 0.05818359375 0.05625
0 0.09453125 0.12966796875 0.05537109375 0.05615234375
1 0.03578125 0.16365234375 0.05728515625 0.05599609375
1 0.03517578125 0.2290625 0.05677734375 0.05849609375
0 0.093671875 0.1948828125 0.05603515625 0.05541015625
0 0.09412109375 0.261796875 0.0564453125 0.05697265625
0 0.035234375 0.29640625 0.0590625 0.05732421875
0 0.03634765625 0.36322265625 0.05974609375 0.05708984375
0 0.09267578125 0.33015625 0.05806640625 0.05587890625
0 0.09322265625 0.39625 0.05685546875 0.05732421875
0 0.0356640625 0.4298046875 0.0581640625 0.056015625
1 0.0341796875 0.4983984375 0.058046875 0.05560546875
0 0.09193359375 0.46599609375 0.058125 0.05556640625
0 0.0923046875 0.53267578125 0.0568359375 0.05634765625
0 0.034140625 0.56494140625 0.05859375 0.05576171875
0 0.0340625 0.633828125 0.0576953125 0.0550390625
1 0.0313671875 0.76673828125 0.0587890625 0.05658203125
0 0.031328125 0.9015625 0.05650390625 0.05580078125
0 0.03080078125 0.97068359375 0.05837890625 0.05861328125
0 0.0891015625 0.987421875 0.053515625 0.02513671875
0 0.0894921875 0.935625 0.05837890625 0.0555859375
0 0.146875 0.97072265625 0.05859375 0.058125
1 0.08998046875 0.86763671875 0.05755859375 0.05740234375
0 0.09017578125 0.80185546875 0.05720703125 0.05515625
0 0.09015625 0.732734375 0.05689453125 0.0591015625
1 0.0909375 0.66716796875 0.05720703125 0.0564453125
1 0.091953125 0.59978515625 0.0587890625 0.055078125
0 0.15076171875 0.498671875 0.0567578125 0.055
1 0.1516796875 0.4326953125 0.0571484375 0.05728515625
0 0.15169921875 0.36505859375 0.05826171875 0.0578515625
0 0.1539453125 0.297109375 0.058828125 0.0571875
0 0.1531640625 0.22923828125 0.0585546875 0.05724609375
0 0.15265625 0.1628125 0.05892578125 0.0576953125
0 0.2109375 0.1291796875 0.05619140625 0.05625
1 0.2694921875 0.029765625 0.0578515625 0.05640625
0 0.3282421875 0.01236328125 0.05775390625 0.02470703125
0 0.2699609375 0.09638671875 0.057265625 0.058984375
0 0.32802734375 0.0625390625 0.05681640625 0.05732421875
0 0.3266015625 0.13009765625 0.05712890625 0.05759765625
0 0.32673828125 0.19728515625 0.05671875 0.05802734375
0 0.21056640625 0.197265625 0.05759765625 0.05708984375
0 0.2694921875 0.2320703125 0.0573828125 0.0556640625
0 0.2098828125 0.26267578125 0.0591015625 0.0564453125
0 0.20986328125 0.330234375 0.0566796875 0.057109375
0 0.267265625 0.296875 0.0583984375 0.0582421875
0 0.2087890625 0.39962890625 0.058359375 0.0561328125
0 0.20845703125 0.4657421875 0.05662109375 0.05572265625
1 0.2665625 0.43310546875 0.0568359375 0.05595703125
0 0.26517578125 0.49888671875 0.05712890625 0.056640625
0 0.2083203125 0.53271484375 0.057890625 0.05869140625
0 0.14955078125 0.56546875 0.05748046875 0.05544921875
0 0.149375 0.63384765625 0.0565234375 0.056640625
0 0.14859375 0.70099609375 0.05771484375 0.0562890625
0 0.1486328125 0.766484375 0.0580078125 0.05841796875
0 0.14712890625 0.90181640625 0.0569140625 0.05626953125
1 0.2065625 0.9873828125 0.05498046875 0.025234375
0 0.26509765625 0.97189453125 0.05744140625 0.0562109375
0 0.20734375 0.93779296875 0.0574609375 0.058046875
0 0.3798046875 0.9714453125 0.0594921875 0.05708984375
0 0.32279296875 0.9383203125 0.05734375 0.05666015625
0 0.2649609375 0.90412109375 0.0558984375 0.056484375
0 0.20568359375 0.8690234375 0.059140625 0.05767578125
0 0.2059765625 0.80197265625 0.056640625 0.056484375
0 0.2644140625 0.83537109375 0.0568359375 0.05548828125
0 0.2648046875 0.76841796875 0.0580078125 0.0577734375
1 0.20685546875 0.735546875 0.05662109375 0.05802734375
0 0.26533203125 0.7016796875 0.0575 0.0541796875
1 0.20697265625 0.6681640625 0.05859375 0.05587890625
0 0.20693359375 0.59962890625 0.0589453125 0.0584375
0 0.26513671875 0.63373046875 0.0565234375 0.05703125
0 0.26619140625 0.5671875 0.05703125 0.057109375
0 0.32724609375 0.26474609375 0.0558984375 0.05607421875
0 0.32634765625 0.33205078125 0.0580078125 0.05587890625
0 0.3257421875 0.39966796875 0.05857421875 0.05763671875
0 0.3848828125 0.3666015625 0.05880859375 0.05513671875
0 0.3248046875 0.46669921875 0.05734375 0.057734375
0 0.38294921875 0.50046875 0.05822265625 0.05646484375
0 0.324921875 0.53318359375 0.0604296875 0.0582421875
0 0.38146484375 0.567734375 0.05826171875 0.0597265625
0 0.3254296875 0.6009765625 0.0580078125 0.05703125
0 0.3834375 0.63447265625 0.05751953125 0.05615234375
0 0.32396484375 0.669375 0.05759765625 0.05814453125
0 0.3221484375 0.73490234375 0.05708984375 0.05478515625
0 0.32259765625 0.802578125 0.05736328125 0.05638671875
0 0.3233984375 0.86943359375 0.0566796875 0.05775390625
1 0.3823828125 0.8365625 0.05826171875 0.0569140625
1 0.439375 0.98875 0.0578125 0.0225
1 0.4976171875 0.9718359375 0.0594140625 0.05634765625
0 0.55603515625 0.9886328125 0.053984375 0.02271484375
0 0.4383203125 0.9381640625 0.05984375 0.05728515625
0 0.49625 0.9039453125 0.0589453125 0.05708984375
0 0.61224609375 0.9721484375 0.05833984375 0.055703125
0 0.6725390625 0.98853515625 0.0526953125 0.0229296875
0 0.7296875 0.97236328125 0.06021484375 0.0552734375
0 0.67203125 0.9396875 0.05669921875 0.05767578125
0 0.7894140625 0.988828125 0.0534765625 0.02232421875
0 0.84490234375 0.971875 0.05869140625 0.05623046875
0 0.962734375 0.97310546875 0.0602734375 0.0537890625
0 0.90626953125 0.98904296875 0.0515234375 0.02189453125
0 0.90392578125 0.94916015625 0.0580859375 0.05796875
0 0.84564453125 0.90875 0.058515625 0.056953125
0 0.7879296875 0.94111328125 0.0578515625 0.057734375
0 0.90380859375 0.8748046875 0.0586328125 0.0571484375
0 0.96259765625 0.83884765625 0.05830078125 0.0565234375
0 0.90466796875 0.80599609375 0.0580859375 0.0567578125
1 0.96396484375 0.70693359375 0.05826171875 0.056640625
0 0.905078125 0.73822265625 0.059609375 0.05685546875
0 0.96388671875 0.63861328125 0.05720703125 0.05697265625
0 0.96419921875 0.57208984375 0.05716796875 0.0567578125
0 0.9654296875 0.505625 0.0577734375 0.0571484375
0 0.9655078125 0.43755859375 0.05830078125 0.05658203125
0 0.96517578125 0.302734375 0.05669921875 0.056171875
0 0.963828125 0.2380078125 0.05650390625 0.05630859375
0 0.96634765625 0.17052734375 0.05642578125 0.0580078125
0 0.9637109375 0.102109375 0.0582421875 0.05693359375
0 0.90966796875 0.01533203125 0.06005859375 0.03064453125
0 0.84927734375 0.03544921875 0.05666015625 0.05685546875
0 0.9081640625 0.0695703125 0.05703125 0.056875
0 0.90994140625 0.14181640625 0.05828125 0.0570703125
0 0.9083984375 0.20138671875 0.05765625 0.0571484375
0 0.9076953125 0.26970703125 0.0581640625 0.05626953125
0 0.90755859375 0.33615234375 0.05755859375 0.05669921875
0 0.44298828125 0.01310546875 0.05857421875 0.02619140625
0 0.56076171875 0.01322265625 0.05568359375 0.02642578125
1 0.67642578125 0.01447265625 0.05943359375 0.0289453125
0 0.50220703125 0.0308203125 0.05841796875 0.0587890625
0 0.44404296875 0.06357421875 0.0594921875 0.0577734375
0 0.38564453125 0.031484375 0.05669921875 0.05876953125
1 0.3858984375 0.09955078125 0.05873046875 0.0584375
0 0.385546875 0.16451171875 0.058671875 0.05763671875
0 0.443515625 0.13302734375 0.05962890625 0.05962890625
1 0.50205078125 0.0994921875 0.05974609375 0.06029296875
0 0.5602734375 0.06544921875 0.05671875 0.05802734375
0 0.618046875 0.03171875 0.05724609375 0.05708984375
0 0.73353515625 0.0323828125 0.0576171875 0.05578125
0 0.67615234375 0.06681640625 0.0593359375 0.05392578125
0 0.79318359375 0.0669921875 0.058671875 0.05669921875
0 0.7911328125 0.1351171875 0.05736328125 0.05501953125
0 0.85072265625 0.1012109375 0.06060546875 0.05818359375
0 0.85068359375 0.16837890625 0.05759765625 0.05638671875
0 0.84958984375 0.2376171875 0.05978515625 0.05689453125
1 0.84990234375 0.3041015625 0.05748046875 0.05798828125
0 0.9074609375 0.40439453125 0.05744140625 0.0574609375
1 0.9070703125 0.472265625 0.05662109375 0.05884765625
0 0.90681640625 0.53814453125 0.0578515625 0.05923828125
0 0.90638671875 0.6064453125 0.0583203125 0.05873046875
0 0.846953125 0.63822265625 0.05857421875 0.05826171875
0 0.84814453125 0.57123046875 0.0580859375 0.05732421875
0 0.38482421875 0.23107421875 0.056015625 0.056875
0 0.44396484375 0.19818359375 0.0575390625 0.05490234375
0 0.5012890625 0.16525390625 0.05796875 0.05580078125
0 0.5602734375 0.13205078125 0.0583984375 0.05640625
0 0.61859375 0.0985546875 0.05958984375 0.05728515625
0 0.734609375 0.09939453125 0.05798828125 0.05650390625
0 0.67705078125 0.1346484375 0.05849609375 0.0578125
0 0.79216796875 0.20177734375 0.05791015625 0.057578125
1 0.73427734375 0.16708984375 0.05970703125 0.05814453125
0 0.6174609375 0.1665625 0.0584375 0.056875
0 0.56052734375 0.1996484375 0.05740234375 0.0575390625
0 0.5009765625 0.233203125 0.058046875 0.05830078125
0 0.4416015625 0.26623046875 0.0565625 0.05634765625
0 0.4421875 0.33125 0.0582421875 0.05685546875
0 0.44322265625 0.3987890625 0.05671875 0.0540234375
0 0.4411328125 0.4671484375 0.057578125 0.0571484375
0 0.44033203125 0.53494140625 0.056484375 0.05578125
0 0.4416015625 0.6015234375 0.06041015625 0.061328125
1 0.43931640625 0.66876953125 0.05814453125 0.0562109375
0 0.38095703125 0.70265625 0.0590234375 0.0570703125
0 0.38123046875 0.7689453125 0.0573046875 0.05642578125
0 0.43935546875 0.7372265625 0.0565625 0.057265625
0 0.43884765625 0.80291015625 0.058046875 0.0576953125
0 0.55513671875 0.870390625 0.0584765625 0.05591796875
0 0.49849609375 0.83658203125 0.05701171875 0.0558984375
0 0.49677734375 0.7689453125 0.05763671875 0.0557421875
0 0.4986328125 0.7046484375 0.0553515625 0.05767578125
0 0.49892578125 0.63578125 0.06 0.055859375
0 0.4990625 0.56830078125 0.058125 0.05931640625
1 0.50064453125 0.43318359375 0.05787109375 0.0564453125
0 0.49947265625 0.36703125 0.05716796875 0.055625
1 0.5000390625 0.30048828125 0.05822265625 0.058203125
0 0.5597265625 0.26732421875 0.0575390625 0.056015625
0 0.61677734375 0.2329296875 0.0571875 0.0577734375
0 0.67611328125 0.1997265625 0.05837890625 0.058359375
0 0.67537109375 0.26609375 0.05837890625 0.059375
0 0.73392578125 0.23451171875 0.06029296875 0.05568359375
0 0.73287109375 0.30146484375 0.0573046875 0.0587109375
0 0.84912109375 0.37009765625 0.05623046875 0.05837890625
0 0.7915234375 0.335703125 0.05658203125 0.05623046875
0 0.7910546875 0.40427734375 0.05720703125 0.05623046875
0 0.73353515625 0.36943359375 0.057109375 0.05716796875
0 0.675390625 0.33515625 0.05732421875 0.05681640625
0 0.6171875 0.3 0.058515625 0.0548046875
0 0.5584375 0.33513671875 0.05689453125 0.0572265625
0 0.6166796875 0.3682421875 0.05640625 0.05654296875
0 0.61544921875 0.43552734375 0.05703125 0.05619140625
0 0.674140625 0.40255859375 0.05806640625 0.05798828125
0 0.5576953125 0.4676953125 0.05904296875 0.0560546875
0 0.73326171875 0.436875 0.0584375 0.0591796875
0 0.67388671875 0.47001953125 0.05755859375 0.0577734375
0 0.79060546875 0.47029296875 0.0580078125 0.05794921875
1 0.7320703125 0.50337890625 0.05744140625 0.05759765625
0 0.674296875 0.53615234375 0.0564453125 0.05708984375
0 0.557421875 0.536484375 0.05876953125 0.0583203125
0 0.55783203125 0.60236328125 0.05525390625 0.058203125
0 0.61453125 0.56900390625 0.0575390625 0.05609375
0 0.61638671875 0.50314453125 0.0580078125 0.05783203125
0 0.7308203125 0.569453125 0.05599609375 0.05744140625
0 0.67349609375 0.60306640625 0.05677734375 0.05853515625
0 0.6144140625 0.63578125 0.056796875 0.05689453125
1 0.55634765625 0.6687890625 0.05654296875 0.05974609375
0 0.555703125 0.73626953125 0.05732421875 0.05837890625
0 0.61462890625 0.70349609375 0.05916015625 0.0596875
0 0.614296875 0.77138671875 0.05380859375 0.05787109375
0 0.55560546875 0.8044140625 0.05794921875 0.05630859375
0 0.67185546875 0.80501953125 0.056953125 0.0568359375
0 0.6149609375 0.8378515625 0.0585546875 0.05654296875
0 0.6151953125 0.904765625 0.05837890625 0.05595703125
0 0.67201171875 0.87083984375 0.05833984375 0.05748046875
1 0.78759765625 0.8733984375 0.05845703125 0.05609375
0 0.84537109375 0.83890625 0.05732421875 0.06076171875
1 0.73240234375 0.8394921875 0.0568359375 0.05763671875
0 0.787265625 0.80548828125 0.05888671875 0.0565234375
0 0.84662109375 0.774765625 0.05677734375 0.0579296875
0 0.73013671875 0.77333984375 0.05787109375 0.05765625
0 0.7882421875 0.7373046875 0.05732421875 0.05751953125
0 0.67427734375 0.73705078125 0.05599609375 0.055546875
0 0.7311328125 0.70484375 0.057734375 0.05572265625
0 0.67416015625 0.67068359375 0.05712890625 0.0562890625
0 0.730703125 0.63876953125 0.0557421875 0.05619140625
0 0.7896875 0.67279296875 0.05642578125 0.05609375
0 0.789375 0.6035546875 0.05744140625 0.0555859375
0 0.791015625 0.537890625 0.0590625 0.05521484375