1 0.00361328125 0.035078125 0.0072265625 0.03111328125
1 0.03001953125 0.0596875 0.04123046875 0.03833984375
1 0.0278515625 0.10958984375 0.04267578125 0.03833984375
1 0.02857421875 0.15951171875 0.03978515625 0.04267578125
1 0.00361328125 0.135625 0.0072265625 0.028203125
1 0.00326171875 0.184453125 0.00650390625 0.0433984375
1 0.1171875 0.01375 0.041953125 0.02748046875
1 0.16203125 0.00361328125 0.03328125 0.0072265625
1 0.20470703125 0.01482421875 0.04484375 0.0296484375
1 0.2495703125 0.0043359375 0.0318359375 0.008671875
1 0.29259765625 0.0611328125 0.04412109375 0.03978515625
1 0.42390625 0.00326171875 0.02892578125 0.00650390625
1 0.51142578125 0.00326171875 0.02458984375 0.00650390625
1 0.5996875 0.00361328125 0.0318359375 0.0072265625
1 0.6861328125 0.003984375 0.0267578125 0.00794921875
1 0.90638671875 0.01591796875 0.0390625 0.0318359375
1 0.9498046875 0.0376171875 0.04484375 0.0390625
1 0.9868359375 0.01591796875 0.026328125 0.0318359375
1 0.985390625 0.06330078125 0.02921875 0.03833984375
1 0.55591796875 0.01447265625 0.04267578125 0.02892578125
1 0.64380859375 0.01591796875 0.0390625 0.0318359375
1 0.4224609375 0.03580078125 0.0405078125 0.03978515625
1 0.379765625 0.0596875 0.0405078125 0.04267578125
1 0.46765625 0.0596875 0.03978515625 0.04123046875
1 0.511796875 0.03544921875 0.04267578125 0.0390625
1 0.60041015625 0.03724609375 0.0405078125 0.03978515625
1 0.687578125 0.03544921875 0.03978515625 0.0390625
1 0.64416015625 0.0611328125 0.04412109375 0.03978515625
1 0.7298828125 0.06041015625 0.0405078125 0.03978515625
1 0.817421875 0.06185546875 0.0405078125 0.03978515625
1 0.8637109375 0.087890625 0.0433984375 0.03833984375
1 0.94908203125 0.1381640625 0.0390625 0.0390625
1 0.9868359375 0.16275390625 0.026328125 0.0376171875
1 0.9868359375 0.21375 0.026328125 0.03978515625
1 0.07197265625 0.08462890625 0.03978515625 0.036171875
1 0.02748046875 0.26185546875 0.0405078125 0.0390625
1 0.00505859375 0.28935546875 0.01013671875 0.0347265625
1 0.00505859375 0.33853515625 0.01013671875 0.0318359375
1 0.20326171875 0.11068359375 0.0405078125 0.0405078125
1 0.291875 0.11068359375 0.04123046875 0.0405078125
1 0.24884765625 0.13455078125 0.0405078125 0.0390625
1 0.2940625 0.15986328125 0.04412109375 0.041953125
1 0.46658203125 0.11068359375 0.0390625 0.0405078125
1 0.42318359375 0.13599609375 0.0390625 0.0390625
1 0.5121484375 0.1378125 0.04484375 0.03978515625
1 0.77330078125 0.13744140625 0.041953125 0.0390625
1 0.8619140625 0.1352734375 0.04123046875 0.0390625
1 0.8177734375 0.163125 0.04123046875 0.03833984375
1 0.90494140625 0.2133984375 0.0390625 0.0405078125
1 0.72953125 0.1616796875 0.04123046875 0.03978515625
1 0.6861328125 0.1869921875 0.04123046875 0.03978515625
1 0.8177734375 0.2133984375 0.04267578125 0.0405078125
1 0.8619140625 0.24015625 0.03978515625 0.0390625
1 0.2036328125 0.211953125 0.04267578125 0.041953125
1 0.2915234375 0.21123046875 0.0390625 0.0390625
1 0.159140625 0.23654296875 0.0433984375 0.0390625
1 0.24703125 0.23654296875 0.03978515625 0.0390625
1 0.37796875 0.211953125 0.04123046875 0.0390625
1 0.5551953125 0.211953125 0.03833984375 0.0390625
1 0.64236328125 0.2133984375 0.0433984375 0.0376171875
1 0.55626953125 0.0600390625 0.0405078125 0.0390625
1 0.7298828125 0.21267578125 0.0405078125 0.0376171875
1 0.77365234375 0.2387109375 0.03833984375 0.0376171875
1 0.42318359375 0.2369140625 0.0405078125 0.03978515625
1 0.2904296875 0.262578125 0.04267578125 0.0390625
1 0.24630859375 0.2871875 0.04123046875 0.0376171875
1 0.2036328125 0.31287109375 0.03978515625 0.03978515625
1 0.1157421875 0.3110546875 0.0405078125 0.0376171875
1 0.0708984375 0.3374609375 0.0405078125 0.03978515625
1 0.11609375 0.3638671875 0.04123046875 0.0405078125
1 0.160234375 0.38880859375 0.04267578125 0.03833984375
1 0.07197265625 0.3880859375 0.04123046875 0.04123046875
1 0.72916015625 0.26330078125 0.041953125 0.0405078125
1 0.86154296875 0.28970703125 0.0376171875 0.03689453125
1 0.68541015625 0.2886328125 0.03833984375 0.0376171875
1 0.7298828125 0.31431640625 0.0390625 0.03833984375
1 0.7740234375 0.3403515625 0.0405078125 0.03689453125
1 0.86119140625 0.33998046875 0.04123046875 0.0390625
1 0.86046875 0.3891796875 0.04267578125 0.041953125
1 0.94943359375 0.33962890625 0.03978515625 0.03833984375
1 0.985390625 0.315390625 0.02921875 0.0376171875
1 0.9053125 0.3653125 0.03978515625 0.0376171875
1 0.772578125 0.38953125 0.0405078125 0.03978515625
1 0.7284375 0.41521484375 0.041953125 0.036171875
1 0.46693359375 0.31359375 0.03833984375 0.03833984375
1 0.50998046875 0.33853515625 0.0405078125 0.0376171875
1 0.55375 0.3638671875 0.04123046875 0.0405078125
1 0.59787109375 0.33853515625 0.04267578125 0.0376171875
1 0.64236328125 0.36494140625 0.041953125 0.03833984375
1 0.37759765625 0.41521484375 0.0390625 0.0390625
1 0.64126953125 0.41521484375 0.03833984375 0.036171875
1 0.6850390625 0.44162109375 0.0390625 0.03978515625
1 0.4228125 0.33962890625 0.03978515625 0.03833984375
1 0.2466796875 0.43982421875 0.0405078125 0.0405078125
1 0.29115234375 0.46548828125 0.03978515625 0.03833984375
1 0.46513671875 0.413046875 0.041953125 0.0390625
1 0.46658203125 0.46513671875 0.0405078125 0.0405078125
1 0.42173828125 0.48865234375 0.0405078125 0.03978515625
1 0.5971484375 0.491171875 0.04123046875 0.0376171875
1 0.68541015625 0.49189453125 0.04123046875 0.0376171875
1 0.81705078125 0.4662109375 0.04123046875 0.03689453125
1 0.94763671875 0.4419921875 0.0405078125 0.0390625
1 0.9857421875 0.4673046875 0.02849609375 0.0390625
1 0.98611328125 0.517578125 0.0277734375 0.04412109375
1 0.90458984375 0.46658203125 0.03978515625 0.0390625
1 0.86046875 0.491171875 0.03978515625 0.0376171875
1 0.9038671875 0.51830078125 0.04123046875 0.03833984375
1 0.86009765625 0.54216796875 0.0405078125 0.03978515625
1 0.7729296875 0.4908203125 0.03978515625 0.03833984375
1 0.72916015625 0.516484375 0.0390625 0.0390625
1 0.77365234375 0.54072265625 0.03978515625 0.03978515625
1 0.7284375 0.56712890625 0.0390625 0.0390625
1 0.7284375 0.6177734375 0.0390625 0.0405078125
1 0.7740234375 0.64416015625 0.0433984375 0.03833984375
1 0.81560546875 0.61849609375 0.03978515625 0.0390625
1 0.85900390625 0.64416015625 0.04412109375 0.03833984375
1 0.985390625 0.61994140625 0.02921875 0.0405078125
1 0.0025390625 0.4908203125 0.00505859375 0.02966796875
1 0.15841796875 0.49009765625 0.0390625 0.03689453125
1 0.24595703125 0.4897265625 0.0405078125 0.0390625
1 0.2025390625 0.5146875 0.0390625 0.03689453125
1 0.07162109375 0.5396484375 0.0390625 0.0390625
1 0.02640625 0.56458984375 0.03978515625 0.04123046875
1 0.003984375 0.5931640625 0.00794921875 0.02603515625
1 0.07017578125 0.59099609375 0.041953125 0.0390625
1 0.20291015625 0.5653125 0.03978515625 0.03978515625
1 0.24740234375 0.59064453125 0.041953125 0.03978515625
1 0.2915234375 0.61740234375 0.0433984375 0.03978515625
1 0.333125 0.59064453125 0.04412109375 0.03978515625
1 0.37724609375 0.56603515625 0.04123046875 0.03978515625
1 0.5103515625 0.5414453125 0.04123046875 0.03833984375
1 0.59751953125 0.5414453125 0.0376171875 0.03689453125
1 0.55302734375 0.56677734375 0.03833984375 0.03833984375
1 0.55302734375 0.61705078125 0.04123046875 0.0405078125
1 0.640546875 0.61740234375 0.04123046875 0.03978515625
1 0.46513671875 0.5675 0.0405078125 0.03833984375
1 0.465859375 0.6177734375 0.041953125 0.0405078125
1 0.94798828125 0.64380859375 0.03978515625 0.0405078125
1 0.90314453125 0.66912109375 0.04267578125 0.0390625
1 0.86046875 0.69373046875 0.03833984375 0.0405078125
1 0.81669921875 0.71904296875 0.0376171875 0.0405078125
1 0.86119140625 0.7447265625 0.04412109375 0.03978515625
1 0.947265625 0.74435546875 0.03978515625 0.0405078125
1 0.90421875 0.81958984375 0.0376171875 0.0390625
1 0.947265625 0.84599609375 0.03978515625 0.04123046875
1 0.90314453125 0.87275390625 0.03978515625 0.04123046875
1 0.8159765625 0.7700390625 0.0405078125 0.03833984375
1 0.77220703125 0.7447265625 0.03978515625 0.03978515625
1 0.72916015625 0.76931640625 0.0390625 0.03689453125
1 0.640546875 0.6683984375 0.03978515625 0.0390625
1 0.68431640625 0.79390625 0.0376171875 0.03833984375
1 0.72953125 0.81994140625 0.04123046875 0.03978515625
1 0.7740234375 0.84455078125 0.0433984375 0.04123046875
1 0.81560546875 0.87203125 0.04123046875 0.04123046875
1 0.859375 0.94763671875 0.0405078125 0.0390625
1 0.90494140625 0.97294921875 0.041953125 0.036171875
1 0.8159765625 0.97330078125 0.0405078125 0.03833984375
1 0.85900390625 0.98791015625 0.04412109375 0.02416015625
1 0.7280859375 0.92123046875 0.03978515625 0.04123046875
1 0.7269921875 0.97041015625 0.0405078125 0.03978515625
1 0.6846875 0.98865234375 0.04123046875 0.02271484375
1 0.63947265625 0.9711328125 0.041953125 0.03978515625
1 0.4213671875 0.64380859375 0.04123046875 0.0390625
1 0.59642578125 0.69263671875 0.03978515625 0.03978515625
1 0.55265625 0.7183203125 0.0390625 0.0390625
1 0.50890625 0.69263671875 0.04123046875 0.03978515625
1 0.50853515625 0.74435546875 0.0405078125 0.0405078125
1 0.55337890625 0.76966796875 0.04484375 0.0390625
1 0.5971484375 0.84599609375 0.03978515625 0.03689453125
1 0.5523046875 0.86951171875 0.03978515625 0.0390625
1 0.55265625 0.9223046875 0.0405078125 0.0390625
1 0.50708984375 0.9458203125 0.0405078125 0.03978515625
1 0.5541015625 0.97185546875 0.047734375 0.03978515625
1 0.4213671875 0.69408203125 0.04123046875 0.04123046875
1 0.3334765625 0.641640625 0.0376171875 0.0376171875
1 0.37724609375 0.718671875 0.04123046875 0.03833984375
1 0.33419921875 0.74328125 0.0376171875 0.03689453125
1 0.37869140625 0.76859375 0.04267578125 0.03833984375
1 0.421015625 0.79390625 0.0376171875 0.04123046875
1 0.465859375 0.8203125 0.0433984375 0.0376171875
1 0.4224609375 0.89626953125 0.041953125 0.0390625
1 0.3765234375 0.870234375 0.03978515625 0.0390625
1 0.33275390625 0.843828125 0.0405078125 0.03833984375
1 0.33275390625 0.79283203125 0.0405078125 0.0376171875
1 0.37580078125 0.9722265625 0.04267578125 0.0390625
1 0.42173828125 0.98865234375 0.0433984375 0.02271484375
1 0.333125 0.98828125 0.03833984375 0.0234375
1 0.114296875 0.61560546875 0.041953125 0.0376171875
1 0.15841796875 0.64091796875 0.0390625 0.0390625
1 0.07052734375 0.6401953125 0.04123046875 0.0390625
1 0.15841796875 0.692265625 0.0390625 0.0390625
1 0.2036328125 0.71650390625 0.04412109375 0.03833984375
1 0.24486328125 0.74291015625 0.03978515625 0.0376171875
1 0.1587890625 0.7421875 0.03978515625 0.0390625
1 0.114296875 0.7675 0.0405078125 0.0390625
1 0.20109375 0.7671484375 0.0390625 0.04267578125
1 0.24775390625 0.79427734375 0.04267578125 0.0376171875
1 0.2455859375 0.84345703125 0.03978515625 0.0390625
1 0.28970703125 0.8705859375 0.03978515625 0.04123046875
1 0.2886328125 0.9194140625 0.0405078125 0.0405078125
1 0.245234375 0.9458203125 0.0405078125 0.04123046875
1 0.002890625 0.6401953125 0.00578125 0.02748046875
1 0.0278515625 0.666953125 0.03833984375 0.0390625
1 0.02640625 0.71759765625 0.03978515625 0.0405078125
1 0.02748046875 0.76642578125 0.04484375 0.03833984375
1 0.0278515625 0.8188671875 0.04267578125 0.0390625
1 0.0278515625 0.8705859375 0.04412109375 0.03978515625
1 0.02857421875 0.91833984375 0.04123046875 0.03689453125
1 0.02640625 0.9722265625 0.03978515625 0.0390625
1 0.07017578125 0.98755859375 0.04484375 0.0248828125
1 0.0025390625 0.946171875 0.00505859375 0.02025390625
1 0.002890625 0.89265625 0.00578125 0.030390625
1 0.00216796875 0.79318359375 0.0043359375 0.0238671875
1 0.0025390625 0.74328125 0.00505859375 0.0253125
1 0.0025390625 0.69373046875 0.00505859375 0.02748046875
0 0.0039453125 0.0859375 0.00787109375 0.02865234375
0 0.0039453125 0.23669921875 0.00787109375 0.0322265625
0 0.0025 0.38638671875 0.005 0.0279296875
0 0.00322265625 0.43759765625 0.0064453125 0.02578125
0 0.00357421875 0.54109375 0.00716796875 0.02505859375
0 0.00287109375 0.8451171875 0.00572265625 0.02291015625
0 0.00287109375 0.99158203125 0.00572265625 0.01646484375
0 0.0304296875 0.0150390625 0.0408203125 0.030078125
0 0.02935546875 0.21056640625 0.04009765625 0.038671875
0 0.0297265625 0.31083984375 0.0408203125 0.04009765625
0 0.02900390625 0.36275390625 0.03939453125 0.04369140625
0 0.02720703125 0.41431640625 0.038671875 0.0408203125
0 0.027578125 0.46337890625 0.03939453125 0.038671875
0 0.02865234375 0.5156640625 0.038671875 0.03724609375
0 0.02720703125 0.6144921875 0.04296875 0.04009765625
0 0.0701953125 0.945390625 0.03724609375 0.04154296875
0 0.07162109375 0.89453125 0.04009765625 0.038671875
0 0.07126953125 0.84439453125 0.03939453125 0.04009765625
0 0.07126953125 0.79283203125 0.0451171875 0.04009765625
0 0.07197265625 0.7419921875 0.042265625 0.04009765625
0 0.07162109375 0.691484375 0.03724609375 0.03939453125
0 0.07197265625 0.48916015625 0.0408203125 0.04154296875
0 0.0726953125 0.43974609375 0.03939453125 0.038671875
0 0.0726953125 0.28791015625 0.03794921875 0.038671875
0 0.07412109375 0.23814453125 0.03939453125 0.042265625
0 0.07234375 0.1865625 0.04154296875 0.0451171875
0 0.07234375 0.1364453125 0.04009765625 0.03794921875
0 0.073046875 0.03509765625 0.04009765625 0.04009765625
0 0.0744921875 0.0021484375 0.02578125 0.004296875
0 0.1156640625 0.0616015625 0.04369140625 0.04154296875
0 0.1181640625 0.11029296875 0.038671875 0.04009765625
0 0.11673828125 0.1622265625 0.038671875 0.03939453125
0 0.11638671875 0.21271484375 0.0408203125 0.038671875
0 0.1156640625 0.26212890625 0.03939453125 0.04154296875
0 0.1156640625 0.41361328125 0.0408203125 0.03939453125
0 0.1156640625 0.4641015625 0.0408203125 0.04154296875
0 0.11494140625 0.51458984375 0.03939453125 0.03939453125
0 0.1153125 0.56615234375 0.04009765625 0.03794921875
0 0.11494140625 0.6678515625 0.03939453125 0.03794921875
0 0.11458984375 0.71728515625 0.038671875 0.03794921875
0 0.1153125 0.818984375 0.04009765625 0.0408203125
0 0.1153125 0.87017578125 0.04009765625 0.04009765625
0 0.11494140625 0.91923828125 0.042265625 0.0408203125
0 0.11494140625 0.97009765625 0.03939453125 0.0365234375
0 0.1586328125 0.94501953125 0.0408203125 0.042265625
0 0.15828125 0.8959765625 0.038671875 0.04009765625
0 0.15935546875 0.844765625 0.03939453125 0.03939453125
0 0.15935546875 0.79318359375 0.0408203125 0.03939453125
0 0.16078125 0.5905078125 0.042265625 0.03794921875
0 0.15900390625 0.54001953125 0.038671875 0.04154296875
0 0.16078125 0.44009765625 0.042265625 0.0408203125
0 0.15970703125 0.33876953125 0.04009765625 0.04154296875
0 0.16078125 0.2886328125 0.0408203125 0.038671875
0 0.1604296875 0.18763671875 0.04154296875 0.04009765625
0 0.16115234375 0.13537109375 0.04009765625 0.04009765625
0 0.16185546875 0.085234375 0.038671875 0.04009765625
0 0.16185546875 0.034375 0.04154296875 0.038671875
0 0.2051953125 0.059453125 0.0408203125 0.04009765625
0 0.20447265625 0.1604296875 0.0408203125 0.04009765625
0 0.20375 0.26212890625 0.03939453125 0.03724609375
0 0.20412109375 0.36240234375 0.04154296875 0.04009765625
0 0.203046875 0.41431640625 0.03939453125 0.03794921875
0 0.20412109375 0.46552734375 0.04009765625 0.04009765625
0 0.20232421875 0.616640625 0.0408203125 0.04009765625
0 0.2033984375 0.66642578125 0.04009765625 0.03794921875
0 0.20125 0.8196875 0.04009765625 0.03939453125
0 0.20267578125 0.86875 0.04009765625 0.04154296875
0 0.2033984375 0.9203125 0.04296875 0.04009765625
0 0.2016015625 0.9690234375 0.03939453125 0.04009765625
1 0.15755859375 0.9873828125 0.04009765625 0.025234375
0 0.24529296875 0.98845703125 0.03939453125 0.02310546875
0 0.2463671875 0.89490234375 0.0444140625 0.03939453125
0 0.2463671875 0.6911328125 0.038671875 0.03724609375
0 0.246015625 0.64244140625 0.0408203125 0.04009765625
0 0.24673828125 0.54109375 0.0408203125 0.03794921875
0 0.248515625 0.38890625 0.04009765625 0.04009765625
0 0.24744140625 0.33912109375 0.0408203125 0.0408203125
0 0.248515625 0.18728515625 0.038671875 0.03939453125
0 0.24958984375 0.085234375 0.0408203125 0.038671875
0 0.24923828125 0.0347265625 0.04009765625 0.0408203125
0 0.29328125 0.0150390625 0.0365234375 0.030078125
0 0.335546875 0.00357421875 0.0279296875 0.00716796875
0 0.33697265625 0.03580078125 0.0408203125 0.038671875
0 0.33625 0.08666015625 0.0408203125 0.04009765625
0 0.335546875 0.13607421875 0.0408203125 0.038671875
0 0.3358984375 0.18693359375 0.04154296875 0.03724609375
0 0.33447265625 0.23669921875 0.04009765625 0.0408203125
0 0.29078125 0.31333984375 0.04009765625 0.042265625
0 0.291484375 0.36455078125 0.04154296875 0.04009765625
0 0.29185546875 0.41431640625 0.0408203125 0.0408203125
0 0.29005859375 0.516015625 0.04009765625 0.0408203125
0 0.291484375 0.56544921875 0.038671875 0.03939453125
0 0.29041015625 0.6675 0.0408203125 0.04009765625
0 0.2893359375 0.71728515625 0.04154296875 0.0408203125
0 0.2893359375 0.7677734375 0.04154296875 0.04296875
0 0.2893359375 0.81791015625 0.04154296875 0.038671875
0 0.2886328125 0.97224609375 0.04154296875 0.03794921875
0 0.3333984375 0.945390625 0.0408203125 0.038671875
0 0.33232421875 0.896328125 0.04009765625 0.04369140625
0 0.3341015625 0.54072265625 0.03939453125 0.04154296875
0 0.33482421875 0.49060546875 0.04369140625 0.04009765625
0 0.335546875 0.43974609375 0.0408203125 0.04009765625
0 0.33482421875 0.38853515625 0.0408203125 0.042265625
0 0.33447265625 0.33876953125 0.04009765625 0.038671875
0 0.33482421875 0.28791015625 0.03939453125 0.04009765625
0 0.3803125 0.015390625 0.04009765625 0.03080078125
0 0.3803125 0.111015625 0.04009765625 0.038671875
0 0.3803125 0.16078125 0.04009765625 0.0408203125
0 0.37994140625 0.2635546875 0.042265625 0.04009765625
0 0.3781640625 0.3144140625 0.04009765625 0.04154296875
0 0.37994140625 0.3634765625 0.0408203125 0.03939453125
0 0.378515625 0.4658984375 0.03939453125 0.03939453125
0 0.3781640625 0.51638671875 0.04009765625 0.04296875
0 0.33447265625 0.69255859375 0.04009765625 0.038671875
0 0.378515625 0.61771484375 0.0408203125 0.03794921875
0 0.3781640625 0.6678515625 0.038671875 0.03794921875
0 0.37779296875 0.82005859375 0.03794921875 0.04009765625
0 0.37744140625 0.92103515625 0.04009765625 0.04009765625
0 0.4218359375 0.94609375 0.04009765625 0.04009765625
0 0.42220703125 0.84619140625 0.0408203125 0.042265625
0 0.42220703125 0.74341796875 0.0408203125 0.038671875
0 0.42255859375 0.5923046875 0.038671875 0.04009765625
0 0.42291015625 0.54216796875 0.0408203125 0.04154296875
0 0.42255859375 0.4408203125 0.04154296875 0.0408203125
0 0.42328125 0.389609375 0.04009765625 0.04009765625
0 0.423984375 0.2886328125 0.04009765625 0.038671875
0 0.42470703125 0.1865625 0.04009765625 0.03939453125
0 0.42435546875 0.08666015625 0.03939453125 0.04009765625
0 0.4683984375 0.01576171875 0.038671875 0.03150390625
0 0.4683984375 0.1622265625 0.038671875 0.0408203125
0 0.46732421875 0.2119921875 0.03939453125 0.038671875
0 0.46767578125 0.2635546875 0.04009765625 0.038671875
0 0.46625 0.3641796875 0.04009765625 0.03939453125
0 0.46697265625 0.51638671875 0.03724609375 0.038671875
0 0.46625 0.66857421875 0.038671875 0.0365234375
0 0.46517578125 0.71798828125 0.03794921875 0.03794921875
0 0.46517578125 0.76919921875 0.0408203125 0.038671875
0 0.46482421875 0.86982421875 0.038671875 0.0408203125
0 0.46552734375 0.92068359375 0.04009765625 0.0408203125
0 0.46482421875 0.97044921875 0.038671875 0.038671875
0 0.50814453125 0.98845703125 0.0408203125 0.02310546875
0 0.5088671875 0.8966796875 0.0408203125 0.038671875
0 0.50849609375 0.84654296875 0.04154296875 0.04009765625
0 0.50921875 0.79390625 0.04009765625 0.0408203125
0 0.511015625 0.64171875 0.03939453125 0.04009765625
0 0.5095703125 0.59193359375 0.03939453125 0.03939453125
0 0.51029296875 0.49130859375 0.0408203125 0.04009765625
0 0.51064453125 0.43939453125 0.04154296875 0.03794921875
0 0.51171875 0.38998046875 0.0408203125 0.0408203125
0 0.51171875 0.288984375 0.042265625 0.03939453125
0 0.511015625 0.23921875 0.0408203125 0.04296875
0 0.51171875 0.188359375 0.03939453125 0.03724609375
0 0.511015625 0.0859375 0.0408203125 0.038671875
0 0.556484375 0.11208984375 0.03724609375 0.03939453125
0 0.55578125 0.16365234375 0.04009765625 0.03794921875
0 0.55505859375 0.2635546875 0.04009765625 0.038671875
0 0.55541015625 0.31369140625 0.03794921875 0.038671875
0 0.55505859375 0.4146875 0.04009765625 0.04009765625
0 0.55470703125 0.4658984375 0.03794921875 0.03794921875
0 0.55470703125 0.51638671875 0.042265625 0.04009765625
0 0.55326171875 0.6671484375 0.03939453125 0.03794921875
0 0.55255859375 0.82041015625 0.03939453125 0.03939453125
0 0.5973046875 0.98916015625 0.038671875 0.02166015625
0 0.5973046875 0.94861328125 0.04154296875 0.0408203125
0 0.59623046875 0.8966796875 0.03939453125 0.038671875
0 0.59767578125 0.79498046875 0.03939453125 0.038671875
0 0.5973046875 0.744140625 0.038671875 0.04154296875
0 0.59767578125 0.64279296875 0.03794921875 0.03939453125
0 0.59875 0.59337890625 0.038671875 0.0408203125
0 0.599453125 0.43974609375 0.04009765625 0.038671875
0 0.5991015625 0.39033203125 0.03794921875 0.04009765625
0 0.59837890625 0.288984375 0.03794921875 0.03794921875
0 0.59875 0.23849609375 0.038671875 0.038671875
0 0.59837890625 0.18943359375 0.0408203125 0.03794921875
0 0.59875 0.1389453125 0.04009765625 0.038671875
0 0.59802734375 0.0859375 0.038671875 0.038671875
0 0.64279296875 0.11244140625 0.03939453125 0.038671875
0 0.64279296875 0.16365234375 0.03939453125 0.03794921875
0 0.64279296875 0.2628515625 0.03939453125 0.04154296875
0 0.64244140625 0.31333984375 0.04009765625 0.03939453125
0 0.64171875 0.46625 0.04009765625 0.04296875
0 0.64244140625 0.51708984375 0.0444140625 0.04154296875
0 0.64064453125 0.5672265625 0.042265625 0.04009765625
0 0.64099609375 0.7190625 0.04009765625 0.038671875
0 0.6413671875 0.76884765625 0.042265625 0.03939453125
0 0.64029296875 0.8196875 0.04009765625 0.042265625
0 0.6395703125 0.87017578125 0.04154296875 0.038671875
0 0.64029296875 0.92283203125 0.04154296875 0.03939453125
0 0.68396484375 0.94646484375 0.04009765625 0.03939453125
0 0.68396484375 0.89775390625 0.03724609375 0.0408203125
0 0.6850390625 0.74376953125 0.042265625 0.03939453125
0 0.68541015625 0.6954296875 0.04009765625 0.038671875
0 0.68611328125 0.64458984375 0.04009765625 0.04009765625
0 0.686484375 0.5930078125 0.0408203125 0.04009765625
0 0.686484375 0.54216796875 0.03794921875 0.038671875
0 0.686484375 0.39033203125 0.03939453125 0.038671875
0 0.6871875 0.33984375 0.03794921875 0.03939453125
0 0.68611328125 0.23884765625 0.03724609375 0.0408203125
0 0.68791015625 0.136796875 0.0408203125 0.03580078125
0 0.68576171875 0.08666015625 0.03939453125 0.04009765625
0 0.73087890625 0.01611328125 0.0408203125 0.0322265625
0 0.73125 0.11171875 0.04009765625 0.038671875
0 0.73052734375 0.36455078125 0.038671875 0.03724609375
0 0.7298046875 0.46517578125 0.038671875 0.0408203125
0 0.72873046875 0.66892578125 0.03796875 0.0372265625
0 0.7298046875 0.72013671875 0.04009765625 0.03939453125
1 0.68576171875 0.84546875 0.0408203125 0.0408203125
0 0.72873046875 0.87125 0.0408203125 0.03794921875
0 0.77134765625 0.98845703125 0.04009765625 0.02310546875
0 0.77169921875 0.947890625 0.03939453125 0.03794921875
0 0.772421875 0.89705078125 0.03939453125 0.03939453125
0 0.772421875 0.79462890625 0.03794921875 0.03939453125
0 0.81576171875 0.82005859375 0.04009765625 0.038671875
0 0.772421875 0.69328125 0.03939453125 0.03724609375
0 0.77349609375 0.59265625 0.04154296875 0.03939453125
0 0.77314453125 0.44046875 0.03939453125 0.04009765625
0 0.77599609375 0.2886328125 0.03939453125 0.04009765625
0 0.7745703125 0.1887109375 0.03939453125 0.0408203125
0 0.77564453125 0.085234375 0.04009765625 0.038671875
0 0.77529296875 0.036171875 0.03794921875 0.03939453125
0 0.77529296875 0.004296875 0.03080078125 0.00859375
0 0.81826171875 0.0146875 0.042265625 0.02935546875
0 0.8175390625 0.11279296875 0.03939453125 0.03939453125
0 0.818984375 0.26427734375 0.042265625 0.04009765625
0 0.81791015625 0.3144140625 0.04154296875 0.038671875
0 0.8171875 0.36525390625 0.03724609375 0.038671875
0 0.8175390625 0.4150390625 0.03794921875 0.03939453125
0 0.8168359375 0.51853515625 0.03939453125 0.04009765625
0 0.8171875 0.56759765625 0.038671875 0.03939453125
0 0.81576171875 0.66857421875 0.04009765625 0.03794921875
0 0.815390625 0.92318359375 0.03794921875 0.04009765625
0 0.8605078125 0.89775390625 0.0408203125 0.03794921875
0 0.8598046875 0.84654296875 0.03794921875 0.038671875
0 0.86015625 0.795703125 0.04009765625 0.04296875
0 0.86123046875 0.59373046875 0.03939453125 0.038671875
0 0.86158203125 0.4426171875 0.04009765625 0.04009765625
0 0.861953125 0.188359375 0.0408203125 0.04009765625
0 0.86302734375 0.03759765625 0.04009765625 0.0408203125
0 0.8641015625 0.00357421875 0.0365234375 0.00716796875
0 0.90671875 0.06267578125 0.04009765625 0.03939453125
0 0.90671875 0.11064453125 0.038671875 0.042265625
0 0.90564453125 0.1622265625 0.03939453125 0.042265625
0 0.9052734375 0.26462890625 0.04009765625 0.0408203125
0 0.9045703125 0.31513671875 0.04009765625 0.04009765625
0 0.904921875 0.41646484375 0.0408203125 0.03794921875
0 0.9045703125 0.56759765625 0.04009765625 0.03939453125
0 0.904921875 0.6184375 0.0408203125 0.03939453125
0 0.9045703125 0.71978515625 0.038671875 0.04009765625
0 0.903125 0.77099609375 0.04009765625 0.0408203125
0 0.90419921875 0.9217578125 0.03939453125 0.038671875
0 0.94861328125 0.990234375 0.0408203125 0.01951171875
0 0.94681640625 0.94861328125 0.038671875 0.03939453125
0 0.94646484375 0.89775390625 0.03939453125 0.03939453125
0 0.9482421875 0.79498046875 0.038671875 0.038671875
0 0.9482421875 0.6936328125 0.04009765625 0.03939453125
0 0.9482421875 0.59515625 0.04009765625 0.038671875
0 0.947890625 0.54216796875 0.0408203125 0.04009765625
0 0.94861328125 0.49203125 0.03939453125 0.04009765625
0 0.94896484375 0.39068359375 0.04154296875 0.03939453125
0 0.94896484375 0.28970703125 0.038671875 0.0365234375
0 0.94931640625 0.23849609375 0.042265625 0.04009765625
0 0.9500390625 0.18908203125 0.03794921875 0.04009765625
0 0.94896484375 0.0873828125 0.038671875 0.038671875
0 0.9496875 0.00322265625 0.02720703125 0.0064453125
0 0.98701171875 0.11171875 0.02595703125 0.034375
0 0.9873828125 0.2635546875 0.02525390625 0.03724609375
0 0.9859375 0.365625 0.02810546875 0.03794921875
0 0.98630859375 0.41576171875 0.02740234375 0.0365234375
0 0.98701171875 0.56794921875 0.02595703125 0.03580078125
0 0.98701171875 0.66892578125 0.02595703125 0.03580078125
0 0.9859375 0.72013671875 0.02810546875 0.03794921875
0 0.98666015625 0.7702734375 0.0266796875 0.042265625
0 0.98630859375 0.82076171875 0.02740234375 0.038671875
0 0.98630859375 0.87017578125 0.02740234375 0.038671875
0 0.9859375 0.9217578125 0.02810546875 0.038671875
0 0.9855859375 0.9733203125 0.028828125 0.03724609375