0 0.0369140625 0.24287109375 0.07384765625 0.07810546875
0 0.24875 0.28490234375 0.08201171875 0.078046875
0 0.3907421875 0.44888671875 0.079296875 0.07728515625
0 0.53126953125 0.36693359375 0.07548828125 0.07376953125
0 0.3877734375 0.53033203125 0.07865234375 0.0718359375
0 0.175078125 0.651640625 0.0792578125 0.0777734375
0 0.1030859375 0.93546875 0.07994140625 0.07474609375
0 0.3144921875 0.8125 0.07671875 0.07865234375
0 0.388203125 0.774296875 0.07423828125 0.075859375
0 0.45783203125 0.81529296875 0.07412109375 0.07107421875
0 0.388125 0.69369140625 0.07345703125 0.0728515625
0 0.5996484375 0.49064453125 0.07208984375 0.07017578125
0 0.8830859375 0.49212890625 0.0722265625 0.06712890625
0 0.884609375 0.57416015625 0.07046875 0.06697265625
0 0.74171875 0.654609375 0.0729296875 0.0736328125
0 0.95328125 0.6966015625 0.0743359375 0.07298828125
0 0.95296875 0.778515625 0.07228515625 0.07177734375
0 0.95046875 0.941953125 0.0729296875 0.07140625
0 0.81408203125 0.2879296875 0.07177734375 0.07099609375
0 0.88654296875 0.01966796875 0.07626953125 0.0393359375
1 0.0371875 0.0169140625 0.07015625 0.033828125
1 0.03822265625 0.080859375 0.07119140625 0.070078125
1 0.10943359375 0.04044921875 0.07033203125 0.06826171875
1 0.1786328125 0.01681640625 0.0728515625 0.03365234375
1 0.17853515625 0.08123046875 0.07263671875 0.0708203125
1 0.108671875 0.1221875 0.068828125 0.0684375
1 0.0380078125 0.16171875 0.06970703125 0.0695703125
1 0.10822265625 0.20392578125 0.07001953125 0.0665234375
1 0.10779296875 0.28521484375 0.07044921875 0.06703125
1 0.0373046875 0.3255078125 0.070390625 0.0684375
1 0.03798828125 0.4072265625 0.07173828125 0.0696484375
1 0.0364453125 0.48841796875 0.0697265625 0.070859375
1 0.03556640625 0.56953125 0.0669140625 0.0696484375
1 0.035234375 0.6510546875 0.06943359375 0.06853515625
1 0.0354296875 0.732578125 0.070859375 0.0693359375
1 0.03541015625 0.81357421875 0.06763671875 0.07015625
1 0.0351171875 0.89548828125 0.0691796875 0.06751953125
1 0.03416015625 0.97142578125 0.06833984375 0.05716796875
1 0.1030078125 0.991953125 0.05853515625 0.01607421875
1 0.17498046875 0.97248046875 0.0687109375 0.05505859375
1 0.1049609375 0.85462890625 0.06875 0.06798828125
1 0.25017578125 0.042109375 0.0683203125 0.06744140625
1 0.249375 0.12330078125 0.07138671875 0.066484375
1 0.17888671875 0.1630859375 0.0712890625 0.0695703125
1 0.1779296875 0.24443359375 0.06845703125 0.06802734375
1 0.1755859375 0.3248046875 0.07029296875 0.06826171875
1 0.1076171875 0.36611328125 0.070625 0.070625
1 0.10662109375 0.4481640625 0.07046875 0.0695703125
1 0.1065625 0.528828125 0.07220703125 0.06947265625
1 0.10529296875 0.6111328125 0.0678125 0.06796875
1 0.105703125 0.692265625 0.0723828125 0.068828125
1 0.10474609375 0.77443359375 0.07138671875 0.06984375
1 0.1746875 0.89671875 0.07224609375 0.06994140625
1 0.24357421875 0.9922265625 0.058828125 0.015546875
1 0.250859375 0.20408203125 0.07060546875 0.068515625
1 0.24876953125 0.36732421875 0.07294921875 0.071171875
1 0.17814453125 0.407109375 0.07259765625 0.07236328125
1 0.17568359375 0.48853515625 0.0695703125 0.06818359375
1 0.17646484375 0.568203125 0.07017578125 0.06701171875
1 0.247734375 0.5299609375 0.0690234375 0.06892578125
1 0.2473828125 0.6119140625 0.07017578125 0.06765625
1 0.24646484375 0.69275390625 0.0692578125 0.06884765625
1 0.1761328125 0.73263671875 0.07046875 0.06837890625
1 0.1759375 0.81439453125 0.07099609375 0.06671875
1 0.2466015625 0.774140625 0.07048828125 0.06740234375
1 0.24568359375 0.85650390625 0.07146484375 0.0706640625
1 0.24576171875 0.9382421875 0.06974609375 0.068984375
1 0.31568359375 0.97216796875 0.06869140625 0.0556640625
1 0.31591796875 0.89744140625 0.071015625 0.0685546875
1 0.3165625 0.73412109375 0.0713671875 0.0676171875
1 0.3172265625 0.6519921875 0.0726953125 0.06853515625
1 0.3184765625 0.5708984375 0.072421875 0.070546875
1 0.31837890625 0.48953125 0.075 0.07205078125
1 0.2476171875 0.44869140625 0.07251953125 0.06966796875
1 0.3194140625 0.40859375 0.07146484375 0.068828125
1 0.31927734375 0.3265234375 0.0721484375 0.07078125
1 0.3210546875 0.2459375 0.0710546875 0.0682421875
1 0.3199609375 0.16474609375 0.07072265625 0.06916015625
1 0.321328125 0.08275390625 0.07251953125 0.0684375
1 0.3201953125 0.01724609375 0.0748828125 0.03447265625
1 0.4617578125 0.01845703125 0.0715625 0.03689453125
1 0.391171875 0.04142578125 0.07126953125 0.068828125
1 0.39146484375 0.12345703125 0.0709375 0.070546875
1 0.3901953125 0.20501953125 0.07123046875 0.06849609375
1 0.390078125 0.2855859375 0.0719140625 0.06822265625
1 0.38873046875 0.36857421875 0.07107421875 0.06712890625
1 0.4609375 0.4095703125 0.06900390625 0.06794921875
1 0.4608203125 0.32724609375 0.070625 0.06939453125
1 0.46185546875 0.24658203125 0.06896484375 0.06578125
1 0.462421875 0.16412109375 0.069140625 0.068828125
1 0.4622265625 0.08193359375 0.06904296875 0.06662109375
1 0.5327734375 0.04306640625 0.0689453125 0.0683984375
1 0.604453125 0.01810546875 0.07232421875 0.0362109375
1 0.6038671875 0.0837890625 0.07212890625 0.06775390625
1 0.5331640625 0.12375 0.0706640625 0.066484375
1 0.53189453125 0.20587890625 0.07 0.06744140625
1 0.53146484375 0.28736328125 0.07099609375 0.06708984375
1 0.60298828125 0.24763671875 0.07126953125 0.06791015625
1 0.602890625 0.32896484375 0.07109375 0.06912109375
1 0.6006640625 0.41060546875 0.07220703125 0.06818359375
1 0.53080078125 0.4496484375 0.0715625 0.067890625
1 0.4596875 0.49033203125 0.07021484375 0.068984375
1 0.45826171875 0.57189453125 0.07298828125 0.0697265625
1 0.52943359375 0.531640625 0.07345703125 0.06947265625
1 0.38876953125 0.61162109375 0.071171875 0.07080078125
1 0.4594140625 0.73513671875 0.0725 0.0687109375
1 0.387890625 0.85716796875 0.07033203125 0.06921875
1 0.38650390625 0.938203125 0.07037109375 0.06796875
1 0.38654296875 0.99236328125 0.05923828125 0.01529296875
1 0.45794921875 0.97287109375 0.06953125 0.0542578125
1 0.45791015625 0.89798828125 0.06947265625 0.06966796875
1 0.5283984375 0.85818359375 0.07234375 0.0675
1 0.52818359375 0.938671875 0.07099609375 0.06705078125
1 0.5269140625 0.99298828125 0.05908203125 0.01400390625
1 0.59798828125 0.97333984375 0.07060546875 0.05333984375
1 0.6001953125 0.90013671875 0.06849609375 0.06650390625
1 0.59884765625 0.817578125 0.06953125 0.0675
1 0.5281640625 0.7765234375 0.07185546875 0.06935546875
1 0.45919921875 0.65333984375 0.07111328125 0.0683984375
1 0.530703125 0.61353515625 0.06853515625 0.06716796875
1 0.52818359375 0.69357421875 0.07095703125 0.0695703125
1 0.60025390625 0.6534375 0.07048828125 0.06671875
1 0.60056640625 0.7358203125 0.07015625 0.070078125
1 0.60146484375 0.572734375 0.0682421875 0.06955078125
1 0.67173828125 0.5325 0.06787109375 0.06763671875
1 0.67216796875 0.4512109375 0.07248046875 0.06634765625
1 0.67220703125 0.3707421875 0.06880859375 0.06775390625
1 0.672109375 0.28802734375 0.06861328125 0.0684375
1 0.67388671875 0.20740234375 0.06939453125 0.07044921875
1 0.601953125 0.1644140625 0.07107421875 0.0703515625
1 0.67404296875 0.12435546875 0.07154296875 0.0695703125
1 0.67474609375 0.04322265625 0.07296875 0.06873046875
1 0.74591796875 0.018046875 0.0725390625 0.03611328125
1 0.7450390625 0.08443359375 0.07171875 0.0671484375
1 0.816015625 0.0426953125 0.06994140625 0.06673828125
1 0.81642578125 0.12671875 0.06984375 0.069609375
1 0.7437109375 0.16576171875 0.0690625 0.0674609375
1 0.74349609375 0.24828125 0.06955078125 0.06732421875
1 0.81421875 0.207421875 0.071015625 0.0676953125
1 0.885859375 0.16693359375 0.06873046875 0.06603515625
1 0.885234375 0.0841796875 0.07123046875 0.068515625
1 0.95703125 0.044296875 0.0701953125 0.06806640625
1 0.9571484375 0.1265234375 0.0694921875 0.06734375
1 0.95640625 0.20775390625 0.0689453125 0.0665234375
1 0.88484375 0.2484765625 0.07044921875 0.06771484375
1 0.884375 0.33 0.07044921875 0.0693359375
1 0.95529296875 0.2902734375 0.0676171875 0.06826171875
1 0.95458984375 0.3708984375 0.0690234375 0.0680859375
1 0.88451171875 0.41103515625 0.068828125 0.06810546875
1 0.8142578125 0.37009765625 0.0701953125 0.06833984375
1 0.7437890625 0.3288671875 0.06998046875 0.06892578125
1 0.74341796875 0.410390625 0.0703125 0.06869140625
1 0.74173828125 0.49228515625 0.071640625 0.0673046875
1 0.7419140625 0.5733203125 0.0710546875 0.0679296875
1 0.6704296875 0.61392578125 0.069921875 0.06888671875
1 0.6708984375 0.69505859375 0.06994140625 0.0694140625
1 0.67013671875 0.77697265625 0.0693359375 0.06560546875
1 0.66900390625 0.85826171875 0.0698828125 0.06673828125
1 0.6694921875 0.94078125 0.06990234375 0.06845703125
1 0.74064453125 0.97404296875 0.06978515625 0.05193359375
1 0.66748046875 0.9929296875 0.05654296875 0.014140625
1 0.74033203125 0.90025390625 0.071640625 0.0658203125
1 0.88125 0.9744921875 0.068828125 0.05099609375
1 0.80953125 0.9933984375 0.0551171875 0.013203125
1 0.8115234375 0.94068359375 0.06845703125 0.06642578125
1 0.810546875 0.85947265625 0.07208984375 0.0682421875
1 0.8815625 0.90033203125 0.0705078125 0.06689453125
1 0.9526171875 0.86052734375 0.067890625 0.0675390625
1 0.88240234375 0.818046875 0.07208984375 0.06654296875
1 0.7423046875 0.81861328125 0.07091796875 0.0676953125
1 0.740703125 0.7371875 0.06771484375 0.068125
1 0.81142578125 0.695546875 0.06826171875 0.06603515625
1 0.811796875 0.77861328125 0.069921875 0.0679296875
1 0.8822265625 0.73728515625 0.0698828125 0.0664453125
1 0.88216796875 0.65615234375 0.07255859375 0.06751953125
1 0.95431640625 0.61572265625 0.07033203125 0.06875
1 0.95333984375 0.53412109375 0.07025390625 0.06884765625
1 0.95521484375 0.4526171875 0.06935546875 0.067265625
1 0.8134765625 0.45091796875 0.0676953125 0.06853515625
1 0.81333984375 0.53375 0.07302734375 0.0699609375
1 0.81353515625 0.6142578125 0.07248046875 0.0658203125