1 0.00361328125 0.03724609375 0.0072265625 0.03689453125
1 0.07162109375 0.24125 0.0405078125 0.04123046875
1 0.11609375 0.26728515625 0.04267578125 0.03978515625
1 0.02603515625 0.46837890625 0.0405078125 0.03978515625
1 0.02423828125 0.72083984375 0.03978515625 0.04267578125
1 0.02314453125 0.92412109375 0.0405078125 0.04123046875
1 0.4242578125 0.0054296875 0.03544921875 0.010859375
1 0.687578125 0.00578125 0.03833984375 0.0115625
1 0.98611328125 0.02025390625 0.0277734375 0.0390625
1 0.95015625 0.0433984375 0.04123046875 0.0405078125
1 0.86119140625 0.14431640625 0.04267578125 0.03978515625
1 0.686484375 0.0933203125 0.0390625 0.0405078125
1 0.4673046875 0.06546875 0.041953125 0.03978515625
1 0.7298828125 0.16927734375 0.041953125 0.0405078125
1 0.59787109375 0.1938671875 0.04267578125 0.0390625
1 0.37796875 0.26765625 0.04123046875 0.0390625
1 0.68541015625 0.3461328125 0.04123046875 0.03978515625
1 0.64126953125 0.37037109375 0.04123046875 0.0405078125
1 0.640546875 0.4213671875 0.04267578125 0.04123046875
1 0.29080078125 0.3179296875 0.041953125 0.04123046875
1 0.20291015625 0.36748046875 0.03978515625 0.0405078125
1 0.15806640625 0.3931640625 0.03978515625 0.04123046875
1 0.1146484375 0.4184765625 0.04123046875 0.04123046875
1 0.20146484375 0.41955078125 0.04267578125 0.0405078125
1 0.288984375 0.4701953125 0.04123046875 0.0405078125
1 0.42029296875 0.49732421875 0.041953125 0.03833984375
1 0.50818359375 0.4966015625 0.04267578125 0.04123046875
1 0.6401953125 0.5230078125 0.0405078125 0.0390625
1 0.81453125 0.5248046875 0.0433984375 0.04123046875
1 0.859375 0.549765625 0.0405078125 0.0405078125
1 0.946171875 0.60076171875 0.0433984375 0.04123046875
1 0.94544921875 0.6503125 0.0405078125 0.0433984375
1 0.77076171875 0.6503125 0.04123046875 0.0405078125
1 0.6821484375 0.70130859375 0.041953125 0.03978515625
1 0.6821484375 0.75267578125 0.041953125 0.04123046875
1 0.59498046875 0.7505078125 0.04123046875 0.04123046875
1 0.725546875 0.8275390625 0.0390625 0.0390625
1 0.856484375 0.8539453125 0.0433984375 0.04267578125
1 0.94328125 0.9544921875 0.041953125 0.04123046875
1 0.89916015625 0.98068359375 0.041953125 0.0386328125
1 0.7689453125 0.90314453125 0.0390625 0.03978515625
1 0.811640625 0.9791015625 0.0405078125 0.04123046875
1 0.7675 0.99154296875 0.0376171875 0.0169140625
1 0.54904296875 0.927734375 0.0405078125 0.03978515625
1 0.20001953125 0.57146484375 0.04123046875 0.0390625
1 0.15587890625 0.59533203125 0.04267578125 0.0405078125
1 0.24376953125 0.6470703125 0.0405078125 0.03833984375
1 0.1117578125 0.62138671875 0.04123046875 0.0405078125
1 0.15587890625 0.6976953125 0.03978515625 0.04123046875
1 0.46369140625 0.5736328125 0.0405078125 0.041953125
1 0.5092578125 0.59931640625 0.041953125 0.04123046875
1 0.19857421875 0.874921875 0.04123046875 0.04123046875
0 0.0055859375 0.0871484375 0.011171875 0.0327734375
0 0.003359375 0.14041015625 0.00669921875 0.030546875
0 0.003359375 0.1895703125 0.00669921875 0.0245703125
0 0.0022265625 0.2420703125 0.00447265625 0.02830078125
0 0.02978515625 0.0175 0.043203125 0.035
0 0.02904296875 0.06443359375 0.04021484375 0.03947265625
0 0.03017578125 0.11322265625 0.04095703125 0.04171875
0 0.0279296875 0.164609375 0.04095703125 0.04021484375
0 0.0279296875 0.2148828125 0.04095703125 0.03947265625
0 0.0279296875 0.26666015625 0.04095703125 0.043203125
0 0.0279296875 0.31619140625 0.03947265625 0.03947265625
0 0.02755859375 0.36869140625 0.04021484375 0.043203125
0 0.02818359375 0.41658203125 0.04185546875 0.04427734375
0 0.02576171875 0.51880859375 0.04185546875 0.04587890625
0 0.0265625 0.56912109375 0.04025390625 0.045078125
0 0.02576171875 0.6210546875 0.04025390625 0.04265625
0 0.0265625 0.6713671875 0.04025390625 0.04185546875
1 0.15455078125 0.9494921875 0.04025390625 0.04265625
1 0.6395703125 0.574765625 0.0410546875 0.04025390625
0 0.0253515625 0.77158203125 0.04427734375 0.039453125
0 0.024140625 0.82310546875 0.0386328125 0.039453125
0 0.02375 0.8730078125 0.0410546875 0.0410546875
0 0.02333984375 0.97404296875 0.04185546875 0.03703125
0 0.068828125 0.99064453125 0.04265625 0.0187109375
0 0.06640625 0.95109375 0.0410546875 0.0410546875
0 0.06681640625 0.900390625 0.04185546875 0.04265625
0 0.0676171875 0.84927734375 0.04025390625 0.0386328125
0 0.06841796875 0.799765625 0.04025390625 0.039453125
0 0.068828125 0.74783203125 0.0410546875 0.04185546875
0 0.06802734375 0.6979296875 0.039453125 0.0434765625
0 0.06841796875 0.6476171875 0.03703125 0.03783203125
0 0.06841796875 0.59810546875 0.04025390625 0.04185546875
0 0.0700390625 0.54578125 0.04185546875 0.04185546875
0 0.0700390625 0.4942578125 0.04025390625 0.0386328125
0 0.06923828125 0.44515625 0.04025390625 0.0434765625
0 0.071640625 0.39404296875 0.04025390625 0.0410546875
0 0.07205078125 0.34091796875 0.0410546875 0.03783203125
0 0.071640625 0.2926171875 0.0386328125 0.04427734375
0 0.07244140625 0.190390625 0.04025390625 0.0410546875
0 0.07326171875 0.1416796875 0.0386328125 0.0386328125
0 0.0728515625 0.0885546875 0.0410546875 0.0386328125
0 0.07365234375 0.039453125 0.03783203125 0.03541015625
0 0.07365234375 0.00564453125 0.03138671875 0.01126953125
0 0.11833984375 0.01810546875 0.04185546875 0.03623046875
0 0.116328125 0.06560546875 0.0410546875 0.0410546875
0 0.11671875 0.11310546875 0.04025390625 0.039453125
0 0.11591796875 0.16421875 0.0386328125 0.04025390625
0 0.11591796875 0.21533203125 0.04025390625 0.04265625
0 0.11431640625 0.31595703125 0.04025390625 0.039453125
0 0.1151171875 0.36748046875 0.04025390625 0.039453125
0 0.11431640625 0.46931640625 0.0386328125 0.0386328125
0 0.11349609375 0.51962890625 0.04025390625 0.0410546875
0 0.11349609375 0.56994140625 0.0386328125 0.03703125
0 0.11310546875 0.672578125 0.0410546875 0.0410546875
0 0.111484375 0.7220703125 0.0410546875 0.04025390625
0 0.1126953125 0.773203125 0.0434765625 0.0410546875
0 0.111484375 0.82470703125 0.039453125 0.039453125
0 0.11189453125 0.87421875 0.04185546875 0.04185546875
0 0.1126953125 0.92494140625 0.045078125 0.04185546875
0 0.11029296875 0.974453125 0.04025390625 0.03783203125
0 0.15537109375 0.9910546875 0.0434765625 0.017890625
0 0.15455078125 0.89998046875 0.0386328125 0.03703125
0 0.1549609375 0.8512890625 0.039453125 0.0410546875
0 0.15537109375 0.799765625 0.04025390625 0.039453125
0 0.1565625 0.74865234375 0.0410546875 0.04185546875
0 0.1577734375 0.646015625 0.04025390625 0.0410546875
0 0.1577734375 0.545390625 0.04025390625 0.0410546875
0 0.1565625 0.49587890625 0.0410546875 0.04185546875
0 0.1573828125 0.444765625 0.0410546875 0.0410546875
0 0.158984375 0.34373046875 0.04265625 0.04025390625
0 0.158984375 0.293828125 0.0410546875 0.0434765625
0 0.158984375 0.24271484375 0.0410546875 0.04265625
0 0.16060546875 0.193203125 0.0410546875 0.04185546875
0 0.15978515625 0.14046875 0.039453125 0.0410546875
0 0.16140625 0.0889453125 0.03783203125 0.03623046875
0 0.16099609375 0.04064453125 0.04025390625 0.0410546875
0 0.16140625 0.005234375 0.03138671875 0.01046875
0 0.20486328125 0.0173046875 0.03783203125 0.034609375
0 0.20447265625 0.0651953125 0.04025390625 0.04025390625
0 0.20486328125 0.11470703125 0.04265625 0.039453125
0 0.203671875 0.166640625 0.04185546875 0.04025390625
0 0.2040625 0.21654296875 0.04587890625 0.04185546875
0 0.20326171875 0.267265625 0.0410546875 0.04025390625
0 0.2028515625 0.317578125 0.045078125 0.04265625
0 0.20166015625 0.46810546875 0.0410546875 0.039453125
0 0.20205078125 0.5204296875 0.0386328125 0.04265625
0 0.20166015625 0.6214453125 0.04265625 0.04025390625
0 0.20125 0.672578125 0.0434765625 0.04265625
0 0.2000390625 0.72408203125 0.0410546875 0.04265625
0 0.19923828125 0.77359375 0.039453125 0.04185546875
0 0.2000390625 0.8226953125 0.04265625 0.0434765625
0 0.2000390625 0.92171875 0.0410546875 0.04025390625
0 0.19802734375 0.97404296875 0.04025390625 0.03703125
0 0.24310546875 0.9914453125 0.0434765625 0.017109375
0 0.24310546875 0.95271484375 0.04185546875 0.039453125
0 0.24390625 0.89998046875 0.0434765625 0.0386328125
0 0.2447265625 0.84966796875 0.04025390625 0.04265625
0 0.24431640625 0.79935546875 0.04265625 0.04185546875
0 0.24431640625 0.75025390625 0.0410546875 0.04025390625
0 0.24390625 0.69873046875 0.04185546875 0.04025390625
0 0.24431640625 0.59609375 0.0410546875 0.039453125
0 0.24552734375 0.54578125 0.04185546875 0.04185546875
0 0.24552734375 0.49626953125 0.04025390625 0.04265625
0 0.2451171875 0.44556640625 0.0410546875 0.039453125
0 0.246328125 0.3960546875 0.0386328125 0.0434765625
0 0.24712890625 0.3433203125 0.04185546875 0.039453125
0 0.24712890625 0.29341796875 0.04185546875 0.04265625
0 0.24712890625 0.24150390625 0.0434765625 0.04185546875
0 0.2479296875 0.1919921875 0.04025390625 0.04265625
0 0.2479296875 0.14208984375 0.04025390625 0.04265625
0 0.249140625 0.09015625 0.0410546875 0.04025390625
0 0.2479296875 0.0410546875 0.04025390625 0.0386328125
0 0.2503515625 0.00482421875 0.03380859375 0.00966796875
0 0.2926171875 0.01810546875 0.0410546875 0.03623046875
0 0.29220703125 0.06439453125 0.04185546875 0.04185546875
0 0.293828125 0.11431640625 0.04185546875 0.04025390625
0 0.29060546875 0.16783203125 0.04185546875 0.039453125
0 0.29140625 0.216953125 0.0434765625 0.0410546875
0 0.29060546875 0.26765625 0.04185546875 0.04265625
0 0.2901953125 0.36908203125 0.04265625 0.0410546875
0 0.2901953125 0.41900390625 0.04265625 0.04265625
0 0.288984375 0.52083984375 0.0434765625 0.04025390625
0 0.2898046875 0.57234375 0.0434765625 0.0434765625
0 0.28779296875 0.6234765625 0.0410546875 0.04265625
0 0.28939453125 0.67216796875 0.04265625 0.04185546875
0 0.2873828125 0.7244921875 0.04185546875 0.04185546875
0 0.28818359375 0.77279296875 0.04185546875 0.0386328125
0 0.28697265625 0.82431640625 0.0410546875 0.0434765625
0 0.28859375 0.87623046875 0.04265625 0.04265625
0 0.28578125 0.92373046875 0.04025390625 0.039453125
0 0.28697265625 0.97404296875 0.0410546875 0.04025390625
0 0.33166015625 0.99064453125 0.04025390625 0.0187109375
0 0.3300390625 0.953515625 0.04025390625 0.03783203125
0 0.33166015625 0.90279296875 0.0434765625 0.04587890625
0 0.33205078125 0.8488671875 0.039453125 0.039453125
0 0.33125 0.8009765625 0.0410546875 0.04025390625
0 0.33166015625 0.7510546875 0.04185546875 0.0434765625
0 0.3324609375 0.6979296875 0.04185546875 0.0386328125
0 0.3324609375 0.648828125 0.04185546875 0.04185546875
0 0.3324609375 0.59810546875 0.04025390625 0.04025390625
0 0.33287109375 0.54900390625 0.039453125 0.04025390625
0 0.3340625 0.49708984375 0.04185546875 0.04265625
0 0.33447265625 0.444765625 0.04265625 0.039453125
0 0.3348828125 0.3960546875 0.0434765625 0.0386328125
0 0.3340625 0.344140625 0.04185546875 0.0410546875
0 0.33447265625 0.29462890625 0.04265625 0.04185546875
0 0.3340625 0.24310546875 0.04025390625 0.04025390625
0 0.3352734375 0.19240234375 0.04265625 0.04185546875
0 0.336484375 0.1416796875 0.04025390625 0.04185546875
0 0.33447265625 0.092578125 0.04265625 0.04185546875
0 0.33609375 0.04064453125 0.04427734375 0.04265625
0 0.3352734375 0.00564453125 0.0330078125 0.01126953125
0 0.3803515625 0.018515625 0.04265625 0.03703125
0 0.37955078125 0.06560546875 0.04265625 0.04265625
0 0.3803515625 0.11751953125 0.0410546875 0.0386328125
0 0.3803515625 0.16623046875 0.04265625 0.039453125
0 0.37955078125 0.2185546875 0.0410546875 0.039453125
0 0.37833984375 0.31958984375 0.04185546875 0.04185546875
0 0.37794921875 0.3694921875 0.039453125 0.0386328125
0 0.37875 0.42140625 0.04265625 0.039453125
0 0.3775390625 0.4701171875 0.03703125 0.04025390625
0 0.3775390625 0.521640625 0.0386328125 0.04025390625
0 0.3771484375 0.5735546875 0.039453125 0.0410546875
0 0.376328125 0.62306640625 0.039453125 0.0386328125
0 0.3751171875 0.67458984375 0.04185546875 0.0434765625
0 0.37552734375 0.72490234375 0.04427734375 0.0410546875
0 0.3747265625 0.77560546875 0.0410546875 0.0410546875
0 0.3759375 0.82470703125 0.04185546875 0.04265625
0 0.3751171875 0.87583984375 0.04185546875 0.0386328125
0 0.37431640625 0.92654296875 0.04185546875 0.04025390625
0 0.37310546875 0.977265625 0.0410546875 0.03703125
0 0.4198046875 0.99185546875 0.039453125 0.0162890625
0 0.418203125 0.9523046875 0.039453125 0.04185546875
0 0.4173828125 0.90240234375 0.04265625 0.045078125
0 0.41939453125 0.8512890625 0.04185546875 0.039453125
0 0.41900390625 0.8009765625 0.04265625 0.04185546875
0 0.41859375 0.7510546875 0.04185546875 0.04185546875
0 0.4198046875 0.69994140625 0.0410546875 0.04265625
0 0.421015625 0.64921875 0.04025390625 0.0410546875
0 0.4198046875 0.59771484375 0.0410546875 0.0410546875
0 0.42060546875 0.548203125 0.0410546875 0.04185546875
0 0.42060546875 0.44677734375 0.04265625 0.0434765625
0 0.42302734375 0.39564453125 0.04265625 0.04265625
0 0.42181640625 0.34494140625 0.045078125 0.04265625
0 0.42181640625 0.2950390625 0.04185546875 0.03783203125
0 0.42302734375 0.243515625 0.04265625 0.04265625
0 0.423828125 0.1948046875 0.04265625 0.04185546875
0 0.42302734375 0.14248046875 0.04427734375 0.04185546875
0 0.42302734375 0.0913671875 0.0410546875 0.039453125
0 0.42462890625 0.04185546875 0.04265625 0.04025390625
0 0.46931640625 0.01931640625 0.04025390625 0.0386328125
0 0.46689453125 0.11833984375 0.04185546875 0.0434765625
0 0.46810546875 0.16703125 0.04265625 0.04265625
0 0.46689453125 0.22015625 0.04025390625 0.0410546875
0 0.466484375 0.26806640625 0.04265625 0.04185546875
0 0.46568359375 0.31958984375 0.0410546875 0.0434765625
0 0.466484375 0.37029296875 0.039453125 0.04025390625
0 0.46568359375 0.42140625 0.0410546875 0.0410546875
0 0.46568359375 0.4725390625 0.0410546875 0.04185546875
0 0.46529296875 0.521640625 0.04025390625 0.0386328125
0 0.46447265625 0.625078125 0.04025390625 0.039453125
0 0.46447265625 0.67376953125 0.0434765625 0.04185546875
0 0.46408203125 0.72490234375 0.04265625 0.04265625
0 0.4624609375 0.77640625 0.04265625 0.0410546875
0 0.4620703125 0.82833984375 0.04185546875 0.04185546875
0 0.46328125 0.87623046875 0.0410546875 0.04265625
0 0.46287109375 0.9257421875 0.0434765625 0.04185546875
0 0.46166015625 0.977265625 0.0410546875 0.04185546875
0 0.50673828125 0.99224609375 0.0410546875 0.01548828125
0 0.50634765625 0.953515625 0.04185546875 0.04265625
0 0.5059375 0.9048046875 0.0410546875 0.04185546875
0 0.5071484375 0.85330078125 0.04185546875 0.045078125
0 0.5075390625 0.802578125 0.04265625 0.04025390625
0 0.50634765625 0.75025390625 0.0434765625 0.04185546875
0 0.5075390625 0.69994140625 0.0410546875 0.0410546875
0 0.5071484375 0.64962890625 0.04025390625 0.04185546875
0 0.508359375 0.5494140625 0.04265625 0.04587890625
0 0.50875 0.4463671875 0.045078125 0.039453125
0 0.5095703125 0.39646484375 0.04185546875 0.0410546875
0 0.50916015625 0.34615234375 0.0410546875 0.04025390625
0 0.5095703125 0.2950390625 0.0434765625 0.04265625
0 0.51037109375 0.24552734375 0.0434765625 0.04185546875
0 0.5099609375 0.19521484375 0.0410546875 0.04265625
0 0.51076171875 0.14248046875 0.0410546875 0.04025390625
0 0.511171875 0.09216796875 0.04185546875 0.0410546875
0 0.51197265625 0.04185546875 0.04185546875 0.04185546875
0 0.5127734375 0.0068359375 0.03541015625 0.013671875
0 0.55666015625 0.01931640625 0.04265625 0.0386328125
0 0.55544921875 0.0676171875 0.04185546875 0.04185546875
0 0.5550390625 0.11873046875 0.04265625 0.04265625
0 0.553828125 0.16744140625 0.04185546875 0.04185546875
0 0.5546484375 0.2185546875 0.0434765625 0.0410546875
0 0.5550390625 0.2712890625 0.0410546875 0.04185546875
0 0.5550390625 0.31998046875 0.04265625 0.04265625
0 0.55423828125 0.37029296875 0.039453125 0.0434765625
0 0.55423828125 0.42181640625 0.04265625 0.04185546875
0 0.5534375 0.47373046875 0.0410546875 0.04265625
0 0.55263671875 0.5232421875 0.039453125 0.0434765625
0 0.55302734375 0.574765625 0.04185546875 0.04185546875
0 0.55263671875 0.62306640625 0.0410546875 0.04185546875
0 0.551015625 0.67498046875 0.039453125 0.04427734375
0 0.5522265625 0.725703125 0.04185546875 0.0410546875
0 0.550625 0.7748046875 0.04025390625 0.0410546875
0 0.5498046875 0.82591796875 0.04025390625 0.04185546875
0 0.550625 0.87703125 0.04185546875 0.0410546875
0 0.5494140625 0.97646484375 0.039453125 0.04025390625
0 0.59408203125 0.99265625 0.03703125 0.0146875
0 0.59287109375 0.9551171875 0.0410546875 0.0410546875
0 0.59408203125 0.90400390625 0.04185546875 0.04025390625
0 0.59248046875 0.852890625 0.04185546875 0.0410546875
0 0.5944921875 0.80056640625 0.04265625 0.039453125
0 0.5948828125 0.69873046875 0.04025390625 0.0386328125
0 0.59529296875 0.6504296875 0.0410546875 0.04185546875
0 0.59650390625 0.60052734375 0.04185546875 0.04185546875
0 0.59771484375 0.5494140625 0.039453125 0.039453125
0 0.59609375 0.4991015625 0.04265625 0.0434765625
0 0.59689453125 0.44716796875 0.0410546875 0.04427734375
0 0.59609375 0.39685546875 0.0410546875 0.04025390625
0 0.59771484375 0.34615234375 0.0410546875 0.04185546875
0 0.59771484375 0.2954296875 0.04265625 0.0434765625
0 0.59771484375 0.243515625 0.039453125 0.039453125
0 0.598515625 0.14369140625 0.0410546875 0.0410546875
0 0.5997265625 0.092578125 0.0386328125 0.04025390625
0 0.5997265625 0.0434765625 0.0386328125 0.04025390625
0 0.5997265625 0.0064453125 0.03380859375 0.01287109375
0 0.64318359375 0.01771484375 0.04025390625 0.03541015625
0 0.64279296875 0.06681640625 0.039453125 0.0386328125
0 0.64197265625 0.11873046875 0.0410546875 0.0410546875
0 0.641171875 0.16703125 0.04265625 0.039453125
0 0.64197265625 0.21814453125 0.0410546875 0.04185546875
0 0.64318359375 0.26966796875 0.04185546875 0.04185546875
0 0.641171875 0.31998046875 0.0410546875 0.0410546875
0 0.64078125 0.4729296875 0.04025390625 0.039453125
0 0.63916015625 0.6238671875 0.04025390625 0.0386328125
0 0.63876953125 0.6741796875 0.04265625 0.04265625
0 0.638359375 0.72490234375 0.04025390625 0.04265625
0 0.63755859375 0.7748046875 0.04025390625 0.04265625
0 0.638359375 0.82712890625 0.04025390625 0.039453125
0 0.63794921875 0.8778515625 0.0410546875 0.0410546875
0 0.6367578125 0.92734375 0.04025390625 0.04025390625
0 0.63755859375 0.97685546875 0.04025390625 0.039453125
0 0.6822265625 0.99185546875 0.039453125 0.0162890625
0 0.68021484375 0.9547265625 0.04025390625 0.0434765625
0 0.68142578125 0.903203125 0.0410546875 0.04185546875
0 0.68142578125 0.85248046875 0.039453125 0.04025390625
0 0.6822265625 0.802578125 0.04265625 0.04025390625
0 0.68384765625 0.65083984375 0.0410546875 0.039453125
0 0.68384765625 0.60052734375 0.039453125 0.04185546875
0 0.68302734375 0.5498046875 0.0410546875 0.04185546875
0 0.68505859375 0.4991015625 0.04185546875 0.0386328125
0 0.68505859375 0.4491796875 0.0386328125 0.04185546875
0 0.68505859375 0.39685546875 0.04025390625 0.0434765625
0 0.68625 0.2950390625 0.04265625 0.04427734375
0 0.68505859375 0.2451171875 0.04185546875 0.039453125
0 0.68625 0.19642578125 0.04265625 0.04185546875
0 0.685859375 0.1444921875 0.04185546875 0.0410546875
0 0.68625 0.04427734375 0.0410546875 0.0386328125
0 0.73052734375 0.0197265625 0.04265625 0.039453125
0 0.73052734375 0.06841796875 0.04587890625 0.04025390625
0 0.73052734375 0.11751953125 0.0410546875 0.04025390625
0 0.73052734375 0.21814453125 0.04587890625 0.04185546875
0 0.72931640625 0.2716796875 0.04185546875 0.0410546875
0 0.7297265625 0.32119140625 0.04265625 0.04185546875
0 0.72892578125 0.370703125 0.0410546875 0.039453125
0 0.728515625 0.42140625 0.04185546875 0.04265625
0 0.728125 0.47333984375 0.0410546875 0.0386328125
0 0.728125 0.524453125 0.0410546875 0.04265625
0 0.728515625 0.57556640625 0.04025390625 0.04025390625
0 0.7269140625 0.62548828125 0.04185546875 0.0386328125
0 0.72650390625 0.6766015625 0.04427734375 0.039453125
0 0.72650390625 0.72650390625 0.039453125 0.04265625
0 0.72650390625 0.7776171875 0.0410546875 0.0386328125
0 0.72490234375 0.87623046875 0.039453125 0.03783203125
0 0.72529296875 0.92896484375 0.04025390625 0.0386328125
0 0.72490234375 0.97896484375 0.0410546875 0.03884765625
0 0.76755859375 0.956328125 0.0410546875 0.04185546875
0 0.76796875 0.855703125 0.04025390625 0.04185546875
0 0.7691796875 0.802578125 0.04265625 0.0386328125
0 0.76876953125 0.75146484375 0.0434765625 0.0410546875
0 0.77078125 0.701953125 0.039453125 0.04025390625
0 0.77158203125 0.6001171875 0.039453125 0.0410546875
0 0.77158203125 0.55181640625 0.0410546875 0.0410546875
0 0.7723828125 0.4994921875 0.0410546875 0.039453125
0 0.7723828125 0.4487890625 0.04427734375 0.04427734375
0 0.77158203125 0.39767578125 0.04265625 0.0386328125
0 0.773203125 0.34775390625 0.04427734375 0.0434765625
0 0.77158203125 0.2978515625 0.039453125 0.04185546875
0 0.77400390625 0.24591796875 0.0410546875 0.0410546875
0 0.77521484375 0.1944140625 0.0386328125 0.0410546875
0 0.77521484375 0.14529296875 0.0434765625 0.0410546875
0 0.77359375 0.09216796875 0.04025390625 0.039453125
0 0.77400390625 0.0434765625 0.04427734375 0.04025390625
0 0.77400390625 0.00564453125 0.03623046875 0.01126953125
0 0.81908203125 0.01892578125 0.04265625 0.03783203125
0 0.8170703125 0.06802734375 0.04185546875 0.039453125
0 0.81828125 0.119140625 0.04265625 0.0386328125
0 0.81828125 0.17025390625 0.039453125 0.03783203125
0 0.8174609375 0.21935546875 0.0410546875 0.04265625
0 0.8170703125 0.270078125 0.04185546875 0.039453125
0 0.81666015625 0.32240234375 0.0410546875 0.039453125
0 0.81787109375 0.370703125 0.04185546875 0.04427734375
0 0.81505859375 0.4226171875 0.0410546875 0.04185546875
0 0.815859375 0.47333984375 0.04427734375 0.0386328125
0 0.81505859375 0.57556640625 0.04265625 0.0434765625
0 0.8134375 0.62587890625 0.04265625 0.039453125
0 0.81384765625 0.6769921875 0.0434765625 0.04025390625
0 0.8134375 0.72611328125 0.04265625 0.04025390625
0 0.8134375 0.776015625 0.0410546875 0.04185546875
0 0.813046875 0.8275390625 0.0434765625 0.04185546875
0 0.81142578125 0.8782421875 0.04185546875 0.04185546875
0 0.81263671875 0.92775390625 0.039453125 0.0410546875
0 0.85732421875 0.99265625 0.04025390625 0.0146875
0 0.85611328125 0.9559375 0.039453125 0.039453125
0 0.85650390625 0.90400390625 0.0386328125 0.0434765625
0 0.85732421875 0.80177734375 0.04185546875 0.04025390625
0 0.85732421875 0.75306640625 0.04185546875 0.04265625
0 0.8569140625 0.7031640625 0.039453125 0.04265625
0 0.85732421875 0.65244140625 0.04185546875 0.0410546875
0 0.8593359375 0.601328125 0.04427734375 0.0434765625
0 0.860546875 0.49828125 0.04185546875 0.04025390625
0 0.860546875 0.4491796875 0.045078125 0.04185546875
0 0.8593359375 0.3984765625 0.039453125 0.04025390625
0 0.86013671875 0.346953125 0.0410546875 0.04185546875
0 0.860546875 0.2978515625 0.04025390625 0.04185546875
0 0.8597265625 0.246328125 0.0434765625 0.04185546875
0 0.8609375 0.19681640625 0.0410546875 0.04265625
0 0.86294921875 0.09580078125 0.04025390625 0.0386328125
0 0.86255859375 0.04466796875 0.039453125 0.03783203125
0 0.8621484375 0.00724609375 0.0434765625 0.0144921875
0 0.906015625 0.01810546875 0.0410546875 0.03623046875
0 0.90642578125 0.06841796875 0.04185546875 0.04025390625
0 0.905625 0.11873046875 0.04185546875 0.04265625
0 0.905625 0.1710546875 0.04185546875 0.0410546875
0 0.90521484375 0.22177734375 0.04265625 0.04265625
0 0.9048046875 0.27248046875 0.04025390625 0.039453125
0 0.9044140625 0.32240234375 0.0410546875 0.039453125
0 0.9048046875 0.3719140625 0.04185546875 0.0386328125
0 0.9044140625 0.42302734375 0.0410546875 0.04265625
0 0.9044140625 0.471328125 0.039453125 0.03783203125
0 0.90361328125 0.52486328125 0.0410546875 0.0386328125
0 0.9044140625 0.5735546875 0.04265625 0.039453125
0 0.90240234375 0.62587890625 0.0386328125 0.04265625
0 0.9016015625 0.67740234375 0.04185546875 0.04265625
0 0.90078125 0.728125 0.04185546875 0.0410546875
0 0.90078125 0.7772265625 0.0386328125 0.0410546875
0 0.90240234375 0.82833984375 0.0386328125 0.04025390625
0 0.90119140625 0.8782421875 0.039453125 0.04025390625
0 0.900390625 0.929765625 0.039453125 0.04185546875
0 0.9442578125 0.99306640625 0.03703125 0.01388671875
0 0.9442578125 0.9044140625 0.04025390625 0.04265625
0 0.94505859375 0.85330078125 0.04185546875 0.04185546875
0 0.94505859375 0.802578125 0.04025390625 0.0434765625
0 0.94626953125 0.75185546875 0.0410546875 0.0434765625
0 0.945859375 0.70275390625 0.04185546875 0.04185546875
0 0.9466796875 0.551015625 0.04025390625 0.039453125
0 0.9466796875 0.500703125 0.04025390625 0.04185546875
0 0.94908203125 0.44958984375 0.04025390625 0.0410546875
0 0.94908203125 0.3988671875 0.04185546875 0.0410546875
0 0.94869140625 0.349375 0.0410546875 0.04025390625
0 0.94828125 0.2990625 0.0386328125 0.039453125
0 0.94908203125 0.2475390625 0.04185546875 0.04427734375
0 0.9498828125 0.196015625 0.04185546875 0.04427734375
0 0.9498828125 0.145703125 0.04185546875 0.04025390625
0 0.9498828125 0.09498046875 0.04025390625 0.04185546875
0 0.950703125 0.00724609375 0.03541015625 0.0144921875
0 0.987421875 0.0672265625 0.02515625 0.039453125
0 0.98662109375 0.11873046875 0.0267578125 0.039453125
0 0.98701171875 0.1710546875 0.02595703125 0.039453125
0 0.98541015625 0.22177734375 0.0291796875 0.039453125
0 0.98662109375 0.2716796875 0.0267578125 0.0410546875
0 0.9858203125 0.3216015625 0.028359375 0.0410546875
0 0.98541015625 0.37150390625 0.0291796875 0.039453125
0 0.98701171875 0.42423828125 0.02595703125 0.04025390625
0 0.985 0.474140625 0.02998046875 0.04025390625
0 0.98541015625 0.526875 0.0291796875 0.039453125
0 0.98541015625 0.6262890625 0.0291796875 0.045078125
0 0.98541015625 0.5759765625 0.0291796875 0.039453125
0 0.984609375 0.678203125 0.03078125 0.0410546875
0 0.985 0.7269140625 0.02998046875 0.04025390625
0 0.9833984375 0.7776171875 0.033203125 0.04185546875
0 0.98380859375 0.8279296875 0.03240234375 0.039453125
0 0.98380859375 0.87986328125 0.03240234375 0.0386328125
0 0.98298828125 0.93017578125 0.03400390625 0.04265625
0 0.98298828125 0.980078125 0.03400390625 0.039453125