0 0.96892578125 0.32646484375 0.06212890625 0.08484375
0 0.96939453125 0.523828125 0.06123046875 0.083984375
0 0.9703125 0.6233984375 0.059375 0.0871484375
0 0.72857421875 0.6740234375 0.085078125 0.08400390625
0 0.6426953125 0.625859375 0.0869140625 0.0866015625
0 0.55552734375 0.5770703125 0.08693359375 0.08607421875
0 0.555703125 0.47873046875 0.0836328125 0.083515625
0 0.7241015625 0.37794921875 0.08525390625 0.0815625
0 0.810703125 0.3286328125 0.08634765625 0.08478515625
0 0.8082421875 0.22953125 0.08689453125 0.08509765625
0 0.80705078125 0.131484375 0.08634765625 0.08498046875
0 0.63748046875 0.13267578125 0.0841796875 0.08552734375
0 0.46478515625 0.0389453125 0.0867578125 0.077890625
0 0.64177734375 0.7240625 0.08728515625 0.08517578125
0 0.64470703125 0.82384765625 0.0858203125 0.08328125
0 0.81546875 0.92013671875 0.0870703125 0.0825
0 0.64443359375 0.92123046875 0.0834375 0.0817578125
0 0.47458984375 0.9242578125 0.0828125 0.0811328125
0 0.39080078125 0.9655859375 0.08439453125 0.06880859375
0 0.21962890625 0.96599609375 0.08341796875 0.06798828125
0 0.04953125 0.87693359375 0.08576171875 0.08341796875
0 0.21890625 0.87623046875 0.08884765625 0.0840234375
0 0.2169921875 0.77740234375 0.08705078125 0.084921875
0 0.0466015625 0.68177734375 0.08595703125 0.0841796875
0 0.045390625 0.58154296875 0.08353515625 0.086328125
0 0.1311328125 0.63056640625 0.08462890625 0.0841796875
0 0.21619140625 0.58068359375 0.0854296875 0.085625
0 0.30044921875 0.53166015625 0.084609375 0.08697265625
0 0.21513671875 0.48224609375 0.08431640625 0.08330078125
0 0.3003515625 0.4330859375 0.08642578125 0.08576171875
0 0.38412109375 0.38248046875 0.0866015625 0.0853515625
0 0.12810546875 0.33515625 0.08666015625 0.08646484375
0 0.383515625 0.28462890625 0.08541015625 0.08421875
0 0.4676171875 0.23384765625 0.0873046875 0.0874609375
0 0.3823046875 0.18470703125 0.08701171875 0.08494140625
0 0.041171875 0.188359375 0.08232421875 0.083203125
0 0.2108984375 0.18650390625 0.08794921875 0.08451171875
1 0.37927734375 0.01544921875 0.0809765625 0.0308984375
1 0.04095703125 0.0168359375 0.08193359375 0.033671875
1 0.041171875 0.0900390625 0.08232421875 0.08712890625
1 0.29400390625 0.04060546875 0.08783203125 0.0812109375
0 0.20943359375 0.015625 0.07796875 0.03125
0 0.210546875 0.08818359375 0.08623046875 0.08443359375
1 0.12572265625 0.04060546875 0.08494140625 0.0812109375
1 0.38017578125 0.086015625 0.0848046875 0.083125
1 0.2970703125 0.13576171875 0.08490234375 0.08685546875
1 0.1262890625 0.1384765625 0.08705078125 0.08625
1 0.04337890625 0.28609375 0.0867578125 0.0861328125
1 0.12810546875 0.23626953125 0.08666015625 0.08423828125
1 0.2971875 0.23400390625 0.08712890625 0.08474609375
1 0.21255859375 0.28408203125 0.08623046875 0.0861328125
0 0.04404296875 0.385078125 0.08384765625 0.0865234375
1 0.2143359375 0.382578125 0.08673828125 0.08353515625
1 0.04443359375 0.48498046875 0.0846484375 0.0867578125
1 0.1301171875 0.5321484375 0.0826171875 0.08431640625
1 0.12951171875 0.43345703125 0.08544921875 0.0865234375
1 0.04806640625 0.7790625 0.08384765625 0.083203125
0 0.13369140625 0.72880859375 0.08271484375 0.08048828125
1 0.13232421875 0.82771484375 0.08302734375 0.082734375
1 0.04927734375 0.96650390625 0.08626953125 0.0669921875
1 0.1344921875 0.92564453125 0.088359375 0.08607421875
1 0.3055859375 0.92443359375 0.0848046875 0.08365234375
1 0.3896484375 0.8755859375 0.08359375 0.0837109375
1 0.3037890625 0.8265625 0.08521484375 0.0834375
1 0.21759765625 0.67892578125 0.08421875 0.08353515625
1 0.302421875 0.62904296875 0.0855078125 0.0866015625
1 0.302109375 0.72740234375 0.08693359375 0.08169921875
1 0.386328125 0.67779296875 0.08298828125 0.08427734375
0 0.473046875 0.72759765625 0.08087890625 0.082265625
1 0.3876953125 0.77666015625 0.08412109375 0.08357421875
1 0.47431640625 0.8256640625 0.0840234375 0.08318359375
1 0.56109375 0.965234375 0.0861328125 0.06951171875
1 0.55994140625 0.87390625 0.0846484375 0.08048828125
1 0.55806640625 0.77453125 0.0840234375 0.0808984375
1 0.5575390625 0.6771484375 0.0837890625 0.079765625
1 0.472734375 0.628515625 0.0833984375 0.08322265625
1 0.38615234375 0.57947265625 0.08341796875 0.08119140625
1 0.471015625 0.52927734375 0.0830859375 0.08078125
1 0.38544921875 0.4818359375 0.08357421875 0.0819140625
1 0.47078125 0.431484375 0.0841796875 0.08119140625
1 0.46923828125 0.332578125 0.0834765625 0.08330078125
1 0.55458984375 0.381015625 0.08337890625 0.0801953125
1 0.55310546875 0.2832421875 0.0844921875 0.0830078125
1 0.4664453125 0.13474609375 0.0833984375 0.08154296875
1 0.55234375 0.08556640625 0.0859765625 0.08283203125
1 0.6367578125 0.0386328125 0.08400390625 0.077265625
0 0.55140625 0.0145703125 0.08095703125 0.02912109375
1 0.55373046875 0.18357421875 0.08638671875 0.08205078125
1 0.63830078125 0.23197265625 0.08345703125 0.08029296875
1 0.6400390625 0.33111328125 0.08501953125 0.084296875
1 0.6401953125 0.4296484375 0.08533203125 0.08302734375
1 0.6421875 0.52802734375 0.0869921875 0.08521484375
1 0.47640625 0.9894921875 0.073828125 0.021015625
1 0.13525390625 0.99107421875 0.06654296875 0.0178515625
1 0.30576171875 0.99064453125 0.07005859375 0.0187109375
1 0.6453515625 0.98984375 0.06740234375 0.0203125
1 0.7314453125 0.96537109375 0.08544921875 0.06927734375
1 0.81740234375 0.98875 0.069375 0.0225
1 0.901796875 0.9641015625 0.083671875 0.07177734375
1 0.9748828125 0.9874609375 0.050234375 0.025078125
1 0.9709375 0.92060546875 0.058125 0.0817578125
1 0.90033203125 0.87134765625 0.08537109375 0.08130859375
1 0.971640625 0.8225390625 0.05671875 0.0843359375
1 0.9702734375 0.7223046875 0.05947265625 0.0853515625
1 0.9008984375 0.77283203125 0.0846484375 0.08259765625
1 0.89943359375 0.6744921875 0.08376953125 0.08052734375
1 0.7309375 0.8720703125 0.08458984375 0.081875
1 0.81404296875 0.7243359375 0.084375 0.083515625
1 0.8154296875 0.8223828125 0.08376953125 0.08419921875
1 0.72888671875 0.773984375 0.08654296875 0.0817578125
1 0.8124609375 0.6261328125 0.08591796875 0.0831640625
1 0.8991015625 0.5762890625 0.0840234375 0.08318359375
1 0.72638671875 0.57681640625 0.08560546875 0.08427734375
1 0.8115234375 0.526953125 0.08673828125 0.08423828125
1 0.72642578125 0.47845703125 0.0876953125 0.086953125
1 0.8115234375 0.42869140625 0.08673828125 0.08513671875
1 0.89806640625 0.4775390625 0.0852734375 0.083828125
1 0.969609375 0.427109375 0.06076171875 0.08759765625
1 0.895390625 0.377734375 0.0860546875 0.0822265625
1 0.89560546875 0.279453125 0.08439453125 0.08169921875
1 0.9683203125 0.22953125 0.063359375 0.081953125
1 0.89412109375 0.1824609375 0.08611328125 0.08322265625
1 0.96806640625 0.1310546875 0.0638671875 0.08517578125
1 0.89291015625 0.082578125 0.0860546875 0.08298828125
1 0.9679296875 0.03705078125 0.064140625 0.07408203125
1 0.8934765625 0.0126953125 0.0791015625 0.02537109375
1 0.7247265625 0.2809375 0.08451171875 0.0826171875
1 0.7228515625 0.18439453125 0.0846484375 0.08482421875
1 0.7231640625 0.08466796875 0.08658203125 0.08361328125
1 0.80693359375 0.0380859375 0.088125 0.076171875
0 0.72271484375 0.0134765625 0.0766015625 0.02693359375
1 0.29677734375 0.331640625 0.0848828125 0.08080078125