1 0.3009765625 0.0669140625 0.102421875 0.10390625
1 0.0869921875 0.1879296875 0.1021875 0.1026953125
1 0.5118359375 0.19109375 0.1024609375 0.1040625
1 0.40578125 0.25265625 0.0997265625 0.1015625
1 0.08328125 0.43359375 0.1007421875 0.0984765625
1 0.614375 0.3754296875 0.101171875 0.101796875
1 0.61578125 0.499140625 0.1009765625 0.1039453125
1 0.9311328125 0.8062890625 0.0998828125 0.1028125
1 0.50625 0.92625 0.1032421875 0.0997265625
0 0.831171875 0.0285546875 0.1020703125 0.057109375
0 0.6178515625 0.0289453125 0.1038671875 0.0579296875
0 0.404453125 0.0285546875 0.105859375 0.0571484375
0 0.19359375 0.0282421875 0.1034765625 0.0564453125
0 0.0873828125 0.0653515625 0.098046875 0.1000390625
0 0.1925 0.126953125 0.1012109375 0.099140625
0 0.192265625 0.25 0.10078125 0.1012109375
0 0.08625 0.3114453125 0.1009375 0.1039453125
0 0.192109375 0.373203125 0.0979296875 0.099609375
0 0.190390625 0.495 0.099609375 0.1029296875
0 0.0842578125 0.5550390625 0.09953125 0.1002734375
0 0.084609375 0.6785546875 0.10015625 0.101875
0 0.1903125 0.6177734375 0.0994140625 0.103046875
0 0.1893359375 0.7412109375 0.0975 0.0999609375
0 0.08375 0.8025390625 0.1010546875 0.0993359375
0 0.0829296875 0.9242578125 0.099375 0.0972265625
0 0.1891015625 0.8624609375 0.0969921875 0.0965625
0 0.18671875 0.9658984375 0.1024609375 0.0681640625
0 0.400390625 0.9678125 0.1003515625 0.0643359375
0 0.6121875 0.9697265625 0.09953125 0.0605078125
0 0.8246875 0.9684765625 0.102734375 0.0630859375
0 0.9311328125 0.92640625 0.098359375 0.099140625
0 0.7179296875 0.9273046875 0.1013671875 0.1008984375
0 0.824765625 0.866171875 0.100390625 0.1024609375
0 0.6124609375 0.865859375 0.0975 0.0987890625
0 0.400703125 0.8642578125 0.098359375 0.098828125
0 0.294921875 0.9251171875 0.0990234375 0.101640625
0 0.2959765625 0.8031640625 0.09859375 0.1005859375
0 0.5076953125 0.803203125 0.0976171875 0.100703125
0 0.4017578125 0.7415625 0.10046875 0.1026171875
0 0.2965625 0.6799609375 0.0997265625 0.1021484375
0 0.295859375 0.5566015625 0.098359375 0.1033984375
0 0.29703125 0.434453125 0.0980859375 0.1019921875
0 0.297265625 0.3126953125 0.0985546875 0.101328125
0 0.2991796875 0.1889453125 0.0998046875 0.101796875
0 0.4059375 0.1296484375 0.101171875 0.1008203125
0 0.51171875 0.0696875 0.100546875 0.100546875
0 0.7246875 0.069765625 0.09703125 0.0986328125
0 0.9358203125 0.0684765625 0.1 0.1011328125
0 0.61875 0.130078125 0.09984375 0.1016796875
0 0.8289453125 0.1305859375 0.101015625 0.1
0 0.9354296875 0.1914453125 0.101796875 0.099140625
0 0.6175390625 0.2528515625 0.100078125 0.0992578125
0 0.7230859375 0.1918359375 0.0989453125 0.0998828125
0 0.8275390625 0.2537109375 0.0981640625 0.1009375
0 0.40453125 0.3727734375 0.0987109375 0.102734375
0 0.509453125 0.3119921875 0.099453125 0.09859375
0 0.5094140625 0.4357421875 0.0985546875 0.0994140625
0 0.4016796875 0.49640625 0.1003515625 0.1031640625
0 0.401015625 0.619921875 0.1015625 0.1021875
0 0.508125 0.557734375 0.1010546875 0.0987890625
0 0.5087890625 0.6794140625 0.1023828125 0.10109375
0 0.6149609375 0.61875 0.1 0.102421875
0 0.6126953125 0.7416015625 0.098046875 0.1001953125
0 0.71921875 0.8055078125 0.0962890625 0.1001953125
0 0.825 0.7454296875 0.10078125 0.1001953125
0 0.7196484375 0.6805859375 0.0972265625 0.1008203125
0 0.93234375 0.6830859375 0.0982421875 0.1033203125
0 0.8259375 0.6212890625 0.10015625 0.102421875
0 0.9341796875 0.5616796875 0.10390625 0.104921875
0 0.721015625 0.5598046875 0.099921875 0.1019140625
0 0.721015625 0.4384375 0.0973828125 0.0971875
0 0.82828125 0.4994140625 0.097109375 0.1015625
0 0.933984375 0.4395703125 0.0989453125 0.0994140625
0 0.72328125 0.315859375 0.096796875 0.1
0 0.935625 0.3175 0.0983984375 0.1037109375
0 0.82828125 0.3773828125 0.094609375 0.1003515625