1 0.3955859375 0.1455078125 0.1048046875 0.1023828125
1 0.1820703125 0.388515625 0.105078125 0.1088671875
1 0.1812109375 0.5116015625 0.103359375 0.1027734375
1 0.392734375 0.6359375 0.103671875 0.1059765625
1 0.2865625 0.5730078125 0.102734375 0.1051171875
1 0.4979296875 0.697109375 0.1049609375 0.1056640625
1 0.9228125 0.8230859375 0.104765625 0.1040625
1 0.49609375 0.941484375 0.1035546875 0.10125
0 0.077578125 0.0801953125 0.0985546875 0.101953125
0 0.1838671875 0.0352734375 0.1052734375 0.0701171875
0 0.0753515625 0.201953125 0.0998046875 0.1003515625
0 0.183515625 0.143828125 0.0992578125 0.100546875
0 0.0766796875 0.325 0.100546875 0.103203125
0 0.075234375 0.4489453125 0.10140625 0.0984375
0 0.074453125 0.57140625 0.101796875 0.099765625
0 0.073828125 0.6935546875 0.1023828125 0.1031640625
0 0.181640625 0.6316015625 0.0993359375 0.1017578125
0 0.0719921875 0.8155078125 0.1025 0.101953125
0 0.0719921875 0.939453125 0.100625 0.099140625
0 0.1779296875 0.9755859375 0.103203125 0.048828125
0 0.1784375 0.878671875 0.1005078125 0.098203125
0 0.284609375 0.93984375 0.0997265625 0.0962109375
0 0.3902734375 0.9741796875 0.0999609375 0.051640625
0 0.390546875 0.8796484375 0.10234375 0.10203125
0 0.28453125 0.8180078125 0.1033203125 0.1032421875
0 0.179921875 0.7556640625 0.1005078125 0.1014453125
0 0.284921875 0.695703125 0.1003515625 0.1013671875
0 0.391953125 0.758203125 0.096328125 0.098359375
0 0.4979296875 0.81875 0.1003515625 0.1008984375
0 0.602890625 0.880859375 0.0990625 0.098828125
0 0.601875 0.9765234375 0.0989453125 0.046953125
0 0.708984375 0.941484375 0.1019921875 0.0955859375
0 0.8147265625 0.9774609375 0.0984765625 0.0450390625
0 0.9203515625 0.943671875 0.098515625 0.0973046875
0 0.815703125 0.8821484375 0.10046875 0.0981640625
0 0.707734375 0.8198828125 0.10140625 0.1012890625
0 0.81703125 0.7591015625 0.10125 0.1023046875
0 0.9229296875 0.6983203125 0.1 0.0994921875
0 0.7105078125 0.6994921875 0.10125 0.099921875
0 0.6039453125 0.7587890625 0.099296875 0.097890625
0 0.606015625 0.636796875 0.0978125 0.0989453125
0 0.4981640625 0.5733984375 0.10078125 0.1023046875
0 0.3925390625 0.5115234375 0.1006640625 0.10109375
0 0.2858203125 0.449921875 0.0965234375 0.10046875
0 0.2885546875 0.3278125 0.0997265625 0.1009375
0 0.1816796875 0.266484375 0.09859375 0.103125
0 0.288828125 0.20625 0.0968359375 0.0975390625
0 0.28859375 0.0826171875 0.09828125 0.09921875
0 0.3951953125 0.036328125 0.1040625 0.07265625
0 0.60828125 0.0372265625 0.1023046875 0.074453125
0 0.5019140625 0.0830859375 0.100703125 0.1020703125
0 0.5 0.20578125 0.1006640625 0.10234375
0 0.39578125 0.267734375 0.1015234375 0.0999609375
0 0.3924609375 0.3898828125 0.0986328125 0.097265625
0 0.4996875 0.329453125 0.1000390625 0.100859375
0 0.4999609375 0.45203125 0.1005859375 0.098984375
0 0.605 0.5139453125 0.0994921875 0.1002734375
0 0.7116015625 0.5762109375 0.0958984375 0.098515625
0 0.7113671875 0.45265625 0.09921875 0.100234375
0 0.606171875 0.3909375 0.1 0.0975
0 0.607109375 0.268125 0.0980859375 0.0992578125
0 0.607890625 0.14578125 0.099140625 0.1011328125
0 0.7146484375 0.0840234375 0.098203125 0.10015625
0 0.8209375 0.038203125 0.099609375 0.07640625
0 0.9267578125 0.0871484375 0.10015625 0.0984375
0 0.82015625 0.146171875 0.0999609375 0.1000390625
0 0.713984375 0.20890625 0.100625 0.09921875
0 0.925390625 0.2091796875 0.099296875 0.0978515625
0 0.81890625 0.26828125 0.0975 0.1010546875
0 0.7119140625 0.329921875 0.1002734375 0.1017578125
0 0.9256640625 0.3315234375 0.0998046875 0.1030859375
0 0.81890625 0.3923828125 0.10078125 0.100390625
0 0.926171875 0.455625 0.09890625 0.100546875
0 0.818515625 0.5146875 0.1004296875 0.0989453125
0 0.92484375 0.57703125 0.0981640625 0.1019921875
0 0.8178125 0.637265625 0.0990234375 0.0999609375