0 0.0359375 0.0437109375 0.071875 0.087421875
0 0.0358203125 0.1576953125 0.071640625 0.1058203125
1 0.0357421875 0.282578125 0.071484375 0.106796875
0 0.0338671875 0.401953125 0.067734375 0.09578125
0 0.033515625 0.52453125 0.0670703125 0.0975
0 0.0323046875 0.6471484375 0.064609375 0.096171875
0 0.0315234375 0.768046875 0.063046875 0.09453125
0 0.0315234375 0.8912109375 0.0630859375 0.0943359375
0 0.11875 0.9520703125 0.1031640625 0.0958984375
0 0.1213671875 0.8293359375 0.1005078125 0.10015625
0 0.1216796875 0.7087109375 0.1011328125 0.099140625
0 0.121640625 0.5861328125 0.101015625 0.0990234375
0 0.1217578125 0.464921875 0.0996875 0.0968359375
0 0.2271875 0.5256640625 0.09875 0.0998046875
1 0.22734375 0.6475390625 0.102265625 0.102890625
0 0.12359375 0.3423046875 0.1017578125 0.1013671875
0 0.22984375 0.4031640625 0.0993359375 0.098203125
0 0.12640625 0.22078125 0.0994921875 0.10171875
0 0.2313671875 0.2823046875 0.097578125 0.099921875
1 0.12703125 0.1008984375 0.10390625 0.10375
1 0.23171875 0.15953125 0.103046875 0.1025
0 0.232421875 0.0434765625 0.1012890625 0.086953125
1 0.5487109375 0.1000390625 0.100078125 0.09734375
1 0.7617578125 0.0147265625 0.0909375 0.029453125
1 0.6505859375 0.527109375 0.1034765625 0.10171875
1 0.5423046875 0.7085546875 0.1012109375 0.1006640625
1 0.6456640625 0.98140625 0.10140625 0.0372265625
0 0.225703125 0.7678125 0.0978125 0.0979296875
0 0.225234375 0.89 0.099375 0.099609375
0 0.330234375 0.9508984375 0.097734375 0.095
0 0.3316015625 0.8311328125 0.1030859375 0.1006640625
0 0.4361328125 0.8914453125 0.0953515625 0.09734375
0 0.5397265625 0.951171875 0.0959765625 0.0976171875
0 0.539765625 0.831171875 0.0986328125 0.1033203125
0 0.435625 0.769453125 0.0969140625 0.10375
0 0.33109375 0.70796875 0.1020703125 0.09953125
0 0.33296875 0.5865625 0.0980859375 0.0993359375
0 0.4373828125 0.6494921875 0.0978125 0.1012890625
0 0.334375 0.4655859375 0.0983203125 0.1000390625
0 0.5444921875 0.5893359375 0.0978125 0.0966796875
0 0.4403125 0.526171875 0.0985546875 0.102421875
0 0.3345703125 0.3436328125 0.098671875 0.0996875
0 0.4419921875 0.40328125 0.0970703125 0.0921875
0 0.3369140625 0.22203125 0.098671875 0.099609375
0 0.4405078125 0.2839453125 0.09671875 0.097421875
0 0.44265625 0.1603125 0.099453125 0.09609375
0 0.3376953125 0.099921875 0.1002734375 0.096796875
0 0.4443359375 0.0435546875 0.0982421875 0.0870703125
0 0.6544921875 0.044375 0.097109375 0.08875
0 0.6541015625 0.1603125 0.0948828125 0.095703125
0 0.5468359375 0.220703125 0.0986328125 0.0984765625
0 0.5461328125 0.3430859375 0.0957421875 0.0956640625
0 0.6521484375 0.2821875 0.097109375 0.0953515625
0 0.6506640625 0.4057421875 0.095625 0.0946484375
0 0.5447265625 0.4645703125 0.0959765625 0.0971875
0 0.76015625 0.0992578125 0.0978125 0.0970703125
0 0.865703125 0.0435546875 0.100859375 0.0870703125
0 0.9609765625 0.1000390625 0.078046875 0.0955078125
0 0.864609375 0.16203125 0.097578125 0.0948828125
0 0.7591015625 0.2217578125 0.094140625 0.094453125
0 0.959140625 0.22140625 0.0816796875 0.09234375
0 0.9603515625 0.344296875 0.0793359375 0.095078125
0 0.8640625 0.2834765625 0.090078125 0.0949609375
0 0.756953125 0.343203125 0.095546875 0.095234375
0 0.9603515625 0.466640625 0.0793359375 0.0967578125
0 0.862421875 0.4049609375 0.09609375 0.091875
0 0.7562109375 0.464609375 0.097109375 0.09625
0 0.75546875 0.5869921875 0.099140625 0.0949609375
0 0.6486328125 0.6494921875 0.0963671875 0.098125
0 0.6479296875 0.770703125 0.09734375 0.098046875
0 0.644765625 0.8922265625 0.0980859375 0.0962109375
0 0.75328125 0.952890625 0.09828125 0.093359375
0 0.956328125 0.9542578125 0.08734375 0.0914453125
0 0.8559765625 0.8954296875 0.1010546875 0.099140625
0 0.7522265625 0.8323046875 0.0997265625 0.0970703125
0 0.9571875 0.8337890625 0.0855859375 0.0965234375
0 0.8587109375 0.7710546875 0.098359375 0.0987890625
0 0.9571875 0.7114453125 0.0855859375 0.098984375
0 0.7530078125 0.7096875 0.0989453125 0.0978515625
0 0.8597265625 0.6509765625 0.0968359375 0.0998828125
0 0.958359375 0.5893359375 0.0832421875 0.09734375
0 0.861328125 0.5278125 0.0988671875 0.0984375