1 0.6264453125 0.0328125 0.107265625 0.06560546875
1 0.5103125 0.0739453125 0.110390625 0.1083203125
1 0.73787109375 0.47021484375 0.10935546875 0.1051953125
1 0.5051171875 0.5983203125 0.1145703125 0.1051953125
1 0.392109375 0.662890625 0.1114453125 0.1114453125
0 0.05580078125 0.0725390625 0.10603515625 0.10044921875
0 0.05509765625 0.20228515625 0.1018359375 0.10044921875
0 0.05720703125 0.332734375 0.10044921875 0.11021484375
0 0.05580078125 0.46595703125 0.1032421875 0.10880859375
0 0.0537109375 0.59779296875 0.107421875 0.10462890625
0 0.05232421875 0.7268359375 0.10462890625 0.10603515625
0 0.05232421875 0.860078125 0.10462890625 0.10462890625
0 0.05580078125 0.968046875 0.1116015625 0.06388671875
0 0.16392578125 0.9228515625 0.1018359375 0.1018359375
0 0.16740234375 0.7951953125 0.10603515625 0.1032421875
0 0.16462890625 0.66267578125 0.10880859375 0.1032421875
0 0.16462890625 0.53361328125 0.10880859375 0.107421875
0 0.16462890625 0.40177734375 0.11439453125 0.1032421875
0 0.16740234375 0.2692578125 0.10880859375 0.10603515625
0 0.16740234375 0.1423046875 0.10880859375 0.1032421875
0 0.16951171875 0.02859375 0.1018359375 0.05720703125
0 0.28111328125 0.07115234375 0.11021484375 0.09486328125
0 0.2825 0.205078125 0.11021484375 0.1032421875
0 0.27970703125 0.3362109375 0.107421875 0.10880859375
0 0.27970703125 0.46525390625 0.11021484375 0.10462890625
0 0.27970703125 0.595 0.1018359375 0.1018359375
0 0.27970703125 0.7275390625 0.107421875 0.10462890625
0 0.27693359375 0.858671875 0.1018359375 0.10462890625
0 0.2790234375 0.97013671875 0.11439453125 0.05970703125
0 0.39201171875 0.927734375 0.10603515625 0.1032421875
0 0.39201171875 0.7951953125 0.10603515625 0.1032421875
0 0.39271484375 0.5315234375 0.107421875 0.1032421875
0 0.39341796875 0.400390625 0.10603515625 0.1032421875
0 0.39271484375 0.27134765625 0.107421875 0.107421875
0 0.39412109375 0.13880859375 0.11021484375 0.10462890625
0 0.3955078125 0.03068359375 0.11021484375 0.06138671875
0 0.50919921875 0.20578125 0.10880859375 0.11021484375
0 0.50919921875 0.3369140625 0.1116015625 0.1018359375
0 0.50919921875 0.469453125 0.11439453125 0.10462890625
0 0.50431640625 0.73103515625 0.11021484375 0.1116015625
0 0.50572265625 0.859375 0.11021484375 0.1032421875
0 0.5036328125 0.96875 0.10880859375 0.0625
0 0.61802734375 0.92634765625 0.10880859375 0.1032421875
0 0.6201171875 0.7958984375 0.11021484375 0.107421875
0 0.61873046875 0.663359375 0.1130078125 0.107421875
0 0.6194140625 0.53431640625 0.10603515625 0.1032421875
0 0.62150390625 0.40318359375 0.10462890625 0.10603515625
0 0.624296875 0.27205078125 0.11021484375 0.10603515625
0 0.62150390625 0.14369140625 0.1018359375 0.1032421875
0 0.7380078125 0.07462890625 0.10880859375 0.1018359375
0 0.7380078125 0.20646484375 0.10880859375 0.10603515625
0 0.7373046875 0.33552734375 0.107421875 0.107421875
0 0.73380859375 0.59919921875 0.10880859375 0.1018359375
0 0.73591796875 0.72962890625 0.107421875 0.10880859375
0 0.73380859375 0.86216796875 0.10603515625 0.10044921875
0 0.732421875 0.969453125 0.10880859375 0.06111328125
0 0.84681640625 0.9284375 0.10880859375 0.1018359375
0 0.8454296875 0.79869140625 0.10603515625 0.10462890625
0 0.84751953125 0.66685546875 0.10462890625 0.10603515625
0 0.84890625 0.53640625 0.107421875 0.107421875
0 0.85240234375 0.40318359375 0.10880859375 0.10603515625
0 0.849609375 0.27205078125 0.10880859375 0.1032421875
0 0.85169921875 0.1423046875 0.10462890625 0.10603515625
0 0.85240234375 0.03138671875 0.10880859375 0.0627734375
0 0.95619140625 0.078125 0.0876171875 0.09765625
0 0.9541015625 0.20646484375 0.091796875 0.1032421875
0 0.9533984375 0.3369140625 0.09318359375 0.10462890625
0 0.9533984375 0.469453125 0.09318359375 0.10462890625
0 0.9541015625 0.5998828125 0.091796875 0.10044921875
0 0.95271484375 0.73380859375 0.09458984375 0.10044921875
0 0.95271484375 0.86287109375 0.09458984375 0.107421875
0 0.949921875 0.97013671875 0.10017578125 0.05970703125