1 0.093515625 0.06673828125 0.05748046875 0.0569140625
1 0.03349609375 0.165859375 0.0587109375 0.054453125
1 0.2679296875 0.03396484375 0.0565234375 0.05400390625
1 0.15072265625 0.16720703125 0.05654296875 0.05712890625
1 0.1501171875 0.2348828125 0.05775390625 0.05548828125
1 0.266796875 0.235703125 0.0555859375 0.05494140625
1 0.266328125 0.3026953125 0.058671875 0.05591796875
1 0.090703125 0.536875 0.0566796875 0.056484375
1 0.2647265625 0.57212890625 0.05544921875 0.05552734375
1 0.20677734375 0.73982421875 0.05466796875 0.05419921875
1 0.38 0.84228515625 0.05716796875 0.0557421875
1 0.089765625 0.98984375 0.05212890625 0.0203125
1 0.84529296875 0.97630859375 0.0570703125 0.04736328125
1 0.72888671875 0.975859375 0.05615234375 0.04830078125
1 0.72986328125 0.91240234375 0.0571875 0.0549609375
1 0.73029296875 0.77669921875 0.05708984375 0.05625
1 0.5549609375 0.74337890625 0.05609375 0.05544921875
1 0.9059375 0.60966796875 0.0559375 0.05423828125
1 0.96509765625 0.57671875 0.05556640625 0.05416015625
1 0.96427734375 0.6442578125 0.0557421875 0.054765625
1 0.4976953125 0.57431640625 0.05564453125 0.055859375
1 0.6731640625 0.47458984375 0.05708984375 0.05583984375
1 0.55705078125 0.47296875 0.0578515625 0.0553515625
1 0.90796875 0.34041015625 0.05630859375 0.05548828125
1 0.96849609375 0.0377734375 0.0562109375 0.05521484375
1 0.73427734375 0.03640625 0.05755859375 0.05408203125
1 0.6175390625 0.03583984375 0.055859375 0.0544140625
0 0.03052734375 0.97255859375 0.0539453125 0.0523046875
0 0.14658203125 0.973515625 0.055546875 0.05296875
0 0.2051953125 0.9907421875 0.048671875 0.018515625
0 0.031015625 0.9053125 0.056640625 0.05423828125
0 0.03125 0.837890625 0.056796875 0.055234375
0 0.08849609375 0.940234375 0.05578125 0.05533203125
0 0.1472265625 0.9071875 0.05609375 0.05416015625
0 0.20458984375 0.94109375 0.05361328125 0.054140625
0 0.2633203125 0.97416015625 0.05390625 0.05166015625
0 0.263046875 0.9075 0.05568359375 0.05478515625
0 0.20484375 0.87435546875 0.054921875 0.05634765625
0 0.088984375 0.87310546875 0.056015625 0.053828125
0 0.1470703125 0.84015625 0.05578125 0.05501953125
0 0.0892578125 0.8059765625 0.05423828125 0.05373046875
0 0.2636328125 0.84126953125 0.0576171875 0.0533984375
0 0.2052734375 0.80681640625 0.0540625 0.0538671875
0 0.0309765625 0.77166015625 0.05486328125 0.05447265625
0 0.1472265625 0.7730078125 0.05609375 0.05484375
0 0.26451171875 0.77435546875 0.05521484375 0.054609375
0 0.0309765625 0.7053515625 0.05486328125 0.054453125
0 0.0895703125 0.7391015625 0.05486328125 0.05412109375
0 0.1475390625 0.7052734375 0.05669921875 0.05583984375
0 0.089375 0.67189453125 0.05525390625 0.05541015625
0 0.0319140625 0.638125 0.05671875 0.05568359375
0 0.1480859375 0.63888671875 0.05623046875 0.05537109375
0 0.2062109375 0.6730859375 0.0553125 0.05548828125
0 0.20669921875 0.60546875 0.05552734375 0.054375
0 0.14796875 0.5712890625 0.055234375 0.0530859375
0 0.09033203125 0.60408203125 0.05517578125 0.05529296875
0 0.031640625 0.5699609375 0.05478515625 0.054453125
0 0.03228515625 0.5035546875 0.05595703125 0.05408203125
0 0.14955078125 0.504453125 0.05455078125 0.05662109375
0 0.09126953125 0.47052734375 0.05517578125 0.0535546875
0 0.03232421875 0.43671875 0.05525390625 0.05455078125
0 0.03302734375 0.36884765625 0.05509765625 0.05525390625
0 0.09142578125 0.40283203125 0.05546875 0.05384765625
0 0.14896484375 0.43720703125 0.055703125 0.05474609375
0 0.03298828125 0.30154296875 0.05580078125 0.05478515625
0 0.0918359375 0.33548828125 0.05708984375 0.0540625
0 0.1496875 0.36990234375 0.05609375 0.05380859375
0 0.03375 0.23400390625 0.05734375 0.055390625
0 0.091796875 0.26787109375 0.0565625 0.05298828125
0 0.0927734375 0.201171875 0.055859375 0.05451171875
0 0.14943359375 0.301640625 0.05662109375 0.05576171875
0 0.033984375 0.09927734375 0.05625 0.0565625
0 0.03484375 0.0319921875 0.05640625 0.0561328125
0 0.092890625 0.13330078125 0.056875 0.05384765625
0 0.09349609375 0.0132421875 0.05501953125 0.026484375
0 0.20939453125 0.0135546875 0.05630859375 0.02708984375
0 0.150703125 0.03328125 0.0553125 0.05482421875
0 0.15169921875 0.09958984375 0.05578125 0.05408203125
0 0.20974609375 0.06607421875 0.05623046875 0.05642578125
0 0.2082421875 0.1339453125 0.0573828125 0.055703125
0 0.3267578125 0.01341796875 0.05529296875 0.02685546875
0 0.3259375 0.06759765625 0.05630859375 0.05486328125
0 0.26734375 0.100703125 0.05591796875 0.055859375
0 0.32533203125 0.134296875 0.05560546875 0.0546875
0 0.20849609375 0.201171875 0.05609375 0.05482421875
0 0.26703125 0.16767578125 0.05529296875 0.054609375
0 0.32560546875 0.20259765625 0.05568359375 0.05578125
0 0.2077734375 0.26794921875 0.05625 0.05396484375
0 0.32439453125 0.26974609375 0.05685546875 0.056015625
0 0.2081640625 0.33580078125 0.05546875 0.05529296875
0 0.32427734375 0.33705078125 0.05583984375 0.05466796875
0 0.26525390625 0.37009765625 0.05568359375 0.05396484375
0 0.2073046875 0.40388671875 0.0553125 0.0555078125
0 0.2659375 0.4373828125 0.05623046875 0.053359375
0 0.20716796875 0.47046875 0.0550390625 0.05318359375
0 0.2658984375 0.504765625 0.05306640625 0.052265625
0 0.2063671875 0.53736328125 0.05521484375 0.0533203125
0 0.32255859375 0.53951171875 0.05591796875 0.0540234375
0 0.32435546875 0.40462890625 0.05591796875 0.054296875
0 0.32404296875 0.47142578125 0.05439453125 0.05333984375
0 0.32216796875 0.60595703125 0.0545703125 0.05306640625
0 0.2639453125 0.63890625 0.05486328125 0.05412109375
0 0.26384765625 0.706484375 0.05431640625 0.05380859375
0 0.32251953125 0.673515625 0.05458984375 0.05203125
0 0.3220703125 0.7401953125 0.05404296875 0.0526171875
0 0.32203125 0.80828125 0.05484375 0.0533203125
0 0.3211328125 0.8737890625 0.05662109375 0.05421875
0 0.32109375 0.94158203125 0.0538671875 0.05259765625
0 0.32181640625 0.990390625 0.0481640625 0.01921875
0 0.3793359375 0.9748046875 0.0571484375 0.05041015625
0 0.49552734375 0.975234375 0.05427734375 0.04951171875
0 0.3803125 0.9086328125 0.05376953125 0.0544140625
0 0.43751953125 0.99150390625 0.0469921875 0.0169921875
0 0.438359375 0.94345703125 0.05314453125 0.0545703125
0 0.5537109375 0.99185546875 0.04724609375 0.0162890625
0 0.6124609375 0.97529296875 0.0548828125 0.0494140625
0 0.67111328125 0.99185546875 0.04650390625 0.0162890625
0 0.55431640625 0.9441796875 0.0548828125 0.0552734375
0 0.4956640625 0.90951171875 0.05443359375 0.05400390625
0 0.43837890625 0.87654296875 0.05490234375 0.0543359375
0 0.67080078125 0.9458203125 0.0559765625 0.05486328125
0 0.6126953125 0.9105078125 0.05369140625 0.05416015625
0 0.67087890625 0.878203125 0.05431640625 0.05396484375
0 0.7296875 0.84443359375 0.05595703125 0.05451171875
0 0.55404296875 0.87689453125 0.056171875 0.0550390625
0 0.6134375 0.84318359375 0.0544140625 0.05478515625
0 0.671484375 0.80994140625 0.05458984375 0.05361328125
0 0.49626953125 0.84287109375 0.0547265625 0.05322265625
0 0.38029296875 0.7746875 0.05556640625 0.05490234375
0 0.43861328125 0.80873046875 0.054453125 0.05302734375
0 0.49630859375 0.77587890625 0.05388671875 0.05544921875
0 0.5546875 0.81009765625 0.055625 0.0539453125
0 0.613984375 0.77607421875 0.05552734375 0.0558203125
0 0.43853515625 0.741328125 0.05611328125 0.0553515625
0 0.3805078125 0.7081640625 0.05509765625 0.05619140625
0 0.4974609375 0.70904296875 0.0552734375 0.05517578125
0 0.43880859375 0.67486328125 0.05482421875 0.05212890625
0 0.38001953125 0.64025390625 0.05611328125 0.05654296875
0 0.49662109375 0.6413671875 0.05544921875 0.055078125
0 0.5559765625 0.6753515625 0.05453125 0.05404296875
0 0.4392578125 0.606796875 0.05537109375 0.05498046875
0 0.38107421875 0.5730859375 0.0562109375 0.0547265625
0 0.43966796875 0.54001953125 0.05380859375 0.05388671875
0 0.38185546875 0.5059375 0.05685546875 0.052890625
0 0.5562109375 0.60765625 0.0540625 0.05466796875
0 0.556015625 0.540703125 0.05517578125 0.05619140625
0 0.49828125 0.506796875 0.055078125 0.05552734375
0 0.43939453125 0.47228515625 0.05509765625 0.05462890625
0 0.38138671875 0.43728515625 0.0541015625 0.05544921875
0 0.49833984375 0.438203125 0.0542578125 0.05361328125
0 0.44 0.405078125 0.05537109375 0.0536328125
0 0.38193359375 0.3709375 0.05427734375 0.05251953125
0 0.44109375 0.337734375 0.05443359375 0.0552734375
0 0.4993359375 0.3719921875 0.05626953125 0.05369140625
0 0.55748046875 0.40634765625 0.05478515625 0.05337890625
0 0.557578125 0.33802734375 0.0558984375 0.05662109375
0 0.498515625 0.30509765625 0.05552734375 0.05333984375
0 0.44044921875 0.269921875 0.0553515625 0.05380859375
0 0.38240234375 0.30421875 0.05517578125 0.0543359375
0 0.5578515625 0.27099609375 0.054609375 0.05595703125
0 0.49984375 0.2361328125 0.05359375 0.0543359375
0 0.38271484375 0.23640625 0.05673828125 0.05671875
0 0.441875 0.2037890625 0.05544921875 0.055
0 0.3833203125 0.1691796875 0.05703125 0.055703125
0 0.4418359375 0.135 0.05626953125 0.0548828125
0 0.3835546875 0.1009765625 0.0565625 0.05455078125
0 0.3844140625 0.03357421875 0.055546875 0.05685546875
0 0.44271484375 0.0142578125 0.0552734375 0.02853515625
0 0.560234375 0.01408203125 0.055703125 0.0281640625
0 0.50076171875 0.0347265625 0.0554296875 0.05455078125
0 0.44220703125 0.068359375 0.05701171875 0.05646484375
0 0.5583984375 0.068125 0.055703125 0.0532421875
0 0.50015625 0.10181640625 0.05515625 0.05439453125
0 0.5005859375 0.1696484375 0.055078125 0.0548046875
0 0.558828125 0.13615234375 0.0540234375 0.053359375
0 0.55826171875 0.20419921875 0.05515625 0.05376953125
0 0.6173828125 0.1707421875 0.055234375 0.05546875
0 0.61634765625 0.23763671875 0.05546875 0.0527734375
0 0.6159375 0.3051171875 0.0569140625 0.05505859375
0 0.615625 0.372578125 0.05630859375 0.05431640625
0 0.61501953125 0.439921875 0.055078125 0.0555859375
0 0.61482421875 0.50748046875 0.05607421875 0.0534765625
0 0.6142578125 0.57484375 0.0566015625 0.054765625
0 0.61333984375 0.6420703125 0.054765625 0.055078125
0 0.61369140625 0.70951171875 0.05470703125 0.055
0 0.78642578125 0.9928125 0.047578125 0.01435546875
0 0.90326171875 0.99361328125 0.04609375 0.01275390625
0 0.96107421875 0.977109375 0.0540234375 0.04576171875
0 0.90294921875 0.94716796875 0.05443359375 0.05443359375
0 0.78693359375 0.94646484375 0.05630859375 0.05431640625
0 0.84505859375 0.91294921875 0.0558984375 0.05265625
0 0.96259765625 0.91384765625 0.05455078125 0.0544140625
0 0.90455078125 0.87986328125 0.05634765625 0.05373046875
0 0.78697265625 0.87912109375 0.05572265625 0.0541796875
0 0.96298828125 0.84638671875 0.0553125 0.05345703125
0 0.845859375 0.84591796875 0.056875 0.0544140625
0 0.7878125 0.81130859375 0.05560546875 0.0544140625
0 0.90490234375 0.812265625 0.05513671875 0.0525
0 0.9622265625 0.7791796875 0.05376953125 0.05361328125
0 0.84650390625 0.77857421875 0.0555859375 0.05431640625
0 0.90541015625 0.74541015625 0.05615234375 0.053984375
0 0.96357421875 0.7116796875 0.05517578125 0.05380859375
0 0.9055078125 0.6780078125 0.0569921875 0.0550390625
0 0.9062109375 0.5435546875 0.057109375 0.0552734375
0 0.96498046875 0.50958984375 0.0554296875 0.05400390625
0 0.96513671875 0.44228515625 0.0551171875 0.05330078125
0 0.96619140625 0.37455078125 0.0566015625 0.05498046875
0 0.96658203125 0.3076953125 0.0548046875 0.05328125
0 0.966640625 0.24029296875 0.0562109375 0.05431640625
0 0.96623046875 0.1728515625 0.056015625 0.05591796875
0 0.96740234375 0.10626953125 0.05517578125 0.054765625
0 0.9096484375 0.01634765625 0.0569140625 0.03267578125
0 0.79177734375 0.01595703125 0.0563671875 0.03193359375
0 0.8504296875 0.0379296875 0.05642578125 0.05458984375
0 0.9092578125 0.07126953125 0.05615234375 0.05400390625
0 0.79181640625 0.0701171875 0.05322265625 0.05486328125
0 0.85060546875 0.10466796875 0.05609375 0.0554296875
0 0.90861328125 0.138828125 0.05486328125 0.05322265625
0 0.8499609375 0.171953125 0.05482421875 0.05412109375
0 0.90861328125 0.20583984375 0.05486328125 0.0565625
0 0.84998046875 0.23875 0.056796875 0.05380859375
0 0.90794921875 0.27357421875 0.05416015625 0.0523046875
0 0.84912109375 0.30640625 0.05443359375 0.05388671875
0 0.848828125 0.37365234375 0.0544921875 0.05318359375
0 0.90689453125 0.40873046875 0.05525390625 0.05474609375
0 0.84841796875 0.441640625 0.054296875 0.05458984375
0 0.90681640625 0.4753125 0.05384765625 0.05333984375
0 0.8479296875 0.508828125 0.0552734375 0.05501953125
0 0.8481640625 0.57583984375 0.0537890625 0.05322265625
0 0.8478125 0.64427734375 0.05552734375 0.05486328125
0 0.84666015625 0.711171875 0.0552734375 0.0527734375
0 0.671953125 0.74419921875 0.0540625 0.05259765625
0 0.78830078125 0.74482421875 0.05578125 0.05494140625
0 0.73052734375 0.71048828125 0.05544921875 0.0533984375
0 0.67171875 0.6770703125 0.055859375 0.0553515625
0 0.78857421875 0.67779296875 0.05521484375 0.0534375
0 0.7303125 0.64314453125 0.055 0.0529296875
0 0.7889453125 0.60951171875 0.055390625 0.054453125
0 0.6726171875 0.609375 0.05541015625 0.05474609375
0 0.67349609375 0.5421484375 0.05546875 0.05451171875
0 0.73142578125 0.57578125 0.055 0.05298828125
0 0.78912109375 0.54212890625 0.054609375 0.05451171875
0 0.7316015625 0.508671875 0.05421875 0.05298828125
0 0.79025390625 0.4755859375 0.0541015625 0.0533984375
0 0.73150390625 0.44095703125 0.05572265625 0.0523828125
0 0.7905078125 0.407734375 0.05404296875 0.053046875
0 0.673359375 0.40693359375 0.0557421875 0.05421875
0 0.73208984375 0.37310546875 0.05634765625 0.0542578125
0 0.67427734375 0.33978515625 0.05478515625 0.0525
0 0.6744140625 0.27228515625 0.05451171875 0.055078125
0 0.7317578125 0.30587890625 0.05568359375 0.05404296875
0 0.79115234375 0.34060546875 0.05587890625 0.0535546875
0 0.79109375 0.2724609375 0.05466796875 0.05375
0 0.73310546875 0.239140625 0.05388671875 0.05421875
0 0.791328125 0.2049609375 0.05509765625 0.051875
0 0.67462890625 0.2048828125 0.0549609375 0.053828125
0 0.73337890625 0.17140625 0.0533203125 0.0523046875
0 0.6747265625 0.138046875 0.05568359375 0.055078125
0 0.791796875 0.137734375 0.05548828125 0.05388671875
0 0.73400390625 0.1029296875 0.05568359375 0.05416015625
0 0.616875 0.10302734375 0.056875 0.05439453125
0 0.67533203125 0.068984375 0.05580078125 0.05451171875
0 0.67513671875 0.01478515625 0.05708984375 0.02958984375