1 0.06353515625 0.0234375 0.12498046875 0.046875
1 0.19162109375 0.06509765625 0.12705078125 0.11560546875
1 0.3150390625 0.133828125 0.12392578125 0.12392578125
1 0.56240234375 0.02759765625 0.12080078125 0.0551953125
1 0.9394921875 0.06041015625 0.12099609375 0.11873046875
1 0.938984375 0.20361328125 0.12205078125 0.11560546875
1 0.938984375 0.34681640625 0.12205078125 0.11873046875
1 0.5639453125 0.13642578125 0.12810546875 0.11873046875
1 0.438984375 0.2046484375 0.126015625 0.113515625
1 0.06822265625 0.28015625 0.12810546875 0.11873046875
1 0.43845703125 0.34994140625 0.12705078125 0.116640625
1 0.69154296875 0.34681640625 0.11873046875 0.12080078125
1 0.81703125 0.421796875 0.12185546875 0.116640625
1 0.9410546875 0.49052734375 0.11787109375 0.116640625
1 0.06666015625 0.42701171875 0.11873046875 0.1145703125
1 0.31765625 0.424921875 0.122890625 0.11873046875
1 0.1921484375 0.49625 0.12810546875 0.1176953125
1 0.06822265625 0.5696875 0.119765625 0.12080078125
1 0.1968359375 0.647265625 0.12080078125 0.113515625
1 0.44158203125 0.49208984375 0.12080078125 0.119765625
1 0.56916015625 0.41970703125 0.126015625 0.11873046875
1 0.694140625 0.4926171875 0.12810546875 0.122890625
1 0.82119140625 0.56291015625 0.132265625 0.119765625
1 0.5670703125 0.5665625 0.126015625 0.11873046875
1 0.443671875 0.637890625 0.12498046875 0.126015625
1 0.69205078125 0.6373828125 0.12392578125 0.11873046875
1 0.82171875 0.7102734375 0.129140625 0.12080078125
1 0.5686328125 0.7087109375 0.12498046875 0.119765625
1 0.942109375 0.77953125 0.11578125 0.12185546875
1 0.695703125 0.7790234375 0.122890625 0.11248046875
1 0.9426171875 0.921171875 0.11474609375 0.1176953125
1 0.82119140625 0.9691796875 0.12392578125 0.061640625
1 0.694140625 0.9253515625 0.12185546875 0.11560546875
1 0.56916015625 0.85453125 0.126015625 0.126015625
1 0.5728125 0.9676171875 0.12080078125 0.064765625
1 0.4457421875 0.92794921875 0.122890625 0.1145703125
1 0.3212890625 0.85609375 0.126015625 0.11873046875
1 0.19267578125 0.927421875 0.12498046875 0.12185546875
1 0.32181640625 0.96970703125 0.12080078125 0.0605859375
1 0.07029296875 0.9691796875 0.126015625 0.061640625
0 0.06591796875 0.13611328125 0.1171875 0.1183984375
0 0.07263671875 0.71349609375 0.120859375 0.11841796875
0 0.07080078125 0.85998046875 0.1123046875 0.1159765625
0 0.1971484375 0.78736328125 0.12330078125 0.1171875
0 0.19166015625 0.3533984375 0.1171875 0.11841796875
0 0.18982421875 0.211796875 0.11841796875 0.1159765625
0 0.31373046875 0.02869140625 0.10986328125 0.0573828125
0 0.31373046875 0.27892578125 0.11474609375 0.11353515625
0 0.3173828125 0.56640625 0.1171875 0.11474609375
1 0.3210546875 0.70740234375 0.11962890625 0.12330078125
0 0.44494140625 0.78369140625 0.113515625 0.1220703125
0 0.4376171875 0.06470703125 0.11841796875 0.11962890625
0 0.5682421875 0.2783203125 0.11595703125 0.1123046875
0 0.68787109375 0.06287109375 0.120859375 0.11841796875
0 0.6921484375 0.20203125 0.11962890625 0.1159765625
0 0.8154296875 0.02501953125 0.107421875 0.05005859375
0 0.8154296875 0.13123046875 0.11962890625 0.12328125
0 0.8154296875 0.27466796875 0.11962890625 0.11962890625
0 0.8191015625 0.8483984375 0.1220703125 0.1220703125
0 0.9412890625 0.63599609375 0.11744140625 0.1220703125
1 0.00671875 0.35705078125 0.0134375 0.05982421875
1 0.0048828125 0.50353515625 0.009765625 0.04517578125
1 0.00671875 0.78736328125 0.0134375 0.05126953125
1 0.00671875 0.93384765625 0.0134375 0.0537109375
0 0.00611328125 0.64576171875 0.01220703125 0.05859375
0 0.003671875 0.21544921875 0.00732421875 0.0573828125