0 0.01865234375 0.014453125 0.0373046875 0.02890625
1 0.01958984375 0.07125 0.03916015625 0.06287109375
1 0.1962890625 0.3312890625 0.06583984375 0.06322265625
1 0.3256640625 0.33212890625 0.06552734375 0.0636328125
1 0.32619140625 0.40587890625 0.0622265625 0.06234375
1 0.3892578125 0.443046875 0.06279296875 0.06109375
1 0.25955078125 0.73791015625 0.0644140625 0.0623046875
1 0.3238671875 0.77634765625 0.06216796875 0.06107421875
1 0.195703125 0.84892578125 0.06220703125 0.06134765625
1 0.066484375 0.84810546875 0.06224609375 0.058984375
1 0.38681640625 0.88689453125 0.0625390625 0.0603515625
1 0.704609375 0.85193359375 0.06587890625 0.0616796875
1 0.89541015625 0.89126953125 0.06265625 0.061171875
1 0.894921875 0.96541015625 0.06439453125 0.063359375
1 0.99455078125 0.9655078125 0.01087890625 0.04791015625
1 0.95873046875 0.853515625 0.06357421875 0.06111328125
1 0.769765625 0.5201953125 0.06193359375 0.0616796875
1 0.8337890625 0.5574609375 0.06263671875 0.06208984375
1 0.9607421875 0.264375 0.06265625 0.06240234375
1 0.96154296875 0.04310546875 0.0653125 0.06421875
0 0.07064453125 0.03400390625 0.0593359375 0.057578125
0 0.07033203125 0.10802734375 0.0587109375 0.05783203125
0 0.01888671875 0.143515625 0.03775390625 0.0623046875
0 0.019375 0.2175390625 0.03875 0.06212890625
0 0.01861328125 0.29287109375 0.0372265625 0.06228515625
0 0.018203125 0.36609375 0.03640625 0.06099609375
0 0.01818359375 0.44052734375 0.03634765625 0.0615625
0 0.018046875 0.51416015625 0.03609375 0.0611328125
0 0.01853515625 0.58796875 0.0370703125 0.0621484375
0 0.018125 0.6621484375 0.03623046875 0.06169921875
0 0.01828125 0.7367578125 0.0365625 0.06150390625
0 0.0179296875 0.8101953125 0.035859375 0.0612109375
0 0.018359375 0.88412109375 0.03671875 0.06134765625
0 0.01724609375 0.95802734375 0.0344921875 0.0619921875
0 0.0665625 0.98345703125 0.06583984375 0.03310546875
0 0.13439453125 0.0142578125 0.064140625 0.028515625
0 0.134921875 0.07087890625 0.06408203125 0.06185546875
0 0.19857421875 0.034453125 0.0625390625 0.059921875
0 0.26232421875 0.01529296875 0.0651953125 0.0305859375
0 0.2625390625 0.07259765625 0.0626171875 0.05931640625
0 0.1986328125 0.1087890625 0.061640625 0.0617578125
0 0.13392578125 0.1457421875 0.062109375 0.0617578125
0 0.0707421875 0.18173828125 0.0615625 0.05982421875
0 0.069296875 0.2556640625 0.0626953125 0.06087890625
0 0.13447265625 0.21890625 0.06318359375 0.0632421875
0 0.1983203125 0.182109375 0.0630078125 0.06359375
0 0.069296875 0.32958984375 0.0626953125 0.06087890625
0 0.06974609375 0.40287109375 0.06296875 0.06265625
0 0.0683984375 0.47662109375 0.062890625 0.0612890625
0 0.06837890625 0.55091796875 0.063828125 0.06205078125
0 0.0681640625 0.62359375 0.06341796875 0.0605859375
0 0.06857421875 0.699296875 0.06322265625 0.0621484375
0 0.06689453125 0.7736328125 0.06287109375 0.06001953125
0 0.0663671875 0.92060546875 0.0618359375 0.0623046875
0 0.1313671875 0.960078125 0.063984375 0.06333984375
0 0.19677734375 0.9834375 0.06294921875 0.03314453125
0 0.13080078125 0.88388671875 0.06412109375 0.0610546875
0 0.13166015625 0.8098046875 0.06455078125 0.06146484375
0 0.1314453125 0.736328125 0.06412109375 0.06033203125
0 0.13193359375 0.66294921875 0.06208984375 0.06041015625
0 0.1323046875 0.5885546875 0.06185546875 0.06341796875
0 0.13263671875 0.51484375 0.0605078125 0.06181640625
0 0.1342578125 0.4401171875 0.06134765625 0.0609375
0 0.13265625 0.36681640625 0.0615625 0.06341796875
0 0.1337109375 0.2909375 0.063671875 0.061484375
0 0.1994921875 0.256640625 0.06236328125 0.0628125
0 0.261640625 0.1457421875 0.06080078125 0.06076171875
0 0.32677734375 0.03630859375 0.06123046875 0.06162109375
0 0.3903125 0.01623046875 0.064453125 0.03248046875
0 0.89697265625 0.01826171875 0.0649609375 0.0365234375
0 0.96044921875 0.116328125 0.06109375 0.060859375
0 0.960234375 0.19009765625 0.061640625 0.05859375
0 0.96044921875 0.33763671875 0.06009765625 0.061015625
0 0.960078125 0.4109375 0.06146484375 0.06177734375
0 0.96078125 0.48453125 0.06173828125 0.062109375
0 0.96037109375 0.5591796875 0.06091796875 0.06060546875
0 0.9602734375 0.6320703125 0.06072265625 0.0605859375
0 0.959296875 0.705859375 0.06080078125 0.061328125
0 0.9591796875 0.7798046875 0.06154296875 0.06138671875
0 0.1968359375 0.40291015625 0.0610546875 0.05669921875
0 0.2617578125 0.21931640625 0.0610546875 0.06009765625
0 0.26138671875 0.293515625 0.061328125 0.06166015625
0 0.26177734375 0.3671875 0.06310546875 0.0631640625
0 0.26138671875 0.4419140625 0.0633203125 0.06181640625
0 0.1973046875 0.4773046875 0.0630078125 0.06064453125
0 0.19552734375 0.55197265625 0.06142578125 0.06216796875
0 0.2605078125 0.51462890625 0.06255859375 0.06138671875
0 0.2600390625 0.589140625 0.06162109375 0.0616015625
0 0.19623046875 0.62576171875 0.0628515625 0.0609375
0 0.1956640625 0.69955078125 0.06169921875 0.06267578125
0 0.2591796875 0.66337890625 0.0619140625 0.060234375
0 0.19435546875 0.77251953125 0.062109375 0.06080078125
0 0.2595703125 0.81193359375 0.063671875 0.06171875
0 0.2578515625 0.8855859375 0.06123046875 0.05919921875
0 0.19525390625 0.92076171875 0.05994140625 0.061171875
0 0.25833984375 0.95861328125 0.0612109375 0.05943359375
0 0.322578125 0.9834375 0.05984375 0.03314453125
0 0.38607421875 0.96013671875 0.06052734375 0.06138671875
0 0.450234375 0.9841796875 0.06103515625 0.031640625
0 0.322734375 0.9220703125 0.0631640625 0.06224609375
0 0.3241015625 0.84947265625 0.06189453125 0.0638671875
0 0.38701171875 0.813046875 0.05962890625 0.062265625
0 0.38755859375 0.73822265625 0.06296875 0.0641015625
0 0.32400390625 0.70068359375 0.0637109375 0.06294921875
0 0.3234375 0.6264453125 0.06052734375 0.06046875
0 0.3248046875 0.55236328125 0.0623046875 0.0599609375
0 0.325390625 0.47927734375 0.06146484375 0.0616015625
0 0.3258984375 0.2575390625 0.0625 0.06060546875
0 0.3246484375 0.1848046875 0.0619921875 0.061953125
0 0.325859375 0.11 0.06240234375 0.0621875
0 0.38982421875 0.07357421875 0.059765625 0.06044921875
0 0.453046875 0.037578125 0.06009765625 0.06115234375
0 0.517109375 0.0166015625 0.06435546875 0.033203125
0 0.517890625 0.07642578125 0.06193359375 0.0639453125
0 0.45359375 0.11099609375 0.06119140625 0.06419921875
0 0.390625 0.147734375 0.0630859375 0.0607421875
0 0.4530078125 0.18447265625 0.0605859375 0.06052734375
0 0.38857421875 0.220859375 0.0619921875 0.06216796875
0 0.453125 0.257734375 0.062265625 0.06203125
0 0.389921875 0.29419921875 0.06375 0.06052734375
0 0.3888671875 0.36708984375 0.062578125 0.0609765625
0 0.387578125 0.51623046875 0.06099609375 0.059609375
0 0.38798828125 0.58955078125 0.06181640625 0.06041015625
0 0.3863671875 0.66255859375 0.06080078125 0.06099609375
0 0.5172265625 0.1484765625 0.06162109375 0.06021484375
0 0.5169921875 0.2218359375 0.06212890625 0.06111328125
0 0.5164453125 0.29623046875 0.06203125 0.06208984375
0 0.4539453125 0.33287109375 0.06388671875 0.06146484375
0 0.517109375 0.370703125 0.0631640625 0.06072265625
0 0.452578125 0.406796875 0.06361328125 0.061171875
0 0.51583984375 0.4442578125 0.06140625 0.06263671875
0 0.45337890625 0.4798046875 0.06275390625 0.06115234375
0 0.51572265625 0.5168359375 0.06076171875 0.0617578125
0 0.45125 0.5543359375 0.06279296875 0.06125
0 0.51533203125 0.59015625 0.06208984375 0.063203125
0 0.45150390625 0.627890625 0.063125 0.061953125
0 0.51548828125 0.66544921875 0.060703125 0.0603515625
0 0.45146484375 0.70228515625 0.06302734375 0.06142578125
0 0.45076171875 0.7768359375 0.0624609375 0.0619921875
0 0.5140234375 0.73921875 0.06111328125 0.06103515625
0 0.51400390625 0.81298828125 0.061875 0.06251953125
0 0.451015625 0.8511328125 0.06298828125 0.06125
0 0.4503515625 0.92427734375 0.0608203125 0.0615234375
0 0.513359375 0.96181640625 0.0605859375 0.05904296875
0 0.57783203125 0.98419921875 0.06158203125 0.0316015625
0 0.5781640625 0.9244921875 0.061484375 0.06109375
0 0.514296875 0.8871484375 0.0624609375 0.06150390625
0 0.57783203125 0.85091796875 0.06166015625 0.06083984375
0 0.64119140625 0.96158203125 0.06048828125 0.05857421875
0 0.7055078125 0.984921875 0.06125 0.03015625
0 0.70576171875 0.92701171875 0.0598828125 0.0598828125
0 0.64123046875 0.888515625 0.06140625 0.0601171875
0 0.6419921875 0.81451171875 0.06208984375 0.0598046875
0 0.579296875 0.77796875 0.0629296875 0.06095703125
0 0.5783203125 0.7023828125 0.06099609375 0.06078125
0 0.64216796875 0.7410546875 0.062421875 0.06138671875
0 0.64259765625 0.66697265625 0.061640625 0.0625390625
0 0.57904296875 0.6294921875 0.0640625 0.06267578125
0 0.57904296875 0.55515625 0.0616015625 0.06166015625
0 0.58005859375 0.48134765625 0.06197265625 0.0617578125
0 0.57986328125 0.4084765625 0.062421875 0.0612109375
0 0.57919921875 0.33408203125 0.06107421875 0.0609375
0 0.580390625 0.26134765625 0.06099609375 0.0623046875
0 0.58033203125 0.1871484375 0.06169921875 0.062421875
0 0.58 0.113515625 0.061875 0.06201171875
0 0.58044921875 0.03908203125 0.06109375 0.0625
0 0.64431640625 0.0169140625 0.0642578125 0.033828125
0 0.6439453125 0.07650390625 0.0626953125 0.06224609375
0 0.7078125 0.04087890625 0.0625390625 0.06359375
0 0.70771484375 0.11443359375 0.060703125 0.060546875
0 0.643984375 0.15060546875 0.06443359375 0.06275390625
0 0.64408203125 0.22390625 0.0637890625 0.06171875
0 0.70771484375 0.18736328125 0.06318359375 0.06298828125
0 0.7073828125 0.2611328125 0.06416015625 0.06189453125
0 0.64408203125 0.29728515625 0.0621484375 0.062265625
0 0.7078515625 0.334296875 0.06181640625 0.06048828125
0 0.64296875 0.3709375 0.0632421875 0.06287109375
0 0.707265625 0.408125 0.06146484375 0.0605078125
0 0.64384765625 0.4453515625 0.06416015625 0.06318359375
0 0.70728515625 0.4819921875 0.0623046875 0.05974609375
0 0.64216796875 0.518125 0.061640625 0.06021484375
0 0.70732421875 0.55625 0.06322265625 0.06140625
0 0.6430859375 0.59302734375 0.06263671875 0.06236328125
0 0.70619140625 0.6305859375 0.06095703125 0.06072265625
0 0.70564453125 0.70357421875 0.06232421875 0.06150390625
0 0.7060546875 0.7790625 0.05904296875 0.06068359375
0 0.76759765625 0.96318359375 0.06138671875 0.0601171875
0 0.8327734375 0.98552734375 0.06 0.02892578125
0 0.95900390625 0.98552734375 0.06083984375 0.02892578125
0 0.95798828125 0.92865234375 0.06294921875 0.06283203125
0 0.83271484375 0.927578125 0.06486328125 0.0615234375
0 0.76849609375 0.8882421875 0.06181640625 0.060390625
0 0.8326171875 0.853046875 0.06216796875 0.06177734375
0 0.7689453125 0.81498046875 0.06107421875 0.0615625
0 0.89587890625 0.8165234375 0.06083984375 0.06134765625
0 0.83357421875 0.7786328125 0.062421875 0.061484375
0 0.76875 0.7410546875 0.06150390625 0.06056640625
0 0.83294921875 0.7049609375 0.0612109375 0.0626171875
0 0.769453125 0.66806640625 0.06208984375 0.0598046875
0 0.8334765625 0.6309375 0.06017578125 0.06123046875
0 0.7698828125 0.5940625 0.06294921875 0.06111328125
0 0.77041015625 0.4446875 0.0615234375 0.059375
0 0.833671875 0.48359375 0.06298828125 0.06060546875
0 0.7705078125 0.3719140625 0.06169921875 0.060703125
0 0.77078125 0.2987109375 0.0630859375 0.061953125
0 0.770703125 0.224765625 0.062109375 0.0609375
0 0.7712109375 0.152265625 0.06228515625 0.06115234375
0 0.77115234375 0.078203125 0.06302734375 0.063203125
0 0.7712109375 0.0171484375 0.06478515625 0.034296875
0 0.8346484375 0.04162109375 0.0616796875 0.06060546875
0 0.89744140625 0.07947265625 0.06146484375 0.06158203125
0 0.834375 0.11494140625 0.063203125 0.06240234375
0 0.89734375 0.15287109375 0.06373046875 0.06080078125
0 0.834765625 0.18916015625 0.0631640625 0.0606640625
0 0.8340625 0.26361328125 0.06259765625 0.06107421875
0 0.8343359375 0.41076171875 0.063125 0.0616796875
0 0.8982421875 0.44849609375 0.06140625 0.05873046875
0 0.8972265625 0.5215234375 0.061875 0.06208984375
0 0.895859375 0.5943359375 0.0640625 0.060859375
0 0.895546875 0.66865234375 0.06265625 0.0593359375
0 0.89625 0.74314453125 0.06322265625 0.06146484375
0 0.89755859375 0.37306640625 0.0641796875 0.06134765625
0 0.83447265625 0.3360546875 0.06259765625 0.0623828125
0 0.89853515625 0.30001953125 0.06283203125 0.06212890625
0 0.897890625 0.22607421875 0.06154296875 0.05943359375