1 0.0146484375 0.01953125 0.029296875 0.0362890625
0 0.0146484375 0.096953125 0.029296875 0.087890625
0 0.0160546875 0.1994921875 0.0320703125 0.0837109375
0 0.0132421875 0.2978515625 0.0265234375 0.0906640625
0 0.0125390625 0.392734375 0.0251171875 0.07671875
0 0.0139453125 0.496640625 0.027890625 0.089296875
0 0.0125390625 0.594296875 0.0251171875 0.0837109375
0 0.0153515625 0.703828125 0.030703125 0.0851171875
0 0.0132421875 0.8056640625 0.0265234375 0.07671875
0 0.0139453125 0.89703125 0.027890625 0.086484375
0 0.011171875 0.980625 0.0223046875 0.0387890625
0 0.076015625 0.0425390625 0.087890625 0.0851171875
0 0.0830078125 0.14859375 0.087890625 0.07953125
0 0.077421875 0.2476171875 0.07671875 0.07953125
0 0.0746484375 0.35015625 0.0851171875 0.086484375
0 0.0753515625 0.4526953125 0.0837109375 0.0823046875
0 0.0725390625 0.5496484375 0.0753515625 0.086484375
0 0.0725390625 0.6577734375 0.078125 0.07953125
0 0.06625 0.75125 0.07953125 0.0823046875
0 0.069765625 0.858671875 0.0837109375 0.07671875
0 0.0718359375 0.9562109375 0.0934765625 0.0876171875
0 0.1597265625 0.0167578125 0.0739453125 0.0334765625
0 0.1625390625 0.0948828125 0.0823046875 0.078125
0 0.1653125 0.2023046875 0.07953125 0.0837109375
0 0.1611328125 0.2999609375 0.0851171875 0.0808984375
0 0.15625 0.4045703125 0.0753515625 0.086484375
0 0.1618359375 0.50640625 0.086484375 0.0808984375
0 0.15765625 0.6026953125 0.078125 0.0920703125
0 0.1597265625 0.705234375 0.07953125 0.0823046875
0 0.1611328125 0.80078125 0.0906640625 0.078125
0 0.156953125 0.909609375 0.087890625 0.0808984375
0 0.1625390625 0.9833984375 0.0934765625 0.033203125
0 0.2511328125 0.04671875 0.089296875 0.07671875
0 0.2497265625 0.1513671875 0.086484375 0.087890625
0 0.2469140625 0.244140625 0.0808984375 0.078125
0 0.2483203125 0.3473828125 0.0837109375 0.086484375
0 0.2504296875 0.4548046875 0.0851171875 0.078125
0 0.2504296875 0.5517578125 0.087890625 0.07671875
0 0.2469140625 0.6508203125 0.0948828125 0.0711328125
0 0.251796875 0.7540625 0.0851171875 0.07953125
0 0.24484375 0.85796875 0.0934765625 0.0837109375
0 0.2434375 0.9542578125 0.087890625 0.0753515625
0 0.3334375 0.020234375 0.0725390625 0.04046875
0 0.3445703125 0.098359375 0.0837109375 0.07671875
0 0.3362109375 0.1953125 0.0837109375 0.086484375
0 0.3369140625 0.304140625 0.0851171875 0.0837109375
0 0.3334375 0.4031640625 0.069765625 0.078125
1 0.3396875 0.5022265625 0.0906640625 0.0920703125
0 0.3376171875 0.6012890625 0.078125 0.0725390625
0 0.334140625 0.7094140625 0.0739453125 0.07953125
0 0.3334375 0.8049609375 0.086484375 0.0837109375
0 0.3362109375 0.9137890625 0.089296875 0.078125
0 0.33203125 0.9833984375 0.086484375 0.033203125
0 0.428984375 0.057890625 0.087890625 0.0739453125
0 0.4255078125 0.1534765625 0.0808984375 0.078125
0 0.4262109375 0.2497265625 0.07953125 0.069765625
0 0.421328125 0.353671875 0.0837109375 0.07953125
0 0.427578125 0.4541015625 0.0851171875 0.07953125
1 0.420625 0.5538671875 0.087890625 0.0808984375
0 0.4226953125 0.6591796875 0.078125 0.087890625
1 0.421328125 0.7540625 0.089296875 0.07953125
1 0.418515625 0.8566015625 0.086484375 0.0808984375
1 0.4226953125 0.9521484375 0.086484375 0.0851171875
0 0.5119921875 0.020234375 0.0753515625 0.03765625
0 0.509921875 0.09625 0.07953125 0.0753515625
0 0.5078125 0.19671875 0.0837109375 0.0837109375
0 0.509921875 0.30203125 0.0851171875 0.07953125
0 0.50921875 0.401796875 0.0837109375 0.078125
0 0.5105859375 0.507109375 0.0808984375 0.0851171875
0 0.5119921875 0.6096484375 0.089296875 0.078125
0 0.507109375 0.711484375 0.0851171875 0.0920703125
0 0.5133984375 0.809140625 0.078125 0.078125
0 0.5078125 0.908203125 0.0920703125 0.086484375
0 0.509921875 0.9841015625 0.07953125 0.031796875
1 0.6005859375 0.0558203125 0.0851171875 0.078125
0 0.6005859375 0.1520703125 0.0906640625 0.0753515625
1 0.597109375 0.251796875 0.0808984375 0.0739453125
0 0.595 0.3564453125 0.07671875 0.0711328125
0 0.595703125 0.4526953125 0.0808984375 0.0823046875
1 0.595 0.5559375 0.07953125 0.07953125
0 0.5929296875 0.661953125 0.078125 0.0851171875
1 0.5984765625 0.763125 0.0808984375 0.078125
0 0.5915234375 0.861484375 0.0837109375 0.0823046875
0 0.595703125 0.957734375 0.0837109375 0.07671875
0 0.6898828125 0.0223046875 0.07953125 0.0418359375
0 0.6898828125 0.1018359375 0.07671875 0.0753515625
0 0.6877734375 0.300625 0.078125 0.07671875
0 0.6801171875 0.2016015625 0.07953125 0.0934765625
0 0.6863671875 0.4073828125 0.0808984375 0.0837109375
0 0.682890625 0.5043359375 0.07953125 0.07953125
0 0.685 0.60546875 0.0837109375 0.0753515625
0 0.6821875 0.712890625 0.0837109375 0.0837109375
0 0.6780078125 0.810546875 0.086484375 0.0808984375
0 0.681484375 0.9123828125 0.087890625 0.089296875
0 0.6773046875 0.9833984375 0.0739453125 0.033203125
0 0.77078125 0.0544140625 0.0823046875 0.086484375
1 0.77359375 0.155546875 0.07953125 0.0851171875
0 0.769375 0.251796875 0.087890625 0.07953125
0 0.769375 0.353671875 0.0851171875 0.087890625
0 0.7680078125 0.4519921875 0.087890625 0.0837109375
0 0.769375 0.556640625 0.0823046875 0.0837109375
0 0.77078125 0.6612890625 0.0906640625 0.089296875
0 0.770078125 0.7651953125 0.086484375 0.0823046875
0 0.7680078125 0.8649609375 0.0851171875 0.0808984375
0 0.7687109375 0.958984375 0.0808984375 0.08203125
0 0.85796875 0.0251171875 0.0725390625 0.050234375
0 0.8621484375 0.1108984375 0.086484375 0.07953125
0 0.860078125 0.205078125 0.07953125 0.0837109375
0 0.86078125 0.3034375 0.0808984375 0.07953125
0 0.8566015625 0.4059765625 0.078125 0.086484375
0 0.858671875 0.5078125 0.07953125 0.089296875
0 0.860078125 0.61453125 0.0823046875 0.0823046875
0 0.859375 0.7073046875 0.0753515625 0.078125
0 0.8558984375 0.8154296875 0.0823046875 0.0906640625
0 0.8523828125 0.9123828125 0.089296875 0.078125
0 0.857265625 0.9819921875 0.087890625 0.0359765625
0 0.945859375 0.0558203125 0.0837109375 0.089296875
0 0.94515625 0.154140625 0.0823046875 0.0823046875
0 0.94796875 0.2511328125 0.07671875 0.0808984375
0 0.94796875 0.36203125 0.0823046875 0.07953125
0 0.945859375 0.4596875 0.086484375 0.087890625
0 0.9402734375 0.55734375 0.0837109375 0.0823046875
0 0.9423828125 0.6570703125 0.087890625 0.089296875
0 0.94515625 0.7644921875 0.0823046875 0.0808984375
0 0.9444921875 0.8663671875 0.086484375 0.089296875
0 0.9514453125 0.9596875 0.0920703125 0.080625