0 0.063125 0.0622265625 0.041484375 0.04208984375
0 0.019609375 0.13736328125 0.03921875 0.04107421875
1 0.23765625 0.016953125 0.0450390625 0.03390625
1 0.1490625 0.1637890625 0.04349609375 0.04365234375
1 0.148671875 0.31572265625 0.043828125 0.041796875
1 0.23673828125 0.26486328125 0.04232421875 0.04080078125
1 0.10412109375 0.39083984375 0.043203125 0.04134765625
1 0.0191796875 0.49109375 0.038359375 0.04224609375
1 0.2351171875 0.569140625 0.04306640625 0.04205078125
1 0.058828125 0.8195703125 0.04384765625 0.042265625
1 0.4089453125 0.82328125 0.0421484375 0.041171875
1 0.05904296875 0.9192578125 0.04328125 0.04173828125
1 0.8466796875 0.8766796875 0.04498046875 0.0439453125
1 0.6712109375 0.9765234375 0.04244140625 0.04166015625
0 0.670859375 0.9254296875 0.04171875 0.04126953125
1 0.84625 0.77607421875 0.0446875 0.0426171875
0 0.54146484375 0.74787109375 0.04275390625 0.04150390625
0 0.97994140625 0.598984375 0.0401171875 0.0415234375
1 0.97873046875 0.548984375 0.0425390625 0.0426953125
0 0.9789453125 0.7005078125 0.042109375 0.04330078125
1 0.36708984375 0.4446484375 0.04416015625 0.04259765625
1 0.67439453125 0.47056640625 0.0446875 0.04158203125
0 0.54232421875 0.4952734375 0.04080078125 0.04234375
0 0.937109375 0.370625 0.04205078125 0.04091796875
0 0.98150390625 0.042578125 0.0369921875 0.04126953125
1 0.71908203125 0.09171875 0.04330078125 0.0432421875
1 0.6759765625 0.0658984375 0.04251953125 0.04140625
0 0.0187890625 0.987109375 0.03759765625 0.02580078125
0 0.103046875 0.98666015625 0.0431640625 0.0266796875
0 0.18939453125 0.98798828125 0.04359375 0.02404296875
0 0.01880859375 0.894375 0.03763671875 0.04208984375
0 0.0180078125 0.8441796875 0.036015625 0.04130859375
0 0.01794921875 0.944765625 0.0358984375 0.04140625
0 0.05904296875 0.969140625 0.04150390625 0.0411328125
0 0.1461328125 0.971015625 0.04146484375 0.0406640625
0 0.27658203125 0.9886328125 0.042421875 0.02271484375
0 0.1023828125 0.945390625 0.042421875 0.04130859375
0 0.10330078125 0.8956640625 0.041875 0.04154296875
0 0.059140625 0.8701171875 0.04142578125 0.04123046875
0 0.10275390625 0.8440234375 0.03876953125 0.0406640625
0 0.0183984375 0.79404296875 0.03677734375 0.04046875
1 0.146953125 0.87064453125 0.04302734375 0.0405859375
0 0.146484375 0.82095703125 0.04212890625 0.0423828125
0 0.01880859375 0.7431640625 0.0376171875 0.04298828125
0 0.10357421875 0.79388671875 0.04216796875 0.0413671875
0 0.2769921875 0.796328125 0.04216796875 0.0424609375
0 0.0184765625 0.69298828125 0.036953125 0.041640625
0 0.0597265625 0.76859375 0.04205078125 0.04109375
0 0.103125 0.74458984375 0.0416796875 0.04126953125
0 0.01890625 0.64224609375 0.0378125 0.04029296875
0 0.0184765625 0.5921875 0.03693359375 0.04056640625
0 0.0596875 0.7180859375 0.041640625 0.04013671875
1 0.14732421875 0.66966796875 0.04404296875 0.042890625
1 0.191015625 0.59353515625 0.04447265625 0.04201171875
0 0.0603515625 0.61767578125 0.0417578125 0.04115234375
0 0.05994140625 0.668359375 0.04212890625 0.04115234375
0 0.0191015625 0.54220703125 0.038203125 0.0425390625
0 0.0192578125 0.44033203125 0.038515625 0.04099609375
0 0.0600390625 0.56763671875 0.0426171875 0.04248046875
0 0.06099609375 0.51712890625 0.0419140625 0.0420703125
0 0.0194921875 0.39078125 0.03896484375 0.0417578125
0 0.01984375 0.33890625 0.0396875 0.0424609375
0 0.0609375 0.4666796875 0.0417578125 0.0419140625
0 0.1041015625 0.4412890625 0.0419921875 0.04126953125
0 0.01931640625 0.2381640625 0.0386328125 0.0431640625
0 0.01982421875 0.28853515625 0.0396484375 0.040390625
0 0.14869140625 0.36591796875 0.04173828125 0.04232421875
0 0.0196484375 0.1879296875 0.03931640625 0.0423046875
0 0.06228515625 0.21380859375 0.0434765625 0.04310546875
0 0.0628125 0.163828125 0.04306640625 0.04083984375
0 0.06236328125 0.26419921875 0.0416015625 0.0418359375
0 0.02013671875 0.08677734375 0.04025390625 0.04203125
0 0.02005859375 0.03650390625 0.0401171875 0.04072265625
0 0.06263671875 0.11265625 0.04234375 0.03990234375
0 0.0628125 0.01658203125 0.04310546875 0.0331640625
0 0.10685546875 0.03630859375 0.04171875 0.03990234375
1 0.15125 0.01703125 0.0431640625 0.0340625
0 0.149375 0.1120703125 0.0449609375 0.04326171875
0 0.15107421875 0.06220703125 0.0423046875 0.04119140625
0 0.1934375 0.1384765625 0.04236328125 0.04177734375
1 0.32560546875 0.01724609375 0.043046875 0.0344921875
1 0.4143359375 0.01671875 0.04482421875 0.0334375
0 0.370859375 0.0381640625 0.0417578125 0.0409375
0 0.49974609375 0.0640625 0.04236328125 0.0414453125
0 0.193359375 0.18880859375 0.04216796875 0.04025390625
0 0.2817578125 0.138984375 0.04265625 0.04236328125
0 0.50013671875 0.11544921875 0.04193359375 0.0403515625
0 0.19275390625 0.2401171875 0.04166015625 0.04115234375
0 0.1924609375 0.2899609375 0.04138671875 0.0398828125
0 0.1060546875 0.23927734375 0.04087890625 0.04072265625
0 0.10482421875 0.289453125 0.04212890625 0.03986328125
0 0.06181640625 0.31443359375 0.041328125 0.0416015625
0 0.19271484375 0.34048828125 0.0416015625 0.0440234375
0 0.191796875 0.3912109375 0.041875 0.04099609375
1 0.14861328125 0.41634765625 0.04310546875 0.042578125
0 0.14822265625 0.466875 0.041796875 0.04099609375
0 0.103828125 0.4917578125 0.04107421875 0.04029296875
0 0.2790234375 0.54392578125 0.04220703125 0.04076171875
1 0.19197265625 0.4421875 0.04220703125 0.041484375
0 0.32326171875 0.46888671875 0.04091796875 0.0403125
1 0.27830078125 0.59501953125 0.04330078125 0.04224609375
1 0.1908984375 0.64443359375 0.04359375 0.0430859375
1 0.14759765625 0.7698828125 0.04326171875 0.043203125
1 0.3215234375 0.671640625 0.0433203125 0.0425390625
0 0.3215234375 0.77123046875 0.0427734375 0.04091796875
1 0.32169921875 0.82220703125 0.0440234375 0.04359375
1 0.2778125 0.84650390625 0.04248046875 0.0433984375
1 0.23369140625 0.97228515625 0.0434765625 0.04376953125
0 0.36501953125 0.9890625 0.043515625 0.021875
0 0.365078125 0.94775390625 0.04146484375 0.04044921875
0 0.49564453125 0.97478515625 0.04123046875 0.04111328125
0 0.36505859375 0.84744140625 0.04095703125 0.04115234375
0 0.4519921875 0.989296875 0.0445703125 0.02140625
0 0.40896484375 0.87310546875 0.0425390625 0.04197265625
0 0.53978515625 0.98943359375 0.0410546875 0.02115234375
0 0.62748046875 0.99009765625 0.04427734375 0.0198046875
0 0.58359375 0.975390625 0.04208984375 0.04037109375
0 0.53984375 0.94958984375 0.04228515625 0.04046875
0 0.49654296875 0.92431640625 0.04205078125 0.04119140625
0 0.4515234375 0.84826171875 0.0409765625 0.04064453125
0 0.58361328125 0.92494140625 0.041171875 0.0418359375
1 0.62705078125 0.95015625 0.0444140625 0.04201171875
0 0.67150390625 0.87525390625 0.04068359375 0.03939453125
0 0.7149609375 0.95119140625 0.04138671875 0.041796875
0 0.53990234375 0.8991015625 0.040703125 0.0415625
0 0.5831640625 0.87509765625 0.0416015625 0.04130859375
1 0.671484375 0.8262109375 0.0428125 0.0427734375
0 0.4526171875 0.8988671875 0.04212890625 0.041953125
0 0.3652734375 0.797890625 0.04275390625 0.04296875
0 0.4957421875 0.8737890625 0.04140625 0.04220703125
0 0.45310546875 0.797421875 0.0426171875 0.0415234375
0 0.5398828125 0.79810546875 0.0410546875 0.04314453125
0 0.6277734375 0.7974609375 0.04158203125 0.0421875
0 0.40947265625 0.772578125 0.0421875 0.04232421875
0 0.36537109375 0.74671875 0.04294921875 0.04138671875
0 0.4966796875 0.7219140625 0.04255859375 0.0424609375
1 0.40908203125 0.67154296875 0.0453125 0.04197265625
0 0.32189453125 0.720546875 0.04197265625 0.04173828125
0 0.49677734375 0.67205078125 0.042109375 0.04267578125
0 0.54078125 0.69751953125 0.0408984375 0.042578125
0 0.32291015625 0.569140625 0.04056640625 0.0410546875
0 0.321953125 0.62046875 0.04185546875 0.042578125
0 0.45361328125 0.54388671875 0.04265625 0.04056640625
0 0.323515625 0.51919921875 0.04138671875 0.04185546875
0 0.540703125 0.64669921875 0.04103515625 0.04166015625
0 0.58484375 0.57169921875 0.04154296875 0.040703125
0 0.49765625 0.51951171875 0.04205078125 0.04251953125
0 0.45380859375 0.493828125 0.0417578125 0.0425390625
0 0.3234765625 0.4183984375 0.043046875 0.04197265625
0 0.49818359375 0.4699609375 0.04216796875 0.0427734375
0 0.411015625 0.4188671875 0.04265625 0.04154296875
1 0.3674609375 0.3926953125 0.04388671875 0.04345703125
0 0.54263671875 0.29203125 0.04171875 0.04255859375
0 0.4983984375 0.36857421875 0.0432421875 0.0425390625
0 0.54166015625 0.44400390625 0.04052734375 0.0419140625
0 0.58580078125 0.3682421875 0.041640625 0.04267578125
0 0.5431640625 0.241875 0.0425 0.0415625
0 0.54353515625 0.1908984375 0.04140625 0.04080078125
0 0.23609375 0.3158203125 0.0419140625 0.0421875
0 0.5877734375 0.267734375 0.04126953125 0.04138671875
1 0.4990625 0.26666015625 0.043984375 0.04287109375
0 0.5441015625 0.09013671875 0.04091796875 0.0418359375
0 0.4558203125 0.19046875 0.04119140625 0.04259765625
0 0.6312109375 0.09015625 0.0418359375 0.0414453125
0 0.63251953125 0.03939453125 0.04015625 0.0403125
0 0.587890625 0.115546875 0.0429296875 0.0421484375
0 0.45578125 0.08904296875 0.04291015625 0.0415625
0 0.456875 0.03970703125 0.042265625 0.040390625
0 0.58875 0.01763671875 0.0414453125 0.03529296875
0 0.50091796875 0.01689453125 0.040859375 0.0337890625
0 0.63150390625 0.14103515625 0.0405859375 0.04126953125
0 0.5878515625 0.06470703125 0.04330078125 0.040234375
0 0.5444921875 0.03984375 0.04275390625 0.0419921875
0 0.4998046875 0.16578125 0.04173828125 0.041484375
0 0.5444140625 0.14001953125 0.04130859375 0.04189453125
1 0.586484375 0.2170703125 0.04337890625 0.04044921875
0 0.632109375 0.19134765625 0.04189453125 0.0408984375
0 0.63091796875 0.24212890625 0.04369140625 0.04130859375
0 0.586796875 0.31921875 0.04017578125 0.04234375
0 0.585703125 0.41984375 0.04173828125 0.04099609375
0 0.58572265625 0.47013671875 0.04173828125 0.041015625
0 0.62908203125 0.54560546875 0.04181640625 0.04169921875
1 0.629453125 0.59669921875 0.04234375 0.0408203125
0 0.58435546875 0.67166015625 0.04142578125 0.04236328125
0 0.62919921875 0.697890625 0.03982421875 0.04353515625
0 0.80083984375 0.99080078125 0.0435546875 0.01837890625
0 0.93365234375 0.976875 0.0423828125 0.0394140625
0 0.97701171875 0.99107421875 0.040390625 0.01787109375
0 0.88916015625 0.95244140625 0.04171875 0.04265625
0 0.80291015625 0.95173828125 0.04173828125 0.04005859375
0 0.84505859375 0.976796875 0.041640625 0.04087890625
0 0.97748046875 0.952890625 0.0415234375 0.04263671875
0 0.88966796875 0.99033203125 0.040234375 0.0193359375
0 0.7142578125 0.9902734375 0.04052734375 0.01947265625
0 0.97677734375 0.90169921875 0.04197265625 0.0426171875
0 0.846796875 0.82515625 0.0426171875 0.04263671875
0 0.71556640625 0.8503515625 0.04197265625 0.04201171875
0 0.9781640625 0.85240234375 0.03994140625 0.04103515625
0 0.97853515625 0.80119140625 0.04291015625 0.0418359375
0 0.93470703125 0.82583984375 0.041015625 0.04099609375
0 0.93408203125 0.77578125 0.04220703125 0.04158203125
0 0.97845703125 0.7501171875 0.04154296875 0.04203125
0 0.9791015625 0.6501171875 0.041796875 0.04140625
0 0.89287109375 0.547890625 0.0422265625 0.040390625
0 0.98009765625 0.4978125 0.03978515625 0.04099609375
0 0.97994140625 0.4483203125 0.04009765625 0.0424609375
0 0.98072265625 0.39701171875 0.0385546875 0.04166015625
0 0.98013671875 0.34642578125 0.03974609375 0.04150390625
0 0.98072265625 0.24587890625 0.03853515625 0.0437890625
0 0.9808203125 0.19486328125 0.03833984375 0.04166015625
0 0.9809375 0.14408203125 0.038125 0.04236328125
0 0.9395703125 0.018515625 0.04048828125 0.03701171875
0 0.8530078125 0.018125 0.0455078125 0.03625
0 0.983203125 0.00580078125 0.03361328125 0.0116015625
0 0.9388671875 0.06693359375 0.04220703125 0.04099609375
1 0.80732421875 0.092734375 0.0408203125 0.0424609375
0 0.85138671875 0.1172265625 0.03904296875 0.040859375
0 0.93869140625 0.16904296875 0.04123046875 0.0423828125
1 0.8505859375 0.1683984375 0.04119140625 0.04017578125
0 0.93759765625 0.21884765625 0.0415234375 0.0416796875
0 0.85013671875 0.21876953125 0.0409765625 0.03986328125
1 0.93802734375 0.26986328125 0.0423828125 0.0423828125
1 0.8506640625 0.27 0.04265625 0.041796875
0 0.849453125 0.370546875 0.040859375 0.04140625
0 0.93650390625 0.4212890625 0.0425390625 0.04265625
0 0.89291015625 0.4464453125 0.04095703125 0.041875
0 0.93642578125 0.47251953125 0.04298828125 0.0428125
0 0.892578125 0.49783203125 0.041640625 0.04169921875
0 0.8476953125 0.573359375 0.04232421875 0.0414453125
0 0.93556640625 0.623828125 0.04126953125 0.0430859375
0 0.84681640625 0.7254296875 0.041328125 0.04162109375
0 0.672109375 0.7234375 0.04134765625 0.04267578125
0 0.80302734375 0.74884765625 0.03873046875 0.04130859375
1 0.71626953125 0.6985546875 0.04119140625 0.0431640625
0 0.67294921875 0.6217578125 0.0422265625 0.03955078125
0 0.80314453125 0.6993359375 0.0421875 0.04072265625
0 0.7162109375 0.64794921875 0.0398046875 0.04083984375
0 0.803515625 0.6485546875 0.0417578125 0.0414453125
0 0.6723046875 0.57203125 0.04177734375 0.04080078125
0 0.67365234375 0.52169921875 0.0408984375 0.04150390625
0 0.71732421875 0.54619140625 0.0410546875 0.0408984375
0 0.7615234375 0.5216796875 0.0403515625 0.04150390625
0 0.71765625 0.4955078125 0.04181640625 0.0415234375
1 0.84900390625 0.47263671875 0.0438671875 0.04193359375
0 0.7180078125 0.44513671875 0.0436328125 0.04154296875
0 0.805703125 0.39580078125 0.041640625 0.04095703125
0 0.6734765625 0.42009765625 0.040234375 0.04212890625
0 0.71875 0.3948046875 0.04083984375 0.04185546875
0 0.67474609375 0.37 0.0414453125 0.042265625
0 0.6742578125 0.26841796875 0.043046875 0.0405078125
1 0.7623046875 0.32013671875 0.04296875 0.042890625
1 0.80541015625 0.34541015625 0.04224609375 0.04208984375
0 0.8064453125 0.2439453125 0.041328125 0.04134765625
0 0.76333984375 0.21759765625 0.041796875 0.0408984375
0 0.8073046875 0.19271484375 0.04115234375 0.041640625
0 0.67556640625 0.217890625 0.041328125 0.04330078125
1 0.76314453125 0.1675390625 0.0427734375 0.0433203125
0 0.67595703125 0.16732421875 0.04205078125 0.0411328125
0 0.8069921875 0.1428515625 0.04185546875 0.042421875
1 0.71912109375 0.14166015625 0.04142578125 0.0423828125
0 0.587734375 0.1665625 0.0419921875 0.0438671875
0 0.67533203125 0.116875 0.04091796875 0.042421875
0 0.6766796875 0.018046875 0.04220703125 0.03607421875
0 0.14689453125 0.92123046875 0.0411328125 0.0427734375
0 0.233828125 0.92146484375 0.04193359375 0.0408984375
0 0.1903125 0.94654296875 0.04140625 0.04158203125
0 0.2766015625 0.94759765625 0.042578125 0.04275390625
0 0.190546875 0.89564453125 0.04189453125 0.04220703125
0 0.32103515625 0.97240234375 0.04033203125 0.03974609375
0 0.32041015625 0.92205078125 0.04203125 0.0420703125
0 0.27712890625 0.89671875 0.0419921875 0.0414453125
0 0.23365234375 0.8719140625 0.04275390625 0.04068359375
0 0.18958984375 0.8466015625 0.04236328125 0.0418359375
0 0.2341015625 0.8209765625 0.041875 0.041796875
0 0.189921875 0.79642578125 0.04123046875 0.04099609375
0 0.19013671875 0.74509765625 0.04224609375 0.0408984375
0 0.1464453125 0.72 0.04201171875 0.0412109375
0 0.10333984375 0.6941796875 0.0411328125 0.041953125
0 0.19095703125 0.694296875 0.0415234375 0.0421875
0 0.23447265625 0.72037109375 0.04205078125 0.04134765625
0 0.23357421875 0.77130859375 0.0419921875 0.04078125
0 0.2775390625 0.745703125 0.041640625 0.04255859375
0 0.278046875 0.694921875 0.04205078125 0.0428515625
0 0.2345703125 0.66978515625 0.0428125 0.0412890625
0 0.2779296875 0.64462890625 0.04181640625 0.04171875
0 0.23470703125 0.6188671875 0.04251953125 0.0414453125
0 0.103046875 0.64396484375 0.04171875 0.0420703125
0 0.14728515625 0.61853515625 0.04130859375 0.0425390625
0 0.10328125 0.59294921875 0.0421875 0.04138671875
0 0.1037109375 0.542578125 0.04130859375 0.03953125
0 0.1479296875 0.5678125 0.04142578125 0.0417578125
0 0.14751953125 0.5176171875 0.04177734375 0.0414453125
0 0.19189453125 0.54310546875 0.0410546875 0.04177734375
0 0.1925390625 0.49302734375 0.041171875 0.04111328125
0 0.2351953125 0.5178125 0.04111328125 0.0400390625
0 0.279296875 0.4935546875 0.04044921875 0.04099609375
0 0.23515625 0.468671875 0.041640625 0.04126953125
0 0.27953125 0.44275390625 0.0409375 0.04181640625
0 0.23580078125 0.4179296875 0.0417578125 0.0416015625
0 0.0615625 0.36544921875 0.0405859375 0.0423828125
0 0.10509765625 0.33994140625 0.04111328125 0.041640625
0 0.0603515625 0.41529296875 0.0411328125 0.0410546875
0 0.235546875 0.3662109375 0.0418359375 0.04236328125
0 0.28001953125 0.392421875 0.04189453125 0.04123046875
0 0.32369140625 0.36693359375 0.039765625 0.0408984375
0 0.2794921875 0.34166015625 0.04201171875 0.0415625
0 0.28001953125 0.29037109375 0.04189453125 0.04197265625
0 0.3231640625 0.31626953125 0.0398828125 0.039609375
0 0.367109375 0.34291015625 0.04240234375 0.03994140625
0 0.41201171875 0.3176171875 0.0415625 0.0387890625
0 0.15001953125 0.21423828125 0.04138671875 0.04017578125
0 0.1503125 0.2647265625 0.0408984375 0.03955078125
0 0.28103515625 0.24060546875 0.0398046875 0.0401953125
0 0.2368359375 0.2138671875 0.04205078125 0.0414453125
0 0.28126953125 0.189453125 0.0402734375 0.04265625
0 0.10595703125 0.18857421875 0.04107421875 0.03970703125
0 0.23740234375 0.16400390625 0.04140625 0.041796875
0 0.23841796875 0.11349609375 0.04169921875 0.04201171875
0 0.194453125 0.08880859375 0.0420703125 0.0438671875
0 0.1071875 0.1384375 0.04236328125 0.04248046875
0 0.1066015625 0.08767578125 0.04119140625 0.04041015625
0 0.1941015625 0.03763671875 0.04134765625 0.04162109375
0 0.23787109375 0.06294921875 0.04330078125 0.0404296875
0 0.28201171875 0.03837890625 0.041171875 0.0425
1 0.28142578125 0.0884375 0.04234375 0.043125
0 0.320625 0.8723828125 0.0402734375 0.04244140625
0 0.36521484375 0.898046875 0.040625 0.03849609375
0 0.40861328125 0.92326171875 0.0412890625 0.04091796875
0 0.4073046875 0.97380859375 0.0401953125 0.0405078125
0 0.4520703125 0.94947265625 0.041015625 0.03970703125
0 0.4965625 0.823203125 0.04166015625 0.03896484375
0 0.54056640625 0.84998046875 0.04017578125 0.0412109375
0 0.49685546875 0.77373046875 0.041796875 0.0398828125
0 0.45259765625 0.74849609375 0.04158203125 0.04119140625
0 0.40943359375 0.7217578125 0.04212890625 0.04134765625
0 0.3659765625 0.6967578125 0.0421484375 0.0421875
0 0.4528125 0.6972265625 0.0415234375 0.04126953125
0 0.36611328125 0.6458984375 0.04150390625 0.0421875
0 0.4538671875 0.64654296875 0.04087890625 0.04162109375
0 0.409609375 0.620859375 0.0425 0.04126953125
0 0.36580078125 0.59484375 0.04177734375 0.040390625
0 0.41048828125 0.57125 0.041484375 0.04173828125
0 0.453515625 0.59583984375 0.04158203125 0.0409765625
0 0.36732421875 0.54453125 0.04205078125 0.04005859375
0 0.41017578125 0.5198828125 0.0417578125 0.0420703125
0 0.36638671875 0.49388671875 0.04205078125 0.041875
0 0.4104296875 0.46962890625 0.04162109375 0.04234375
0 0.45458984375 0.44486328125 0.04091796875 0.0404296875
0 0.4552734375 0.39373046875 0.0432421875 0.0403125
0 0.49861328125 0.41892578125 0.04162109375 0.04126953125
0 0.4113671875 0.36826171875 0.04232421875 0.04162109375
0 0.45515625 0.34310546875 0.0434765625 0.04169921875
0 0.4551953125 0.29259765625 0.0412109375 0.0409765625
0 0.4556640625 0.24185546875 0.04171875 0.0412109375
0 0.499140625 0.31779296875 0.0412890625 0.04009765625
0 0.4994921875 0.2167578125 0.0420703125 0.03955078125
0 0.45611328125 0.14056640625 0.043046875 0.0406640625
0 0.71984375 0.04095703125 0.0403125 0.04318359375
0 0.76380859375 0.0174609375 0.043046875 0.034921875
0 0.8080859375 0.040546875 0.03998046875 0.04076171875
0 0.7634765625 0.066015625 0.04240234375 0.041875
0 0.763359375 0.1165234375 0.04134765625 0.04240234375
0 0.8951171875 0.0417578125 0.04205078125 0.0415625
0 0.85138671875 0.06646484375 0.04142578125 0.0403515625
0 0.8949609375 0.0924609375 0.04173828125 0.04169921875
0 0.98064453125 0.09326171875 0.0387109375 0.04009765625
0 0.9391015625 0.11716796875 0.04083984375 0.04046875
0 0.89462890625 0.1432421875 0.04109375 0.040390625
0 0.89427734375 0.19302734375 0.041171875 0.04048828125
0 0.89458984375 0.243984375 0.04181640625 0.04015625
0 0.98103515625 0.29501953125 0.03791015625 0.0409765625
0 0.9375 0.319296875 0.04083984375 0.0412890625
0 0.893671875 0.29517578125 0.0423828125 0.04064453125
0 0.8067578125 0.29458984375 0.0407421875 0.03990234375
0 0.84998046875 0.31974609375 0.0418359375 0.040546875
0 0.89341796875 0.345703125 0.04087890625 0.03921875
0 0.8937109375 0.3960546875 0.039921875 0.040546875
0 0.9365234375 0.52216796875 0.04021484375 0.039296875
0 0.93607421875 0.5737890625 0.0403125 0.0401171875
0 0.8475 0.67455078125 0.0423828125 0.0413671875
0 0.89111328125 0.70001953125 0.0402734375 0.0405859375
0 0.93513671875 0.72572265625 0.0409765625 0.03978515625
0 0.891484375 0.75044921875 0.0415234375 0.040546875
0 0.8903125 0.801484375 0.04068359375 0.04171875
0 0.89029296875 0.85169921875 0.0411328125 0.04126953125
0 0.93416015625 0.87697265625 0.04052734375 0.04009765625
0 0.93375 0.92845703125 0.04171875 0.04115234375
0 0.890625 0.9020703125 0.03927734375 0.0401171875
0 0.84603515625 0.92716796875 0.04048828125 0.04009765625
0 0.75830078125 0.9774609375 0.04169921875 0.0402734375
0 0.75884765625 0.92703125 0.041796875 0.04033203125
0 0.714921875 0.90138671875 0.04146484375 0.04056640625
0 0.80275390625 0.90111328125 0.03982421875 0.0404296875
0 0.7591015625 0.8761328125 0.03998046875 0.04044921875
0 0.759453125 0.8253125 0.04146484375 0.041171875
0 0.80283203125 0.85146484375 0.04154296875 0.04037109375
0 0.7151953125 0.80044921875 0.04123046875 0.04146484375
0 0.80314453125 0.80068359375 0.04060546875 0.04037109375
0 0.75951171875 0.77482421875 0.04197265625 0.04056640625
0 0.715546875 0.7495703125 0.04115234375 0.04009765625
0 0.7592578125 0.7246484375 0.04185546875 0.040625
0 0.7594921875 0.67404296875 0.04107421875 0.0405859375
0 0.716640625 0.59791015625 0.04177734375 0.0406640625
0 0.76001953125 0.6237890625 0.04220703125 0.04044921875
0 0.7605078125 0.573359375 0.04279296875 0.041953125
0 0.8047265625 0.5475390625 0.04181640625 0.03953125
0 0.80421875 0.59869140625 0.04158203125 0.04029296875
0 0.84830078125 0.62416015625 0.0418359375 0.04001953125
0 0.8484375 0.52275390625 0.0409375 0.0399609375
0 0.80537109375 0.4975390625 0.04115234375 0.04134765625
0 0.76154296875 0.47146484375 0.04291015625 0.0416796875
0 0.80482421875 0.44654296875 0.04162109375 0.03990234375
0 0.7616796875 0.4209375 0.04201171875 0.04021484375
0 0.84923828125 0.42154296875 0.0421484375 0.04025390625
0 0.76291015625 0.37103515625 0.04173828125 0.04001953125
0 0.718828125 0.34490234375 0.04146484375 0.03853515625
0 0.71822265625 0.29404296875 0.04142578125 0.04150390625
0 0.7624609375 0.26943359375 0.04044921875 0.0391796875
0 0.71849609375 0.2441015625 0.04119140625 0.04166015625
0 0.71859375 0.193359375 0.04255859375 0.04130859375
0 0.6303515625 0.29302734375 0.04189453125 0.04166015625
0 0.67451171875 0.31876953125 0.04154296875 0.0423828125
0 0.63052734375 0.3440234375 0.042890625 0.04095703125
0 0.54236328125 0.34271484375 0.04240234375 0.04001953125
0 0.5424609375 0.39404296875 0.04041015625 0.0405078125
0 0.6298828125 0.39404296875 0.0410546875 0.0405078125
0 0.62990234375 0.4448046875 0.04279296875 0.04087890625
0 0.62923828125 0.4955859375 0.0414453125 0.0415234375
0 0.5853125 0.520625 0.041796875 0.04138671875
0 0.67255859375 0.67251953125 0.04099609375 0.04037109375
0 0.628515625 0.64765625 0.04111328125 0.0414453125
0 0.5850390625 0.621796875 0.04234375 0.04052734375
0 0.541875 0.546015625 0.04251953125 0.04103515625
0 0.49767578125 0.5712109375 0.04130859375 0.04125
0 0.54166015625 0.5969921875 0.04060546875 0.04115234375
0 0.497578125 0.6214453125 0.04111328125 0.04134765625
0 0.5846484375 0.72265625 0.0403515625 0.04009765625
0 0.6279296875 0.7481640625 0.04068359375 0.04046875
0 0.671953125 0.77419921875 0.0415234375 0.03943359375
0 0.58458984375 0.77359375 0.0416796875 0.04064453125
0 0.58400390625 0.82474609375 0.0405078125 0.04013671875
0 0.62771484375 0.8498046875 0.0407421875 0.0410546875
0 0.62728515625 0.90025390625 0.04083984375 0.04111328125
0 0.89181640625 0.59775390625 0.043125 0.04275390625
0 0.89224609375 0.6487890625 0.0410546875 0.0405859375
0 0.9352734375 0.67435546875 0.04134765625 0.0414453125