0 0.04806640625 0.0247265625 0.0675390625 0.049453125
0 0.1873046875 0.02515625 0.0683984375 0.05029296875
0 0.04486328125 0.09923828125 0.06779296875 0.0676953125
0 0.2567578125 0.1403125 0.0698828125 0.0669921875
0 0.39734375 0.3033984375 0.0697265625 0.066875
0 0.25669921875 0.38587890625 0.067578125 0.06931640625
0 0.39728515625 0.38435546875 0.07068359375 0.0688671875
0 0.46703125 0.4259765625 0.066640625 0.06685546875
1 0.0428515625 0.6667578125 0.0676171875 0.06888671875
0 0.04271484375 0.8294921875 0.066875 0.0682421875
0 0.39439453125 0.87330078125 0.07015625 0.07134765625
0 0.46357421875 0.91416015625 0.06912109375 0.06814453125
0 0.5336328125 0.87212890625 0.07005859375 0.06921875
0 0.9584765625 0.8798046875 0.06927734375 0.06724609375
0 0.96109375 0.63361328125 0.06666015625 0.06595703125
0 0.8195703125 0.46982421875 0.06876953125 0.06958984375
0 0.82130859375 0.22462890625 0.0715625 0.068515625
0 0.11626953125 0.05783203125 0.068984375 0.06609375
0 0.045 0.17830078125 0.06771484375 0.0671484375
0 0.1144921875 0.13841796875 0.07283203125 0.07017578125
0 0.114921875 0.21744140625 0.0665625 0.06859375
0 0.04486328125 0.26103515625 0.06626953125 0.069140625
0 0.045078125 0.3407421875 0.0672265625 0.0676953125
0 0.11572265625 0.29982421875 0.06484375 0.0649609375
0 0.11431640625 0.38318359375 0.06888671875 0.065859375
0 0.04412109375 0.42185546875 0.06845703125 0.06939453125
0 0.0436328125 0.50375 0.0694140625 0.06765625
0 0.04318359375 0.584921875 0.06822265625 0.0687890625
0 0.04197265625 0.74982421875 0.0694140625 0.0665625
0 0.04080078125 0.9112109375 0.06951171875 0.06611328125
0 0.042421875 0.97826171875 0.0753515625 0.0434765625
0 0.11255859375 0.86919921875 0.068671875 0.068125
0 0.1144921875 0.78873046875 0.070078125 0.06587890625
0 0.1127734375 0.70982421875 0.0700390625 0.06708984375
0 0.1144921875 0.62767578125 0.07015625 0.067265625
0 0.1150390625 0.54560546875 0.06896484375 0.0705859375
0 0.115546875 0.46271484375 0.06638671875 0.0664453125
0 0.1878515625 0.0983984375 0.06876953125 0.0677734375
0 0.2576953125 0.0592578125 0.06802734375 0.06775390625
0 0.32890625 0.02572265625 0.07197265625 0.0514453125
0 0.328515625 0.09912109375 0.07044921875 0.069609375
0 0.32666015625 0.18087890625 0.0684375 0.06611328125
1 0.18548828125 0.17841796875 0.0708203125 0.0724609375
0 0.2590625 0.2219140625 0.0696875 0.07037109375
0 0.18703125 0.26212890625 0.06767578125 0.06810546875
0 0.256328125 0.3034765625 0.067890625 0.0707421875
0 0.18482421875 0.3441015625 0.0695703125 0.0686328125
1 0.1846875 0.4232421875 0.0680859375 0.06837890625
0 0.2540234375 0.46611328125 0.0669921875 0.07009765625
0 0.186328125 0.50595703125 0.06962890625 0.0686328125
1 0.25255859375 0.95228515625 0.070234375 0.0652734375
0 0.1812109375 0.9788671875 0.07390625 0.04224609375
0 0.39419921875 0.95287109375 0.06833984375 0.06794921875
0 0.32392578125 0.91509765625 0.066796875 0.07025390625
0 0.253125 0.8716796875 0.0678515625 0.0677734375
0 0.18216796875 0.90935546875 0.0676953125 0.06798828125
0 0.18376953125 0.74857421875 0.0672265625 0.06896484375
0 0.25455078125 0.791171875 0.06712890625 0.0683984375
0 0.182890625 0.668203125 0.06861328125 0.0676953125
0 0.254296875 0.70986328125 0.07095703125 0.0648828125
1 0.18244140625 0.5865234375 0.06880859375 0.0684765625
0 0.25431640625 0.6284765625 0.07046875 0.0671875
0 0.25427734375 0.54724609375 0.0670703125 0.06767578125
1 0.32884765625 0.2613671875 0.0700390625 0.07046875
0 0.32681640625 0.344140625 0.06484375 0.07091796875
1 0.3280859375 0.42552734375 0.0671875 0.07001953125
0 0.396171875 0.466796875 0.06916015625 0.06576171875
0 0.32314453125 0.50734375 0.0687109375 0.06759765625
1 0.39662109375 0.54826171875 0.0666015625 0.06869140625
0 0.325859375 0.58630859375 0.068125 0.06810546875
0 0.3244140625 0.67103515625 0.06810546875 0.07107421875
0 0.32458984375 0.7511328125 0.06796875 0.068046875
0 0.32197265625 0.8333984375 0.06921875 0.068671875
0 0.3940234375 0.79265625 0.06794921875 0.068125
0 0.533828125 0.9540234375 0.07072265625 0.063359375
0 0.46630859375 0.98099609375 0.069765625 0.03798828125
0 0.6048046875 0.9147265625 0.06791015625 0.07119140625
0 0.67712890625 0.95587890625 0.0614453125 0.0666796875
0 0.60578125 0.98125 0.0708984375 0.03751953125
0 0.74720703125 0.9822265625 0.07146484375 0.03556640625
0 0.95791015625 0.9591796875 0.07224609375 0.06134765625
1 0.888125 0.9179296875 0.06869140625 0.06876953125
0 0.8151171875 0.9562109375 0.0673046875 0.06359375
0 0.88783203125 0.9819921875 0.06923828125 0.036015625
0 0.9600390625 0.7958203125 0.07029296875 0.06677734375
0 0.888515625 0.8361328125 0.067109375 0.06390625
0 0.95869140625 0.71498046875 0.07095703125 0.06654296875
0 0.886484375 0.75162109375 0.06923828125 0.0689453125
0 0.9623046875 0.55255859375 0.06693359375 0.06505859375
1 0.96275390625 0.46990234375 0.0691015625 0.067265625
1 0.96193359375 0.38826171875 0.068203125 0.071171875
0 0.96310546875 0.3063671875 0.06560546875 0.065078125
0 0.96423828125 0.1453515625 0.06736328125 0.07021484375
0 0.96421875 0.0632421875 0.066875 0.07033203125
0 0.894296875 0.027734375 0.0730859375 0.05548828125
0 0.8940625 0.1026953125 0.06685546875 0.069609375
0 0.89203125 0.1835546875 0.0673046875 0.0671484375
1 0.9620703125 0.22419921875 0.0652734375 0.06544921875
0 0.68177734375 0.05998046875 0.073125 0.06267578125
0 0.53974609375 0.06033203125 0.06708984375 0.0672265625
0 0.46931640625 0.0258203125 0.06818359375 0.05162109375
0 0.39978515625 0.05986328125 0.06994140625 0.0690234375
0 0.39640625 0.1401171875 0.069609375 0.0672265625
0 0.4688671875 0.10046875 0.06912109375 0.070078125
0 0.75279296875 0.02701171875 0.068984375 0.05400390625
0 0.8198828125 0.551328125 0.06892578125 0.0674609375
0 0.75234375 0.1029296875 0.07046875 0.06958984375
0 0.82123046875 0.0619921875 0.06908203125 0.069609375
0 0.89224609375 0.2653515625 0.06927734375 0.0686328125
0 0.8919140625 0.42654296875 0.0668359375 0.06955078125
0 0.89154296875 0.50875 0.066484375 0.0673046875
0 0.89017578125 0.67314453125 0.068515625 0.0676171875
1 0.89046875 0.5909375 0.069609375 0.06783203125
0 0.81828125 0.71388671875 0.0648046875 0.067890625
0 0.3971875 0.222421875 0.06919921875 0.06708984375
0 0.46806640625 0.18193359375 0.068671875 0.06775390625
0 0.54021484375 0.1409765625 0.0712109375 0.06814453125
0 0.6121875 0.02560546875 0.07080078125 0.05123046875
1 0.8231640625 0.144453125 0.0683203125 0.0708203125
0 0.61013671875 0.1015625 0.06833984375 0.06826171875
0 0.53974609375 0.30234375 0.0715234375 0.0690625
0 0.46634765625 0.5075390625 0.06904296875 0.06708984375
0 0.46740234375 0.588984375 0.06990234375 0.06810546875
0 0.46689453125 0.670546875 0.06765625 0.0691796875
0 0.39673828125 0.62876953125 0.06767578125 0.07001953125
1 0.3937890625 0.7095703125 0.06830078125 0.0697265625
0 0.4646875 0.83404296875 0.0683203125 0.0681640625
0 0.46591796875 0.7504296875 0.06791015625 0.069375
0 0.53666015625 0.4661328125 0.068359375 0.0665625
1 0.46849609375 0.3452734375 0.06955078125 0.0669140625
1 0.46751953125 0.26203125 0.07251953125 0.07046875
1 0.5394140625 0.2232421875 0.06994140625 0.07056640625
1 0.610390625 0.1840234375 0.06861328125 0.06744140625
0 0.680625 0.14150390625 0.06921875 0.067578125
0 0.6784375 0.22302734375 0.07017578125 0.06916015625
0 0.752734375 0.18146484375 0.0686328125 0.0690234375
0 0.75154296875 0.26267578125 0.066875 0.06951171875
1 0.821875 0.3061328125 0.06892578125 0.06951171875
0 0.82126953125 0.38763671875 0.069609375 0.0678515625
1 0.75068359375 0.34603515625 0.07052734375 0.06802734375
0 0.68001953125 0.30515625 0.06890625 0.0685546875
0 0.60794921875 0.2631640625 0.06982421875 0.06880859375
0 0.53837890625 0.3863671875 0.06919921875 0.06931640625
0 0.6088671875 0.3443359375 0.06994140625 0.0698828125
0 0.6078515625 0.427265625 0.0689453125 0.07041015625
0 0.68017578125 0.38564453125 0.06591796875 0.0684765625
1 0.7495703125 0.42765625 0.0684765625 0.06779296875
0 0.67791015625 0.46876953125 0.067421875 0.06865234375
0 0.74685546875 0.5919140625 0.0681640625 0.0659375
0 0.5371875 0.54904296875 0.07037109375 0.06880859375
0 0.608046875 0.50796875 0.06814453125 0.0712109375
0 0.67853515625 0.54873046875 0.0675 0.066953125
0 0.6081640625 0.5898046875 0.06953125 0.06779296875
0 0.536796875 0.6301953125 0.0682421875 0.068984375
0 0.5366015625 0.713125 0.0687109375 0.06572265625
0 0.607421875 0.67068359375 0.06828125 0.06984375
0 0.60646484375 0.75279296875 0.0673828125 0.06693359375
1 0.5359765625 0.79240234375 0.07060546875 0.06841796875
0 0.67755859375 0.79341796875 0.06841796875 0.06708984375
0 0.60609375 0.83181640625 0.06857421875 0.0707421875
0 0.6777734375 0.87474609375 0.06708984375 0.0685546875
0 0.7461328125 0.9174609375 0.06904296875 0.0687109375
0 0.8151953125 0.8725390625 0.06884765625 0.0684765625
0 0.7457421875 0.83166015625 0.06845703125 0.06701171875
0 0.81796875 0.79384765625 0.06841796875 0.06564453125
0 0.6777734375 0.71076171875 0.0669921875 0.06767578125
0 0.747109375 0.75263671875 0.06876953125 0.064453125
0 0.6771875 0.6305078125 0.06986328125 0.06853515625
0 0.74810546875 0.6735546875 0.06685546875 0.06873046875
1 0.8175390625 0.6316015625 0.06966796875 0.0699609375
0 0.11189453125 0.95033203125 0.06763671875 0.066875
0 0.1826953125 0.8263671875 0.06791015625 0.06806640625
0 0.32330078125 0.98041015625 0.0715625 0.0391796875
0 0.89322265625 0.3471484375 0.06875 0.06966796875
0 0.750390625 0.50923828125 0.0686328125 0.06951171875