0 0.0359375 0.0437109375 0.071875 0.087421875
0 0.0358203125 0.1576953125 0.071640625 0.1058203125
1 0.0357421875 0.282578125 0.071484375 0.106796875
0 0.0338671875 0.401953125 0.067734375 0.09578125
0 0.033515625 0.52453125 0.06703125 0.0975
0 0.0323046875 0.6471484375 0.064609375 0.096171875
0 0.0315234375 0.768046875 0.063046875 0.09453125
0 0.0315234375 0.8912109375 0.063046875 0.0943359375
0 0.11875 0.9520703125 0.1031640625 0.0958984375
0 0.1213671875 0.8293359375 0.1005078125 0.10015625
0 0.1216796875 0.7087109375 0.1011328125 0.099140625
0 0.121640625 0.5861328125 0.101015625 0.0990234375
0 0.1217578125 0.464921875 0.0996875 0.0968359375
0 0.2271875 0.5256640625 0.09875 0.0998046875
1 0.22734375 0.6475390625 0.102265625 0.102890625
0 0.12359375 0.3423046875 0.1017578125 0.1013671875
0 0.22984375 0.4031640625 0.0993359375 0.098203125
0 0.186640625 0.1085546875 0.0994921875 0.10171875
0 0.2313671875 0.2823046875 0.097578125 0.099921875
1 0.12703125 0.1008984375 0.10390625 0.10375
1 0.52234375 0.26359375 0.103046875 0.1025
0 0.232421875 0.0434765625 0.1012890625 0.086953125
1 0.524296875 0.0371484375 0.100078125 0.074296875
1 0.9459375 0.0385546875 0.1079296875 0.077109375
1 0.6291015625 0.568359375 0.1034765625 0.10171875
0 0.5237890625 0.7507421875 0.1012109375 0.0989453125
1 0.1290234375 0.98140625 0.10140625 0.0371875
0 0.225703125 0.7678125 0.0978125 0.0979296875
0 0.225234375 0.89 0.099375 0.099609375
0 0.330234375 0.9508984375 0.097734375 0.095
0 0.3316015625 0.8311328125 0.1030859375 0.1006640625
0 0.4165234375 0.8088671875 0.0953515625 0.09734375
0 0.5397265625 0.951171875 0.0959765625 0.0976171875
0 0.5219140625 0.8727734375 0.0986328125 0.0965234375
0 0.4163671875 0.6889453125 0.0969140625 0.10109375
0 0.33109375 0.70796875 0.1020703125 0.09953125
0 0.33296875 0.5865625 0.0980859375 0.0993359375
0 0.4180859375 0.565 0.0978125 0.1012890625
0 0.334375 0.4655859375 0.0983203125 0.1000390625
0 0.5234765625 0.6273046875 0.0978125 0.0966796875
0 0.4169921875 0.443046875 0.0985546875 0.102421875
0 0.3345703125 0.3436328125 0.098671875 0.0996875
0 0.5243359375 0.3830859375 0.0970703125 0.0921875
0 0.3369140625 0.22203125 0.098671875 0.099609375
0 0.4174609375 0.320234375 0.09671875 0.097421875
0 0.418515625 0.2018359375 0.099453125 0.09609375
0 0.3376953125 0.099921875 0.1002734375 0.096796875
0 0.4184375 0.0771484375 0.0982421875 0.0870703125
0 0.6301171875 0.0826171875 0.097109375 0.0914453125
0 0.6308984375 0.2032421875 0.0948828125 0.095703125
0 0.5240234375 0.138671875 0.0986328125 0.0984765625
0 0.5209765625 0.505078125 0.0957421875 0.0956640625
0 0.628125 0.3234765625 0.097109375 0.0953515625
0 0.7334765625 0.507734375 0.095625 0.0946484375
1 0.62734375 0.4462109375 0.1009375 0.101484375
0 0.735 0.144375 0.0978125 0.0970703125
0 0.7346875 0.0360546875 0.100859375 0.072109375
0 0.9420703125 0.1444140625 0.0973828125 0.1015625
1 0.8381640625 0.0849609375 0.1000390625 0.0995703125
0 0.7348828125 0.26484375 0.094140625 0.094453125
0 0.9452734375 0.26609375 0.09859375 0.1034765625
0 0.945390625 0.3896875 0.1021875 0.102578125
0 0.8405859375 0.203671875 0.090078125 0.0949609375
0 0.733984375 0.3846484375 0.095546875 0.095234375
0 0.9437109375 0.50984375 0.1024609375 0.1034765625
0 0.841171875 0.3283203125 0.09609375 0.0987109375
0 0.8376953125 0.44859375 0.097109375 0.09625
0 0.734921875 0.62984375 0.099140625 0.0949609375
0 0.6252734375 0.689765625 0.0963671875 0.098125
0 0.628203125 0.8133984375 0.09734375 0.098046875
0 0.62828125 0.933359375 0.0980859375 0.0962109375
0 0.7315234375 0.9709765625 0.09921875 0.058046875
0 0.9442578125 0.9733203125 0.100859375 0.0533984375
0 0.83703125 0.9384765625 0.1010546875 0.099140625
0 0.7317578125 0.8723828125 0.0997265625 0.0970703125
1 0.943359375 0.8775 0.1055859375 0.108125
0 0.8387890625 0.811640625 0.098359375 0.0987890625
0 0.9425 0.7553125 0.1026171875 0.1034375
0 0.7336328125 0.7492578125 0.0989453125 0.0978515625
0 0.8410546875 0.690859375 0.0968359375 0.0998828125
0 0.9437109375 0.63359375 0.1006640625 0.099453125
1 0.8371875 0.570703125 0.0988671875 0.0984375